id,ward,precinct,total,Yes,Yes Percent,No,No Percent
0101,1,1,515,418,81.17,97,18.83
0102,1,2,475,390,82.11,85,17.89
0103,1,3,604,524,86.75,80,13.25
0104,1,4,581,504,86.75,77,13.25
0105,1,5,515,450,87.38,65,12.62
0106,1,6,444,381,85.81,63,14.19
0107,1,7,369,319,86.45,50,13.55
0108,1,8,433,367,84.76,66,15.24
0109,1,9,364,309,84.89,55,15.11
0110,1,10,625,535,85.6,90,14.4
0111,1,11,571,510,89.32,61,10.68
0112,1,12,612,513,83.82,99,16.18
0113,1,13,255,212,83.14,43,16.86
0114,1,14,459,393,85.62,66,14.38
0115,1,15,469,392,83.58,77,16.42
0116,1,16,554,465,83.94,89,16.06
0117,1,17,437,372,85.13,65,14.87
0118,1,18,503,419,83.3,84,16.7
0119,1,19,604,522,86.42,82,13.58
0120,1,20,406,351,86.45,55,13.55
0121,1,21,678,598,88.2,80,11.8
0122,1,22,341,283,82.99,58,17.01
0123,1,23,663,582,87.78,81,12.22
0124,1,24,466,365,78.33,101,21.67
0125,1,25,495,421,85.05,74,14.95
0126,1,26,345,266,77.1,79,22.9
0127,1,27,569,492,86.47,77,13.53
0128,1,28,173,132,76.3,41,23.7
0129,1,29,634,563,88.8,71,11.2
0130,1,30,573,473,82.55,100,17.45
0131,1,31,452,384,84.96,68,15.04
0132,1,32,479,398,83.09,81,16.91
0133,1,33,541,466,86.14,75,13.86
0134,1,34,417,368,88.25,49,11.75
0135,1,35,628,510,81.21,118,18.79
0136,1,36,594,526,88.55,68,11.45
0137,1,37,498,424,85.14,74,14.86
0138,1,38,491,417,84.93,74,15.07
0139,1,39,427,369,86.42,58,13.58
0140,1,40,441,375,85.03,66,14.97
0141,1,41,288,264,91.67,24,8.33
0142,1,42,177,141,79.66,36,20.34
0143,1,43,327,283,86.54,44,13.46
0144,1,44,461,394,85.47,67,14.53
0201,2,1,559,470,84.08,89,15.92
0202,2,2,336,280,83.33,56,16.67
0203,2,3,575,493,85.74,82,14.26
0204,2,4,487,428,87.89,59,12.11
0205,2,5,618,524,84.79,94,15.21
0206,2,6,531,440,82.86,91,17.14
0207,2,7,440,382,86.82,58,13.18
0208,2,8,633,539,85.15,94,14.85
0209,2,9,451,385,85.37,66,14.63
0210,2,10,341,288,84.46,53,15.54
0211,2,11,455,379,83.3,76,16.7
0212,2,12,394,340,86.29,54,13.71
0213,2,13,386,330,85.49,56,14.51
0214,2,14,491,429,87.37,62,12.63
0215,2,15,440,393,89.32,47,10.68
0216,2,16,492,434,88.21,58,11.79
0217,2,17,581,500,86.06,81,13.94
0218,2,18,420,358,85.24,62,14.76
0219,2,19,296,238,80.41,58,19.59
0220,2,20,582,500,85.91,82,14.09
0221,2,21,528,466,88.26,62,11.74
0222,2,22,464,405,87.28,59,12.72
0223,2,23,292,253,86.64,39,13.36
0224,2,24,410,364,88.78,46,11.22
0225,2,25,541,467,86.32,74,13.68
0226,2,26,385,319,82.86,66,17.14
0227,2,27,406,327,80.54,79,19.46
0228,2,28,520,454,87.31,66,12.69
0229,2,29,501,417,83.23,84,16.77
0230,2,30,408,346,84.8,62,15.2
0231,2,31,519,444,85.55,75,14.45
0232,2,32,426,356,83.57,70,16.43
0233,2,33,639,554,86.7,85,13.3
0234,2,34,330,289,87.58,41,12.42
0235,2,35,608,524,86.18,84,13.82
0236,2,36,486,416,85.6,70,14.4
0237,2,37,405,330,81.48,75,18.52
0238,2,38,408,344,84.31,64,15.69
0239,2,39,322,259,80.43,63,19.57
0240,2,40,646,536,82.97,110,17.03
0241,2,41,549,463,84.34,86,15.66
0242,2,42,529,458,86.58,71,13.42
0243,2,43,617,527,85.41,90,14.59
0244,2,44,287,249,86.76,38,13.24
0245,2,45,546,459,84.07,87,15.93
0246,2,46,248,205,82.66,43,17.34
0301,3,1,634,494,77.92,140,22.08
0302,3,2,472,397,84.11,75,15.89
0303,3,3,388,300,77.32,88,22.68
0304,3,4,533,428,80.3,105,19.7
0305,3,5,273,211,77.29,62,22.71
0306,3,6,655,547,83.51,108,16.49
0307,3,7,265,220,83.02,45,16.98
0308,3,8,365,264,72.33,101,27.67
0309,3,9,540,422,78.15,118,21.85
0310,3,10,216,162,75.0,54,25.0
0311,3,11,532,413,77.63,119,22.37
0312,3,12,426,343,80.52,83,19.48
0313,3,13,546,454,83.15,92,16.85
0314,3,14,546,464,84.98,82,15.02
0315,3,15,451,338,74.94,113,25.06
0316,3,16,392,305,77.81,87,22.19
0317,3,17,692,576,83.24,116,16.76
0318,3,18,625,483,77.28,142,22.72
0319,3,19,570,486,85.26,84,14.74
0320,3,20,519,407,78.42,112,21.58
0321,3,21,490,426,86.94,64,13.06
0322,3,22,667,530,79.46,137,20.54
0323,3,23,384,298,77.6,86,22.4
0324,3,24,422,330,78.2,92,21.8
0325,3,25,797,676,84.82,121,15.18
0326,3,26,508,439,86.42,69,13.58
0327,3,27,605,498,82.31,107,17.69
0328,3,28,228,165,72.37,63,27.63
0329,3,29,487,361,74.13,126,25.87
0330,3,30,399,317,79.45,82,20.55
0331,3,31,540,399,73.89,141,26.11
0332,3,32,750,626,83.47,124,16.53
0333,3,33,589,500,84.89,89,15.11
0334,3,34,710,590,83.1,120,16.9
0335,3,35,246,184,74.8,62,25.2
0336,3,36,230,181,78.7,49,21.3
0337,3,37,451,344,76.27,107,23.73
0338,3,38,340,295,86.76,45,13.24
0339,3,39,944,793,84.0,151,16.0
0340,3,40,496,389,78.43,107,21.57
0341,3,41,329,266,80.85,63,19.15
0401,4,1,703,602,85.63,101,14.37
0402,4,2,649,556,85.67,93,14.33
0403,4,3,406,315,77.59,91,22.41
0404,4,4,652,514,78.83,138,21.17
0405,4,5,513,408,79.53,105,20.47
0406,4,6,519,426,82.08,93,17.92
0407,4,7,632,518,81.96,114,18.04
0408,4,8,537,415,77.28,122,22.72
0409,4,9,533,462,86.68,71,13.32
0410,4,10,623,502,80.58,121,19.42
0411,4,11,488,382,78.28,106,21.72
0412,4,12,662,514,77.64,148,22.36
0413,4,13,645,547,84.81,98,15.19
0414,4,14,488,396,81.15,92,18.85
0415,4,15,562,470,83.63,92,16.37
0416,4,16,860,736,85.58,124,14.42
0417,4,17,566,497,87.81,69,12.19
0418,4,18,481,376,78.17,105,21.83
0419,4,19,334,232,69.46,102,30.54
0420,4,20,373,325,87.13,48,12.87
0421,4,21,551,450,81.67,101,18.33
0422,4,22,439,377,85.88,62,14.12
0423,4,23,595,510,85.71,85,14.29
0424,4,24,463,383,82.72,80,17.28
0425,4,25,610,501,82.13,109,17.87
0426,4,26,438,352,80.37,86,19.63
0427,4,27,656,552,84.15,104,15.85
0428,4,28,437,342,78.26,95,21.74
0429,4,29,476,378,79.41,98,20.59
0430,4,30,687,525,76.42,162,23.58
0431,4,31,419,364,86.87,55,13.13
0432,4,32,550,451,82.0,99,18.0
0433,4,33,459,378,82.35,81,17.65
0434,4,34,447,357,79.87,90,20.13
0435,4,35,585,482,82.39,103,17.61
0436,4,36,597,488,81.74,109,18.26
0437,4,37,931,815,87.54,116,12.46
0438,4,38,548,456,83.21,92,16.79
0501,5,1,438,333,76.03,105,23.97
0502,5,2,357,270,75.63,87,24.37
0503,5,3,456,410,89.91,46,10.09
0504,5,4,602,515,85.55,87,14.45
0505,5,5,406,317,78.08,89,21.92
0506,5,6,358,290,81.01,68,18.99
0507,5,7,432,338,78.24,94,21.76
0508,5,8,434,401,92.4,33,7.6
0509,5,9,518,449,86.68,69,13.32
0510,5,10,376,284,75.53,92,24.47
0511,5,11,452,403,89.16,49,10.84
0512,5,12,293,224,76.45,69,23.55
0513,5,13,409,303,74.08,106,25.92
0514,5,14,362,305,84.25,57,15.75
0515,5,15,429,362,84.38,67,15.62
0516,5,16,446,327,73.32,119,26.68
0517,5,17,367,284,77.38,83,22.62
0518,5,18,420,356,84.76,64,15.24
0519,5,19,418,373,89.23,45,10.77
0520,5,20,479,409,85.39,70,14.61
0521,5,21,447,391,87.47,56,12.53
0522,5,22,518,445,85.91,73,14.09
0523,5,23,780,681,87.31,99,12.69
0524,5,24,575,479,83.3,96,16.7
0525,5,25,389,331,85.09,58,14.91
0526,5,26,459,345,75.16,114,24.84
0527,5,27,411,378,91.97,33,8.03
0528,5,28,460,372,80.87,88,19.13
0529,5,29,475,361,76.0,114,24.0
0530,5,30,297,205,69.02,92,30.98
0531,5,31,345,272,78.84,73,21.16
0532,5,32,501,408,81.44,93,18.56
0533,5,33,431,323,74.94,108,25.06
0534,5,34,442,404,91.4,38,8.6
0535,5,35,550,486,88.36,64,11.64
0536,5,36,267,219,82.02,48,17.98
0537,5,37,455,412,90.55,43,9.45
0538,5,38,424,312,73.58,112,26.42
0539,5,39,363,324,89.26,39,10.74
0540,5,40,357,266,74.51,91,25.49
0541,5,41,189,170,89.95,19,10.05
0601,6,1,384,327,85.16,57,14.84
0602,6,2,377,301,79.84,76,20.16
0603,6,3,364,317,87.09,47,12.91
0604,6,4,278,217,78.06,61,21.94
0605,6,5,243,179,73.66,64,26.34
0606,6,6,433,339,78.29,94,21.71
0607,6,7,378,279,73.81,99,26.19
0608,6,8,361,291,80.61,70,19.39
0609,6,9,394,304,77.16,90,22.84
0610,6,10,252,184,73.02,68,26.98
0611,6,11,325,256,78.77,69,21.23
0612,6,12,283,216,76.33,67,23.67
0613,6,13,278,214,76.98,64,23.02
0614,6,14,334,258,77.25,76,22.75
0615,6,15,318,219,68.87,99,31.13
0616,6,16,394,299,75.89,95,24.11
0617,6,17,254,187,73.62,67,26.38
0618,6,18,271,224,82.66,47,17.34
0619,6,19,305,214,70.16,91,29.84
0620,6,20,243,190,78.19,53,21.81
0621,6,21,185,131,70.81,54,29.19
0622,6,22,216,165,76.39,51,23.61
0623,6,23,167,122,73.05,45,26.95
0624,6,24,199,149,74.87,50,25.13
0625,6,25,189,152,80.42,37,19.58
0626,6,26,263,195,74.14,68,25.86
0627,6,27,230,179,77.83,51,22.17
0628,6,28,179,139,77.65,40,22.35
0629,6,29,361,288,79.78,73,20.22
0630,6,30,318,243,76.42,75,23.58
0631,6,31,328,286,87.2,42,12.8
0632,6,32,377,293,77.72,84,22.28
0633,6,33,373,309,82.84,64,17.16
0634,6,34,381,304,79.79,77,20.21
0635,6,35,340,271,79.71,69,20.29
0636,6,36,397,311,78.34,86,21.66
0637,6,37,416,342,82.21,74,17.79
0638,6,38,395,306,77.47,89,22.53
0639,6,39,303,234,77.23,69,22.77
0640,6,40,324,253,78.09,71,21.91
0641,6,41,378,294,77.78,84,22.22
0642,6,42,354,274,77.4,80,22.6
0643,6,43,334,254,76.05,80,23.95
0644,6,44,392,302,77.04,90,22.96
0645,6,45,378,293,77.51,85,22.49
0646,6,46,288,220,76.39,68,23.61
0647,6,47,246,202,82.11,44,17.89
0648,6,48,360,293,81.39,67,18.61
0701,7,1,354,261,73.73,93,26.27
0702,7,2,350,275,78.57,75,21.43
0703,7,3,344,277,80.52,67,19.48
0704,7,4,343,287,83.67,56,16.33
0705,7,5,319,249,78.06,70,21.94
0706,7,6,437,339,77.57,98,22.43
0707,7,7,354,265,74.86,89,25.14
0708,7,8,207,158,76.33,49,23.67
0709,7,9,603,459,76.12,144,23.88
0710,7,10,349,287,82.23,62,17.77
0711,7,11,389,290,74.55,99,25.45
0712,7,12,327,260,79.51,67,20.49
0713,7,13,202,161,79.7,41,20.3
0714,7,14,402,302,75.12,100,24.88
0715,7,15,331,270,81.57,61,18.43
0716,7,16,348,254,72.99,94,27.01
0717,7,17,298,216,72.48,82,27.52
0718,7,18,323,254,78.64,69,21.36
0719,7,19,346,273,78.9,73,21.1
0720,7,20,287,212,73.87,75,26.13
0721,7,21,270,186,68.89,84,31.11
0722,7,22,304,230,75.66,74,24.34
0723,7,23,324,262,80.86,62,19.14
0724,7,24,288,223,77.43,65,22.57
0725,7,25,292,227,77.74,65,22.26
0726,7,26,275,209,76.0,66,24.0
0727,7,27,269,220,81.78,49,18.22
0728,7,28,261,175,67.05,86,32.95
0729,7,29,332,255,76.81,77,23.19
0730,7,30,281,235,83.63,46,16.37
0731,7,31,257,198,77.04,59,22.96
0732,7,32,442,355,80.32,87,19.68
0733,7,33,421,349,82.9,72,17.1
0734,7,34,428,350,81.78,78,18.22
0735,7,35,382,285,74.61,97,25.39
0736,7,36,457,361,78.99,96,21.01
0737,7,37,348,272,78.16,76,21.84
0738,7,38,317,249,78.55,68,21.45
0739,7,39,326,249,76.38,77,23.62
0740,7,40,282,233,82.62,49,17.38
0741,7,41,339,274,80.83,65,19.17
0742,7,42,344,274,79.65,70,20.35
0743,7,43,334,273,81.74,61,18.26
0744,7,44,312,251,80.45,61,19.55
0745,7,45,344,263,76.45,81,23.55
0746,7,46,99,88,88.89,11,11.11
0801,8,1,331,251,75.83,80,24.17
0802,8,2,342,257,75.15,85,24.85
0803,8,3,387,341,88.11,46,11.89
0804,8,4,412,337,81.8,75,18.2
0805,8,5,312,271,86.86,41,13.14
0806,8,6,351,285,81.2,66,18.8
0807,8,7,406,337,83.0,69,17.0
0808,8,8,370,314,84.86,56,15.14
0809,8,9,236,179,75.85,57,24.15
0810,8,10,457,378,82.71,79,17.29
0811,8,11,306,234,76.47,72,23.53
0812,8,12,318,253,79.56,65,20.44
0813,8,13,428,325,75.93,103,24.07
0814,8,14,301,215,71.43,86,28.57
0815,8,15,229,187,81.66,42,18.34
0816,8,16,112,88,78.57,24,21.43
0817,8,17,299,247,82.61,52,17.39
0818,8,18,325,246,75.69,79,24.31
0819,8,19,395,331,83.8,64,16.2
0820,8,20,420,322,76.67,98,23.33
0821,8,21,468,368,78.63,100,21.37
0822,8,22,328,254,77.44,74,22.56
0823,8,23,281,228,81.14,53,18.86
0824,8,24,192,150,78.13,42,21.88
0825,8,25,358,272,75.98,86,24.02
0826,8,26,300,226,75.33,74,24.67
0827,8,27,395,312,78.99,83,21.01
0828,8,28,374,316,84.49,58,15.51
0829,8,29,375,302,80.53,73,19.47
0830,8,30,407,321,78.87,86,21.13
0831,8,31,289,219,75.78,70,24.22
0832,8,32,281,225,80.07,56,19.93
0833,8,33,265,187,70.57,78,29.43
0834,8,34,327,263,80.43,64,19.57
0835,8,35,415,336,80.96,79,19.04
0836,8,36,363,285,78.51,78,21.49
0837,8,37,277,223,80.51,54,19.49
0838,8,38,268,217,80.97,51,19.03
0839,8,39,338,267,78.99,71,21.01
0840,8,40,288,238,82.64,50,17.36
0841,8,41,390,297,76.15,93,23.85
0842,8,42,474,373,78.69,101,21.31
0843,8,43,198,138,69.7,60,30.3
0844,8,44,247,202,81.78,45,18.22
0845,8,45,312,245,78.53,67,21.47
0846,8,46,292,233,79.79,59,20.21
0847,8,47,300,239,79.67,61,20.33
0848,8,48,331,267,80.66,64,19.34
0849,8,49,344,271,78.78,73,21.22
0850,8,50,342,277,80.99,65,19.01
0851,8,51,342,287,83.92,55,16.08
0852,8,52,452,367,81.19,85,18.81
0853,8,53,211,167,79.15,44,20.85
0854,8,54,312,228,73.08,84,26.92
0855,8,55,266,225,84.59,41,15.41
0856,8,56,377,306,81.17,71,18.83
0901,9,1,327,259,79.2,68,20.8
0902,9,2,282,219,77.66,63,22.34
0903,9,3,219,160,73.06,59,26.94
0904,9,4,265,210,79.25,55,20.75
0905,9,5,341,276,80.94,65,19.06
0906,9,6,326,243,74.54,83,25.46
0907,9,7,273,221,80.95,52,19.05
0908,9,8,356,275,77.25,81,22.75
0909,9,9,381,288,75.59,93,24.41
0910,9,10,260,207,79.62,53,20.38
0911,9,11,245,188,76.73,57,23.27
0912,9,12,386,312,80.83,74,19.17
0913,9,13,389,323,83.03,66,16.97
0914,9,14,393,327,83.21,66,16.79
0915,9,15,356,235,66.01,121,33.99
0916,9,16,345,266,77.1,79,22.9
0917,9,17,226,185,81.86,41,18.14
0918,9,18,242,172,71.07,70,28.93
0919,9,19,355,282,79.44,73,20.56
0920,9,20,323,260,80.5,63,19.5
0921,9,21,316,258,81.65,58,18.35
0922,9,22,377,296,78.51,81,21.49
0923,9,23,369,292,79.13,77,20.87
0924,9,24,350,279,79.71,71,20.29
0925,9,25,293,227,77.47,66,22.53
0926,9,26,304,223,73.36,81,26.64
0927,9,27,278,234,84.17,44,15.83
0928,9,28,230,178,77.39,52,22.61
0929,9,29,303,241,79.54,62,20.46
0930,9,30,291,220,75.6,71,24.4
0931,9,31,288,216,75.0,72,25.0
0932,9,32,352,291,82.67,61,17.33
0933,9,33,251,203,80.88,48,19.12
0934,9,34,293,231,78.84,62,21.16
0935,9,35,316,254,80.38,62,19.62
0936,9,36,306,235,76.8,71,23.2
0937,9,37,510,373,73.14,137,26.86
0938,9,38,328,234,71.34,94,28.66
0939,9,39,357,283,79.27,74,20.73
0940,9,40,375,305,81.33,70,18.67
0941,9,41,281,218,77.58,63,22.42
0942,9,42,356,286,80.34,70,19.66
0943,9,43,303,226,74.59,77,25.41
0944,9,44,318,249,78.3,69,21.7
0945,9,45,255,200,78.43,55,21.57
0946,9,46,331,257,77.64,74,22.36
0947,9,47,360,291,80.83,69,19.17
0948,9,48,346,299,86.42,47,13.58
0949,9,49,364,284,78.02,80,21.98
0950,9,50,465,372,80.0,93,20.0
0951,9,51,333,270,81.08,63,18.92
1001,10,1,280,220,78.57,60,21.43
1002,10,2,339,236,69.62,103,30.38
1003,10,3,375,253,67.47,122,32.53
1004,10,4,283,211,74.56,72,25.44
1005,10,5,293,217,74.06,76,25.94
1006,10,6,289,223,77.16,66,22.84
1007,10,7,277,216,77.98,61,22.02
1008,10,8,191,128,67.02,63,32.98
1009,10,9,342,243,71.05,99,28.95
1010,10,10,402,282,70.15,120,29.85
1011,10,11,473,351,74.21,122,25.79
1012,10,12,259,193,74.52,66,25.48
1013,10,13,326,247,75.77,79,24.23
1014,10,14,458,340,74.24,118,25.76
1015,10,15,633,498,78.67,135,21.33
1016,10,16,310,225,72.58,85,27.42
1017,10,17,474,329,69.41,145,30.59
1018,10,18,208,145,69.71,63,30.29
1019,10,19,371,263,70.89,108,29.11
1020,10,20,364,263,72.25,101,27.75
1021,10,21,365,278,76.16,87,23.84
1022,10,22,218,167,76.61,51,23.39
1023,10,23,308,247,80.19,61,19.81
1024,10,24,334,232,69.46,102,30.54
1025,10,25,111,93,83.78,18,16.22
1026,10,26,265,216,81.51,49,18.49
1027,10,27,310,243,78.39,67,21.61
1028,10,28,409,315,77.02,94,22.98
1029,10,29,380,295,77.63,85,22.37
1030,10,30,332,259,78.01,73,21.99
1031,10,31,327,251,76.76,76,23.24
1032,10,32,378,268,70.9,110,29.1
1033,10,33,292,214,73.29,78,26.71
1034,10,34,250,173,69.2,77,30.8
1035,10,35,384,273,71.09,111,28.91
1036,10,36,90,73,81.11,17,18.89
1101,11,1,392,304,77.55,88,22.45
1102,11,2,33,22,66.67,11,33.33
1103,11,3,430,342,79.53,88,20.47
1104,11,4,293,226,77.13,67,22.87
1105,11,5,568,427,75.18,141,24.82
1106,11,6,666,536,80.48,130,19.52
1107,11,7,404,329,81.44,75,18.56
1108,11,8,397,305,76.83,92,23.17
1109,11,9,370,285,77.03,85,22.97
1110,11,10,393,317,80.66,76,19.34
1111,11,11,477,350,73.38,127,26.62
1112,11,12,522,385,73.75,137,26.25
1113,11,13,475,323,68.0,152,32.0
1114,11,14,201,154,76.62,47,23.38
1115,11,15,152,121,79.61,31,20.39
1116,11,16,288,226,78.47,62,21.53
1117,11,17,512,399,77.93,113,22.07
1118,11,18,329,264,80.24,65,19.76
1119,11,19,576,446,77.43,130,22.57
1120,11,20,283,216,76.33,67,23.67
1121,11,21,476,366,76.89,110,23.11
1122,11,22,537,405,75.42,132,24.58
1123,11,23,212,169,79.72,43,20.28
1124,11,24,459,357,77.78,102,22.22
1125,11,25,514,385,74.9,129,25.1
1126,11,26,432,335,77.55,97,22.45
1127,11,27,167,133,79.64,34,20.36
1128,11,28,203,155,76.35,48,23.65
1129,11,29,494,371,75.1,123,24.9
1130,11,30,212,161,75.94,51,24.06
1131,11,31,366,279,76.23,87,23.77
1132,11,32,170,127,74.71,43,25.29
1133,11,33,535,440,82.24,95,17.76
1134,11,34,118,80,67.8,38,32.2
1135,11,35,65,49,75.38,16,24.62
1136,11,36,179,146,81.56,33,18.44
1137,11,37,120,99,82.5,21,17.5
1138,11,38,219,167,76.26,52,23.74
1201,12,1,367,275,74.93,92,25.07
1202,12,2,308,238,77.27,70,22.73
1203,12,3,457,349,76.37,108,23.63
1204,12,4,459,354,77.12,105,22.88
1205,12,5,325,242,74.46,83,25.54
1206,12,6,433,331,76.44,102,23.56
1207,12,7,358,274,76.54,84,23.46
1208,12,8,377,291,77.19,86,22.81
1209,12,9,307,245,79.8,62,20.2
1210,12,10,514,368,71.6,146,28.4
1211,12,11,408,310,75.98,98,24.02
1212,12,12,376,300,79.79,76,20.21
1213,12,13,414,331,79.95,83,20.05
1214,12,14,337,260,77.15,77,22.85
1215,12,15,342,254,74.27,88,25.73
1216,12,16,341,241,70.67,100,29.33
1217,12,17,456,357,78.29,99,21.71
1218,12,18,362,267,73.76,95,26.24
1219,12,19,367,272,74.11,95,25.89
1220,12,20,483,379,78.47,104,21.53
1221,12,21,403,316,78.41,87,21.59
1222,12,22,385,282,73.25,103,26.75
1223,12,23,389,283,72.75,106,27.25
1301,13,1,308,207,67.21,101,32.79
1302,13,2,250,173,69.2,77,30.8
1303,13,3,289,221,76.47,68,23.53
1304,13,4,371,243,65.5,128,34.5
1305,13,5,424,338,79.72,86,20.28
1306,13,6,279,189,67.74,90,32.26
1307,13,7,299,227,75.92,72,24.08
1308,13,8,269,193,71.75,76,28.25
1309,13,9,389,294,75.58,95,24.42
1310,13,10,274,162,59.12,112,40.88
1311,13,11,348,238,68.39,110,31.61
1312,13,12,315,232,73.65,83,26.35
1313,13,13,338,267,78.99,71,21.01
1314,13,14,336,261,77.68,75,22.32
1315,13,15,484,346,71.49,138,28.51
1316,13,16,262,206,78.63,56,21.37
1317,13,17,310,215,69.35,95,30.65
1318,13,18,281,197,70.11,84,29.89
1319,13,19,454,340,74.89,114,25.11
1320,13,20,235,149,63.4,86,36.6
1321,13,21,360,227,63.06,133,36.94
1322,13,22,352,254,72.16,98,27.84
1323,13,23,293,215,73.38,78,26.62
1324,13,24,354,260,73.45,94,26.55
1325,13,25,350,252,72.0,98,28.0
1326,13,26,349,265,75.93,84,24.07
1327,13,27,316,231,73.1,85,26.9
1328,13,28,269,202,75.09,67,24.91
1329,13,29,299,224,74.92,75,25.08
1330,13,30,283,232,81.98,51,18.02
1331,13,31,363,237,65.29,126,34.71
1332,13,32,293,182,62.12,111,37.88
1333,13,33,331,238,71.9,93,28.1
1334,13,34,347,280,80.69,67,19.31
1335,13,35,300,239,79.67,61,20.33
1336,13,36,256,187,73.05,69,26.95
1337,13,37,338,265,78.4,73,21.6
1338,13,38,281,185,65.84,96,34.16
1339,13,39,332,270,81.33,62,18.67
1340,13,40,324,253,78.09,71,21.91
1341,13,41,435,332,76.32,103,23.68
1342,13,42,327,219,66.97,108,33.03
1343,13,43,327,241,73.7,86,26.3
1344,13,44,362,276,76.24,86,23.76
1345,13,45,367,261,71.12,106,28.88
1346,13,46,410,308,75.12,102,24.88
1347,13,47,373,295,79.09,78,20.91
1348,13,48,272,183,67.28,89,32.72
1401,14,1,361,232,64.27,129,35.73
1402,14,2,533,426,79.92,107,20.08
1403,14,3,372,291,78.23,81,21.77
1404,14,4,352,215,61.08,137,38.92
1405,14,5,549,410,74.68,139,25.32
1406,14,6,215,158,73.49,57,26.51
1407,14,7,505,398,78.81,107,21.19
1408,14,8,475,365,76.84,110,23.16
1409,14,9,460,298,64.78,162,35.22
1410,14,10,289,219,75.78,70,24.22
1411,14,11,230,177,76.96,53,23.04
1412,14,12,400,294,73.5,106,26.5
1413,14,13,360,281,78.06,79,21.94
1414,14,14,369,291,78.86,78,21.14
1415,14,15,389,310,79.69,79,20.31
1416,14,16,272,202,74.26,70,25.74
1417,14,17,343,246,71.72,97,28.28
1418,14,18,188,143,76.06,45,23.94
1419,14,19,371,301,81.13,70,18.87
1420,14,20,311,244,78.46,67,21.54
1421,14,21,378,278,73.54,100,26.46
1422,14,22,495,362,73.13,133,26.87
1423,14,23,273,192,70.33,81,29.67
1424,14,24,417,301,72.18,116,27.82
1425,14,25,199,142,71.36,57,28.64
1426,14,26,297,232,78.11,65,21.89
1427,14,27,362,277,76.52,85,23.48
1428,14,28,339,260,76.7,79,23.3
1429,14,29,291,215,73.88,76,26.12
1430,14,30,272,213,78.31,59,21.69
1431,14,31,217,169,77.88,48,22.12
1501,15,1,336,236,70.24,100,29.76
1502,15,2,208,160,76.92,48,23.08
1503,15,3,212,165,77.83,47,22.17
1504,15,4,371,292,78.71,79,21.29
1505,15,5,348,251,72.13,97,27.87
1506,15,6,379,297,78.36,82,21.64
1507,15,7,183,125,68.31,58,31.69
1508,15,8,371,277,74.66,94,25.34
1509,15,9,486,385,79.22,101,20.78
1510,15,10,504,367,72.82,137,27.18
1511,15,11,444,336,75.68,108,24.32
1512,15,12,464,366,78.88,98,21.12
1513,15,13,385,295,76.62,90,23.38
1514,15,14,336,253,75.3,83,24.7
1515,15,15,330,244,73.94,86,26.06
1516,15,16,424,329,77.59,95,22.41
1517,15,17,201,149,74.13,52,25.87
1518,15,18,140,101,72.14,39,27.86
1519,15,19,298,240,80.54,58,19.46
1520,15,20,211,159,75.36,52,24.64
1521,15,21,169,130,76.92,39,23.08
1522,15,22,192,154,80.21,38,19.79
1523,15,23,216,170,78.7,46,21.3
1524,15,24,195,140,71.79,55,28.21
1601,16,1,454,364,80.18,90,19.82
1602,16,2,258,179,69.38,79,30.62
1603,16,3,229,173,75.55,56,24.45
1604,16,4,302,214,70.86,88,29.14
1605,16,5,205,151,73.66,54,26.34
1606,16,6,240,171,71.25,69,28.75
1607,16,7,273,211,77.29,62,22.71
1608,16,8,194,162,83.51,32,16.49
1609,16,9,270,204,75.56,66,24.44
1610,16,10,223,166,74.44,57,25.56
1611,16,11,299,224,74.92,75,25.08
1612,16,12,262,188,71.76,74,28.24
1613,16,13,352,261,74.15,91,25.85
1614,16,14,213,157,73.71,56,26.29
1615,16,15,263,193,73.38,70,26.62
1616,16,16,214,155,72.43,59,27.57
1617,16,17,389,302,77.63,87,22.37
1618,16,18,330,257,77.88,73,22.12
1619,16,19,271,204,75.28,67,24.72
1620,16,20,175,130,74.29,45,25.71
1621,16,21,232,184,79.31,48,20.69
1622,16,22,226,173,76.55,53,23.45
1623,16,23,387,292,75.45,95,24.55
1624,16,24,130,97,74.62,33,25.38
1625,16,25,305,215,70.49,90,29.51
1626,16,26,186,132,70.97,54,29.03
1627,16,27,189,141,74.6,48,25.4
1628,16,28,203,161,79.31,42,20.69
1629,16,29,208,155,74.52,53,25.48
1630,16,30,197,149,75.63,48,24.37
1631,16,31,250,185,74.0,65,26.0
1632,16,32,382,288,75.39,94,24.61
1633,16,33,196,149,76.02,47,23.98
1634,16,34,231,178,77.06,53,22.94
1635,16,35,426,324,76.06,102,23.94
1636,16,36,180,135,75.0,45,25.0
1701,17,1,364,271,74.45,93,25.55
1702,17,2,307,221,71.99,86,28.01
1703,17,3,306,227,74.18,79,25.82
1704,17,4,332,257,77.41,75,22.59
1705,17,5,249,185,74.3,64,25.7
1706,17,6,339,277,81.71,62,18.29
1707,17,7,356,269,75.56,87,24.44
1708,17,8,220,170,77.27,50,22.73
1709,17,9,259,194,74.9,65,25.1
1710,17,10,400,327,81.75,73,18.25
1711,17,11,239,196,82.01,43,17.99
1712,17,12,495,383,77.37,112,22.63
1713,17,13,232,180,77.59,52,22.41
1714,17,14,376,298,79.26,78,20.74
1715,17,15,337,263,78.04,74,21.96
1716,17,16,398,313,78.64,85,21.36
1717,17,17,335,250,74.63,85,25.37
1718,17,18,371,297,80.05,74,19.95
1719,17,19,189,139,73.54,50,26.46
1720,17,20,407,349,85.75,58,14.25
1721,17,21,377,304,80.64,73,19.36
1722,17,22,308,239,77.6,69,22.4
1723,17,23,222,162,72.97,60,27.03
1724,17,24,253,205,81.03,48,18.97
1725,17,25,266,204,76.69,62,23.31
1726,17,26,324,266,82.1,58,17.9
1727,17,27,189,154,81.48,35,18.52
1728,17,28,240,190,79.17,50,20.83
1729,17,29,297,231,77.78,66,22.22
1730,17,30,341,256,75.07,85,24.93
1731,17,31,206,162,78.64,44,21.36
1732,17,32,247,197,79.76,50,20.24
1733,17,33,191,142,74.35,49,25.65
1734,17,34,232,184,79.31,48,20.69
1735,17,35,213,170,79.81,43,20.19
1736,17,36,232,182,78.45,50,21.55
1737,17,37,255,200,78.43,55,21.57
1738,17,38,348,271,77.87,77,22.13
1739,17,39,297,231,77.78,66,22.22
1740,17,40,356,275,77.25,81,22.75
1741,17,41,427,333,77.99,94,22.01
1801,18,1,366,272,74.32,94,25.68
1802,18,2,439,348,79.27,91,20.73
1803,18,3,321,238,74.14,83,25.86
1804,18,4,385,304,78.96,81,21.04
1805,18,5,233,172,73.82,61,26.18
1806,18,6,334,239,71.56,95,28.44
1807,18,7,375,293,78.13,82,21.87
1808,18,8,377,296,78.51,81,21.49
1809,18,9,352,290,82.39,62,17.61
1810,18,10,462,365,79.0,97,21.0
1811,18,11,358,277,77.37,81,22.63
1812,18,12,360,286,79.44,74,20.56
1813,18,13,398,302,75.88,96,24.12
1814,18,14,380,308,81.05,72,18.95
1815,18,15,404,295,73.02,109,26.98
1816,18,16,359,284,79.11,75,20.89
1817,18,17,398,322,80.9,76,19.1
1818,18,18,275,224,81.45,51,18.55
1819,18,19,317,265,83.6,52,16.4
1820,18,20,255,199,78.04,56,21.96
1821,18,21,466,362,77.68,104,22.32
1822,18,22,384,321,83.59,63,16.41
1823,18,23,366,284,77.6,82,22.4
1824,18,24,365,274,75.07,91,24.93
1825,18,25,399,296,74.19,103,25.81
1826,18,26,462,376,81.39,86,18.61
1827,18,27,329,266,80.85,63,19.15
1828,18,28,332,248,74.7,84,25.3
1829,18,29,445,347,77.98,98,22.02
1830,18,30,462,326,70.56,136,29.44
1831,18,31,406,310,76.35,96,23.65
1832,18,32,370,296,80.0,74,20.0
1833,18,33,281,228,81.14,53,18.86
1834,18,34,415,335,80.72,80,19.28
1835,18,35,427,344,80.56,83,19.44
1836,18,36,405,301,74.32,104,25.68
1837,18,37,421,337,80.05,84,19.95
1838,18,38,339,265,78.17,74,21.83
1839,18,39,306,237,77.45,69,22.55
1840,18,40,401,317,79.05,84,20.95
1841,18,41,443,343,77.43,100,22.57
1842,18,42,331,241,72.81,90,27.19
1843,18,43,334,244,73.05,90,26.95
1844,18,44,336,243,72.32,93,27.68
1845,18,45,394,310,78.68,84,21.32
1846,18,46,441,308,69.84,133,30.16
1847,18,47,296,227,76.69,69,23.31
1848,18,48,279,210,75.27,69,24.73
1849,18,49,241,175,72.61,66,27.39
1850,18,50,264,197,74.62,67,25.38
1901,19,1,328,215,65.55,113,34.45
1902,19,2,502,401,79.88,101,20.12
1903,19,3,298,154,51.68,144,48.32
1904,19,4,444,241,54.28,203,45.72
1905,19,5,415,332,80.0,83,20.0
1906,19,6,416,247,59.38,169,40.63
1907,19,7,322,229,71.12,93,28.88
1908,19,8,407,228,56.02,179,43.98
1909,19,9,261,167,63.98,94,36.02
1910,19,10,492,399,81.1,93,18.9
1911,19,11,348,181,52.01,167,47.99
1912,19,12,308,174,56.49,134,43.51
1913,19,13,483,392,81.16,91,18.84
1914,19,14,405,322,79.51,83,20.49
1915,19,15,521,299,57.39,222,42.61
1916,19,16,375,207,55.2,168,44.8
1917,19,17,335,216,64.48,119,35.52
1918,19,18,382,321,84.03,61,15.97
1919,19,19,484,392,80.99,92,19.01
1920,19,20,331,276,83.38,55,16.62
1921,19,21,408,230,56.37,178,43.63
1922,19,22,414,325,78.5,89,21.5
1923,19,23,385,275,71.43,110,28.57
1924,19,24,290,171,58.97,119,41.03
1925,19,25,368,287,77.99,81,22.01
1926,19,26,368,296,80.43,72,19.57
1927,19,27,407,312,76.66,95,23.34
1928,19,28,471,385,81.74,86,18.26
1929,19,29,398,229,57.54,169,42.46
1930,19,30,381,223,58.53,158,41.47
1931,19,31,343,279,81.34,64,18.66
1932,19,32,352,213,60.51,139,39.49
1933,19,33,421,253,60.1,168,39.9
1934,19,34,334,267,79.94,67,20.06
1935,19,35,355,281,79.15,74,20.85
1936,19,36,555,432,77.84,123,22.16
1937,19,37,402,328,81.59,74,18.41
1938,19,38,364,281,77.2,83,22.8
1939,19,39,200,152,76.0,48,24.0
1940,19,40,419,320,76.37,99,23.63
1941,19,41,364,210,57.69,154,42.31
1942,19,42,315,248,78.73,67,21.27
1943,19,43,539,431,79.96,108,20.04
1944,19,44,428,240,56.07,188,43.93
1945,19,45,412,277,67.23,135,32.77
1946,19,46,361,258,71.47,103,28.53
1947,19,47,585,458,78.29,127,21.71
1948,19,48,474,368,77.64,106,22.36
1949,19,49,497,413,83.1,84,16.9
1950,19,50,346,233,67.34,113,32.66
1951,19,51,417,296,70.98,121,29.02
1952,19,52,489,271,55.42,218,44.58
1953,19,53,353,251,71.1,102,28.9
1954,19,54,299,153,51.17,146,48.83
1955,19,55,327,195,59.63,132,40.37
1956,19,56,416,336,80.77,80,19.23
1957,19,57,339,274,80.83,65,19.17
2001,20,1,392,308,78.57,84,21.43
2002,20,2,131,93,70.99,38,29.01
2003,20,3,346,265,76.59,81,23.41
2004,20,4,167,125,74.85,42,25.15
2005,20,5,404,307,75.99,97,24.01
2006,20,6,157,115,73.25,42,26.75
2007,20,7,434,332,76.5,102,23.5
2008,20,8,313,256,81.79,57,18.21
2009,20,9,503,392,77.93,111,22.07
2010,20,10,243,185,76.13,58,23.87
2011,20,11,473,347,73.36,126,26.64
2012,20,12,359,255,71.03,104,28.97
2013,20,13,323,242,74.92,81,25.08
2014,20,14,188,149,79.26,39,20.74
2015,20,15,370,269,72.7,101,27.3
2016,20,16,443,353,79.68,90,20.32
2017,20,17,240,165,68.75,75,31.25
2018,20,18,245,182,74.29,63,25.71
2019,20,19,388,296,76.29,92,23.71
2020,20,20,284,208,73.24,76,26.76
2021,20,21,293,207,70.65,86,29.35
2022,20,22,493,392,79.51,101,20.49
2023,20,23,214,161,75.23,53,24.77
2024,20,24,452,366,80.97,86,19.03
2025,20,25,240,175,72.92,65,27.08
2026,20,26,337,266,78.93,71,21.07
2027,20,27,179,150,83.8,29,16.2
2028,20,28,223,169,75.78,54,24.22
2029,20,29,244,194,79.51,50,20.49
2030,20,30,165,134,81.21,31,18.79
2031,20,31,415,320,77.11,95,22.89
2032,20,32,278,205,73.74,73,26.26
2033,20,33,235,189,80.43,46,19.57
2034,20,34,443,364,82.17,79,17.83
2035,20,35,269,187,69.52,82,30.48
2036,20,36,120,92,76.67,28,23.33
2037,20,37,116,93,80.17,23,19.83
2038,20,38,113,87,76.99,26,23.01
2039,20,39,28,21,75.0,7,25.0
2101,21,1,395,323,81.77,72,18.23
2102,21,2,246,176,71.54,70,28.46
2103,21,3,353,281,79.6,72,20.4
2104,21,4,304,246,80.92,58,19.08
2105,21,5,372,304,81.72,68,18.28
2106,21,6,297,243,81.82,54,18.18
2107,21,7,347,293,84.44,54,15.56
2108,21,8,369,290,78.59,79,21.41
2109,21,9,367,299,81.47,68,18.53
2110,21,10,294,236,80.27,58,19.73
2111,21,11,315,253,80.32,62,19.68
2112,21,12,310,244,78.71,66,21.29
2113,21,13,379,291,76.78,88,23.22
2114,21,14,388,318,81.96,70,18.04
2115,21,15,329,258,78.42,71,21.58
2116,21,16,314,230,73.25,84,26.75
2117,21,17,294,223,75.85,71,24.15
2118,21,18,314,253,80.57,61,19.43
2119,21,19,405,309,76.3,96,23.7
2120,21,20,311,253,81.35,58,18.65
2121,21,21,317,246,77.6,71,22.4
2122,21,22,317,259,81.7,58,18.3
2123,21,23,324,272,83.95,52,16.05
2124,21,24,374,310,82.89,64,17.11
2125,21,25,310,235,75.81,75,24.19
2126,21,26,366,268,73.22,98,26.78
2127,21,27,412,318,77.18,94,22.82
2128,21,28,432,339,78.47,93,21.53
2129,21,29,392,317,80.87,75,19.13
2130,21,30,300,220,73.33,80,26.67
2131,21,31,196,163,83.16,33,16.84
2132,21,32,254,209,82.28,45,17.72
2133,21,33,299,249,83.28,50,16.72
2134,21,34,335,258,77.01,77,22.99
2135,21,35,410,326,79.51,84,20.49
2136,21,36,339,261,76.99,78,23.01
2137,21,37,252,202,80.16,50,19.84
2138,21,38,364,283,77.75,81,22.25
2139,21,39,344,247,71.8,97,28.2
2140,21,40,330,256,77.58,74,22.42
2141,21,41,367,292,79.56,75,20.44
2142,21,42,374,292,78.07,82,21.93
2143,21,43,350,274,78.29,76,21.71
2144,21,44,376,282,75.0,94,25.0
2145,21,45,334,246,73.65,88,26.35
2146,21,46,373,301,80.7,72,19.3
2147,21,47,331,255,77.04,76,22.96
2148,21,48,365,302,82.74,63,17.26
2149,21,49,391,322,82.35,69,17.65
2150,21,50,272,207,76.1,65,23.9
2151,21,51,373,314,84.18,59,15.82
2152,21,52,353,271,76.77,82,23.23
2153,21,53,305,238,78.03,67,21.97
2154,21,54,277,220,79.42,57,20.58
2201,22,1,196,152,77.55,44,22.45
2202,22,2,444,336,75.68,108,24.32
2203,22,3,550,404,73.45,146,26.55
2204,22,4,298,219,73.49,79,26.51
2205,22,5,342,259,75.73,83,24.27
2206,22,6,336,256,76.19,80,23.81
2207,22,7,295,234,79.32,61,20.68
2208,22,8,499,387,77.56,112,22.44
2209,22,9,296,230,77.7,66,22.3
2210,22,10,463,344,74.3,119,25.7
2211,22,11,252,183,72.62,69,27.38
2212,22,12,281,188,66.9,93,33.1
2213,22,13,371,289,77.9,82,22.1
2214,22,14,294,227,77.21,67,22.79
2215,22,15,305,227,74.43,78,25.57
2216,22,16,297,221,74.41,76,25.59
2217,22,17,483,360,74.53,123,25.47
2218,22,18,334,242,72.46,92,27.54
2219,22,19,175,129,73.71,46,26.29
2220,22,20,392,289,73.72,103,26.28
2221,22,21,327,247,75.54,80,24.46
2222,22,22,351,262,74.64,89,25.36
2223,22,23,362,293,80.94,69,19.06
2224,22,24,427,339,79.39,88,20.61
2225,22,25,348,275,79.02,73,20.98
2301,23,1,323,214,66.25,109,33.75
2302,23,2,361,250,69.25,111,30.75
2303,23,3,318,208,65.41,110,34.59
2304,23,4,319,226,70.85,93,29.15
2305,23,5,371,290,78.17,81,21.83
2306,23,6,357,263,73.67,94,26.33
2307,23,7,357,277,77.59,80,22.41
2308,23,8,438,299,68.26,139,31.74
2309,23,9,350,270,77.14,80,22.86
2310,23,10,414,323,78.02,91,21.98
2311,23,11,413,334,80.87,79,19.13
2312,23,12,361,228,63.16,133,36.84
2313,23,13,349,278,79.66,71,20.34
2314,23,14,298,188,63.09,110,36.91
2315,23,15,325,251,77.23,74,22.77
2316,23,16,334,217,64.97,117,35.03
2317,23,17,298,215,72.15,83,27.85
2318,23,18,321,212,66.04,109,33.96
2319,23,19,324,233,71.91,91,28.09
2320,23,20,262,199,75.95,63,24.05
2321,23,21,307,193,62.87,114,37.13
2322,23,22,333,250,75.08,83,24.92
2323,23,23,330,211,63.94,119,36.06
2324,23,24,322,237,73.6,85,26.4
2325,23,25,323,239,73.99,84,26.01
2326,23,26,360,278,77.22,82,22.78
2327,23,27,297,194,65.32,103,34.68
2328,23,28,389,249,64.01,140,35.99
2329,23,29,304,206,67.76,98,32.24
2330,23,30,448,342,76.34,106,23.66
2331,23,31,310,235,75.81,75,24.19
2332,23,32,359,262,72.98,97,27.02
2333,23,33,410,315,76.83,95,23.17
2334,23,34,407,305,74.94,102,25.06
2335,23,35,250,159,63.6,91,36.4
2336,23,36,337,221,65.58,116,34.42
2337,23,37,374,241,64.44,133,35.56
2338,23,38,323,221,68.42,102,31.58
2339,23,39,390,299,76.67,91,23.33
2401,24,1,243,175,72.02,68,27.98
2402,24,2,293,221,75.43,72,24.57
2403,24,3,356,252,70.79,104,29.21
2404,24,4,248,188,75.81,60,24.19
2405,24,5,163,134,82.21,29,17.79
2406,24,6,326,251,76.99,75,23.01
2407,24,7,224,186,83.04,38,16.96
2408,24,8,137,103,75.18,34,24.82
2409,24,9,286,206,72.03,80,27.97
2410,24,10,149,117,78.52,32,21.48
2411,24,11,301,224,74.42,77,25.58
2412,24,12,187,137,73.26,50,26.74
2413,24,13,185,134,72.43,51,27.57
2414,24,14,242,187,77.27,55,22.73
2415,24,15,160,125,78.13,35,21.88
2416,24,16,887,574,64.71,313,35.29
2417,24,17,209,158,75.6,51,24.4
2418,24,18,253,198,78.26,55,21.74
2419,24,19,321,243,75.7,78,24.3
2420,24,20,262,202,77.1,60,22.9
2421,24,21,162,106,65.43,56,34.57
2422,24,22,359,259,72.14,100,27.86
2423,24,23,264,200,75.76,64,24.24
2424,24,24,336,228,67.86,108,32.14
2425,24,25,208,153,73.56,55,26.44
2426,24,26,428,340,79.44,88,20.56
2427,24,27,312,236,75.64,76,24.36
2428,24,28,192,151,78.65,41,21.35
2429,24,29,206,156,75.73,50,24.27
2430,24,30,182,139,76.37,43,23.63
2431,24,31,314,219,69.75,95,30.25
2432,24,32,154,123,79.87,31,20.13
2433,24,33,181,140,77.35,41,22.65
2434,24,34,273,204,74.73,69,25.27
2435,24,35,273,205,75.09,68,24.91
2436,24,36,346,261,75.43,85,24.57
2437,24,37,140,107,76.43,33,23.57
2438,24,38,250,190,76.0,60,24.0
2439,24,39,293,234,79.86,59,20.14
2440,24,40,338,236,69.82,102,30.18
2441,24,41,129,100,77.52,29,22.48
2501,25,1,365,307,84.11,58,15.89
2502,25,2,544,428,78.68,116,21.32
2503,25,3,723,615,85.06,108,14.94
2504,25,4,349,266,76.22,83,23.78
2505,25,5,445,331,74.38,114,25.62
2506,25,6,140,111,79.29,29,20.71
2507,25,7,449,365,81.29,84,18.71
2508,25,8,534,405,75.84,129,24.16
2509,25,9,439,350,79.73,89,20.27
2510,25,10,582,510,87.63,72,12.37
2511,25,11,505,402,79.6,103,20.4
2512,25,12,441,355,80.5,86,19.5
2513,25,13,518,409,78.96,109,21.04
2514,25,14,288,252,87.5,36,12.5
2515,25,15,385,286,74.29,99,25.71
2516,25,16,697,597,85.65,100,14.35
2517,25,17,459,369,80.39,90,19.61
2518,25,18,222,184,82.88,38,17.12
2519,25,19,467,354,75.8,113,24.2
2520,25,20,258,173,67.05,85,32.95
2521,25,21,849,724,85.28,125,14.72
2522,25,22,470,366,77.87,104,22.13
2523,25,23,518,392,75.68,126,24.32
2524,25,24,471,368,78.13,103,21.87
2525,25,25,380,304,80.0,76,20.0
2526,25,26,461,351,76.14,110,23.86
2527,25,27,562,465,82.74,97,17.26
2528,25,28,488,375,76.84,113,23.16
2529,25,29,344,272,79.07,72,20.93
2530,25,30,449,329,73.27,120,26.73
2531,25,31,809,687,84.92,122,15.08
2532,25,32,368,251,68.21,117,31.79
2601,26,1,375,317,84.53,58,15.47
2602,26,2,275,229,83.27,46,16.73
2603,26,3,423,362,85.58,61,14.42
2604,26,4,259,182,70.27,77,29.73
2605,26,5,321,247,76.95,74,23.05
2606,26,6,307,229,74.59,78,25.41
2607,26,7,345,291,84.35,54,15.65
2608,26,8,218,158,72.48,60,27.52
2609,26,9,291,234,80.41,57,19.59
2610,26,10,349,272,77.94,77,22.06
2611,26,11,332,255,76.81,77,23.19
2612,26,12,353,289,81.87,64,18.13
2613,26,13,194,152,78.35,42,21.65
2614,26,14,283,215,75.97,68,24.03
2615,26,15,218,166,76.15,52,23.85
2616,26,16,193,140,72.54,53,27.46
2617,26,17,311,255,81.99,56,18.01
2618,26,18,256,188,73.44,68,26.56
2619,26,19,217,164,75.58,53,24.42
2620,26,20,294,239,81.29,55,18.71
2621,26,21,427,344,80.56,83,19.44
2622,26,22,191,142,74.35,49,25.65
2623,26,23,256,193,75.39,63,24.61
2624,26,24,282,225,79.79,57,20.21
2625,26,25,244,196,80.33,48,19.67
2626,26,26,253,197,77.87,56,22.13
2627,26,27,382,304,79.58,78,20.42
2628,26,28,441,363,82.31,78,17.69
2629,26,29,179,140,78.21,39,21.79
2630,26,30,276,225,81.52,51,18.48
2631,26,31,161,113,70.19,48,29.81
2632,26,32,401,328,81.8,73,18.2
2633,26,33,383,326,85.12,57,14.88
2634,26,34,359,291,81.06,68,18.94
2635,26,35,280,225,80.36,55,19.64
2636,26,36,334,269,80.54,65,19.46
2637,26,37,356,298,83.71,58,16.29
2638,26,38,172,124,72.09,48,27.91
2639,26,39,393,332,84.48,61,15.52
2640,26,40,201,154,76.62,47,23.38
2641,26,41,399,327,81.95,72,18.05
2642,26,42,278,225,80.94,53,19.06
2643,26,43,226,171,75.66,55,24.34
2644,26,44,180,141,78.33,39,21.67
2645,26,45,178,129,72.47,49,27.53
2646,26,46,245,188,76.73,57,23.27
2647,26,47,239,184,76.99,55,23.01
2648,26,48,363,291,80.17,72,19.83
2649,26,49,218,174,79.82,44,20.18
2701,27,1,879,756,86.01,123,13.99
2702,27,2,411,335,81.51,76,18.49
2703,27,3,180,142,78.89,38,21.11
2704,27,4,207,158,76.33,49,23.67
2705,27,5,309,226,73.14,83,26.86
2706,27,6,461,374,81.13,87,18.87
2707,27,7,576,485,84.2,91,15.8
2708,27,8,321,255,79.44,66,20.56
2709,27,9,179,151,84.36,28,15.64
2710,27,10,288,235,81.6,53,18.4
2711,27,11,449,387,86.19,62,13.81
2712,27,12,303,261,86.14,42,13.86
2713,27,13,543,446,82.14,97,17.86
2714,27,14,200,147,73.5,53,26.5
2715,27,15,191,142,74.35,49,25.65
2716,27,16,457,378,82.71,79,17.29
2717,27,17,406,312,76.85,94,23.15
2718,27,18,251,181,72.11,70,27.89
2719,27,19,187,140,74.87,47,25.13
2720,27,20,281,194,69.04,87,30.96
2721,27,21,361,306,84.76,55,15.24
2722,27,22,162,110,67.9,52,32.1
2723,27,23,225,174,77.33,51,22.67
2724,27,24,262,201,76.72,61,23.28
2725,27,25,349,274,78.51,75,21.49
2726,27,26,251,198,78.88,53,21.12
2727,27,27,499,390,78.16,109,21.84
2728,27,28,508,427,84.06,81,15.94
2729,27,29,262,193,73.66,69,26.34
2730,27,30,173,132,76.3,41,23.7
2731,27,31,278,218,78.42,60,21.58
2732,27,32,357,269,75.35,88,24.65
2733,27,33,548,454,82.85,94,17.15
2734,27,34,203,148,72.91,55,27.09
2735,27,35,513,436,84.99,77,15.01
2736,27,36,266,205,77.07,61,22.93
2737,27,37,350,292,83.43,58,16.57
2738,27,38,521,424,81.38,97,18.62
2739,27,39,266,206,77.44,60,22.56
2740,27,40,546,438,80.22,108,19.78
2741,27,41,275,221,80.36,54,19.64
2742,27,42,257,218,84.82,39,15.18
2743,27,43,313,240,76.68,73,23.32
2744,27,44,275,192,69.82,83,30.18
2745,27,45,1104,947,85.78,157,14.22
2746,27,46,339,296,87.32,43,12.68
2747,27,47,231,197,85.28,34,14.72
2748,27,48,693,560,80.81,133,19.19
2749,27,49,271,216,79.7,55,20.3
2750,27,50,324,248,76.54,76,23.46
2801,28,1,213,160,75.12,53,24.88
2802,28,2,250,190,76.0,60,24.0
2803,28,3,229,181,79.04,48,20.96
2804,28,4,286,244,85.31,42,14.69
2805,28,5,179,144,80.45,35,19.55
2806,28,6,172,147,85.47,25,14.53
2807,28,7,285,224,78.6,61,21.4
2808,28,8,481,406,84.41,75,15.59
2809,28,9,287,212,73.87,75,26.13
2810,28,10,382,304,79.58,78,20.42
2811,28,11,715,549,76.78,166,23.22
2812,28,12,269,220,81.78,49,18.22
2813,28,13,287,228,79.44,59,20.56
2814,28,14,278,206,74.1,72,25.9
2815,28,15,54,44,81.48,10,18.52
2816,28,16,184,140,76.09,44,23.91
2817,28,17,248,192,77.42,56,22.58
2818,28,18,246,179,72.76,67,27.24
2819,28,19,283,214,75.62,69,24.38
2820,28,20,237,188,79.32,49,20.68
2821,28,21,252,185,73.41,67,26.59
2822,28,22,270,226,83.7,44,16.3
2823,28,23,348,263,75.57,85,24.43
2824,28,24,261,184,70.5,77,29.5
2825,28,25,439,355,80.87,84,19.13
2826,28,26,261,194,74.33,67,25.67
2827,28,27,318,261,82.08,57,17.92
2828,28,28,393,336,85.5,57,14.5
2829,28,29,153,115,75.16,38,24.84
2830,28,30,48,41,85.42,7,14.58
2831,28,31,319,256,80.25,63,19.75
2832,28,32,279,214,76.7,65,23.3
2833,28,33,318,247,77.67,71,22.33
2834,28,34,513,379,73.88,134,26.12
2835,28,35,321,247,76.95,74,23.05
2836,28,36,137,106,77.37,31,22.63
2837,28,37,327,247,75.54,80,24.46
2838,28,38,119,90,75.63,29,24.37
2839,28,39,221,155,70.14,66,29.86
2840,28,40,359,283,78.83,76,21.17
2841,28,41,188,135,71.81,53,28.19
2842,28,42,292,222,76.03,70,23.97
2843,28,43,340,261,76.76,79,23.24
2844,28,44,227,172,75.77,55,24.23
2845,28,45,458,385,84.06,73,15.94
2846,28,46,579,461,79.62,118,20.38
2901,29,1,532,414,77.82,118,22.18
2902,29,2,445,350,78.65,95,21.35
2903,29,3,319,249,78.06,70,21.94
2904,29,4,431,347,80.51,84,19.49
2905,29,5,279,209,74.91,70,25.09
2906,29,6,270,213,78.89,57,21.11
2907,29,7,398,313,78.64,85,21.36
2908,29,8,354,274,77.4,80,22.6
2909,29,9,420,330,78.57,90,21.43
2910,29,10,487,387,79.47,100,20.53
2911,29,11,203,168,82.76,35,17.24
2912,29,12,463,373,80.56,90,19.44
2913,29,13,344,257,74.71,87,25.29
2914,29,14,328,252,76.83,76,23.17
2915,29,15,417,328,78.66,89,21.34
2916,29,16,357,279,78.15,78,21.85
2917,29,17,367,298,81.2,69,18.8
2918,29,18,339,264,77.88,75,22.12
2919,29,19,354,269,75.99,85,24.01
2920,29,20,388,294,75.77,94,24.23
2921,29,21,466,342,73.39,124,26.61
2922,29,22,275,210,76.36,65,23.64
2923,29,23,440,320,72.73,120,27.27
2924,29,24,366,300,81.97,66,18.03
2925,29,25,435,347,79.77,88,20.23
2926,29,26,344,301,87.5,43,12.5
2927,29,27,343,262,76.38,81,23.62
2928,29,28,435,351,80.69,84,19.31
2929,29,29,444,321,72.3,123,27.7
2930,29,30,507,392,77.32,115,22.68
2931,29,31,402,282,70.15,120,29.85
2932,29,32,408,288,70.59,120,29.41
2933,29,33,253,214,84.58,39,15.42
2934,29,34,264,204,77.27,60,22.73
2935,29,35,287,212,73.87,75,26.13
2936,29,36,334,265,79.34,69,20.66
2937,29,37,356,252,70.79,104,29.21
2938,29,38,481,367,76.3,114,23.7
2939,29,39,407,307,75.43,100,24.57
2940,29,40,407,316,77.64,91,22.36
2941,29,41,320,248,77.5,72,22.5
2942,29,42,408,321,78.68,87,21.32
2943,29,43,470,372,79.15,98,20.85
2944,29,44,395,297,75.19,98,24.81
3001,30,1,463,365,78.83,98,21.17
3002,30,2,413,320,77.48,93,22.52
3003,30,3,357,295,82.63,62,17.37
3004,30,4,416,308,74.04,108,25.96
3005,30,5,340,257,75.59,83,24.41
3006,30,6,291,223,76.63,68,23.37
3007,30,7,469,340,72.49,129,27.51
3008,30,8,520,400,76.92,120,23.08
3009,30,9,355,267,75.21,88,24.79
3010,30,10,397,305,76.83,92,23.17
3011,30,11,424,315,74.29,109,25.71
3012,30,12,380,289,76.05,91,23.95
3013,30,13,429,329,76.69,100,23.31
3014,30,14,312,227,72.76,85,27.24
3015,30,15,373,314,84.18,59,15.82
3016,30,16,230,177,76.96,53,23.04
3017,30,17,434,339,78.11,95,21.89
3018,30,18,533,452,84.8,81,15.2
3019,30,19,444,314,70.72,130,29.28
3020,30,20,446,338,75.78,108,24.22
3021,30,21,297,219,73.74,78,26.26
3022,30,22,636,491,77.2,145,22.8
3023,30,23,543,431,79.37,112,20.63
3024,30,24,611,494,80.85,117,19.15
3025,30,25,630,514,81.59,116,18.41
3026,30,26,266,208,78.2,58,21.8
3027,30,27,302,227,75.17,75,24.83
3028,30,28,444,358,80.63,86,19.37
3029,30,29,299,226,75.59,73,24.41
3030,30,30,182,138,75.82,44,24.18
3031,30,31,265,205,77.36,60,22.64
3032,30,32,347,285,82.13,62,17.87
3101,31,1,275,212,77.09,63,22.91
3102,31,2,261,203,77.78,58,22.22
3103,31,3,275,209,76.0,66,24.0
3104,31,4,366,303,82.79,63,17.21
3105,31,5,311,234,75.24,77,24.76
3106,31,6,194,152,78.35,42,21.65
3107,31,7,414,347,83.82,67,16.18
3108,31,8,272,205,75.37,67,24.63
3109,31,9,318,252,79.25,66,20.75
3110,31,10,342,271,79.24,71,20.76
3111,31,11,220,173,78.64,47,21.36
3112,31,12,245,181,73.88,64,26.12
3113,31,13,315,245,77.78,70,22.22
3114,31,14,275,218,79.27,57,20.73
3115,31,15,287,212,73.87,75,26.13
3116,31,16,351,302,86.04,49,13.96
3117,31,17,264,203,76.89,61,23.11
3118,31,18,273,211,77.29,62,22.71
3119,31,19,261,188,72.03,73,27.97
3120,31,20,253,177,69.96,76,30.04
3121,31,21,256,203,79.3,53,20.7
3122,31,22,249,192,77.11,57,22.89
3123,31,23,318,269,84.59,49,15.41
3124,31,24,295,228,77.29,67,22.71
3125,31,25,300,229,76.33,71,23.67
3126,31,26,290,222,76.55,68,23.45
3127,31,27,304,225,74.01,79,25.99
3128,31,28,278,203,73.02,75,26.98
3129,31,29,279,214,76.7,65,23.3
3130,31,30,244,189,77.46,55,22.54
3131,31,31,242,176,72.73,66,27.27
3132,31,32,235,185,78.72,50,21.28
3133,31,33,274,208,75.91,66,24.09
3134,31,34,293,218,74.4,75,25.6
3135,31,35,348,251,72.13,97,27.87
3136,31,36,287,227,79.09,60,20.91
3137,31,37,276,211,76.45,65,23.55
3138,31,38,259,198,76.45,61,23.55
3139,31,39,324,255,78.7,69,21.3
3140,31,40,326,234,71.78,92,28.22
3141,31,41,272,218,80.15,54,19.85
3201,32,1,649,526,81.05,123,18.95
3202,32,2,576,488,84.72,88,15.28
3203,32,3,537,463,86.22,74,13.78
3204,32,4,458,402,87.77,56,12.23
3205,32,5,540,480,88.89,60,11.11
3206,32,6,610,548,89.84,62,10.16
3207,32,7,583,498,85.42,85,14.58
3208,32,8,628,559,89.01,69,10.99
3209,32,9,519,427,82.27,92,17.73
3210,32,10,576,481,83.51,95,16.49
3211,32,11,460,407,88.48,53,11.52
3212,32,12,349,298,85.39,51,14.61
3213,32,13,570,472,82.81,98,17.19
3214,32,14,555,490,88.29,65,11.71
3215,32,15,491,409,83.3,82,16.7
3216,32,16,488,420,86.07,68,13.93
3217,32,17,504,427,84.72,77,15.28
3218,32,18,494,423,85.63,71,14.37
3219,32,19,475,399,84.0,76,16.0
3220,32,20,493,446,90.47,47,9.53
3221,32,21,517,450,87.04,67,12.96
3222,32,22,639,568,88.89,71,11.11
3223,32,23,544,482,88.6,62,11.4
3224,32,24,445,380,85.39,65,14.61
3225,32,25,509,447,87.82,62,12.18
3226,32,26,536,474,88.43,62,11.57
3227,32,27,523,439,83.94,84,16.06
3228,32,28,533,462,86.68,71,13.32
3229,32,29,540,470,87.04,70,12.96
3230,32,30,500,431,86.2,69,13.8
3231,32,31,547,472,86.29,75,13.71
3232,32,32,603,536,88.89,67,11.11
3233,32,33,468,423,90.38,45,9.62
3234,32,34,567,485,85.54,82,14.46
3235,32,35,490,417,85.1,73,14.9
3236,32,36,530,464,87.55,66,12.45
3237,32,37,601,502,83.53,99,16.47
3238,32,38,493,423,85.8,70,14.2
3239,32,39,578,492,85.12,86,14.88
3240,32,40,522,449,86.02,73,13.98
3241,32,41,537,449,83.61,88,16.39
3242,32,42,480,404,84.17,76,15.83
3243,32,43,467,391,83.73,76,16.27
3301,33,1,576,484,84.03,92,15.97
3302,33,2,713,576,80.79,137,19.21
3303,33,3,752,629,83.64,123,16.36
3304,33,4,712,575,80.76,137,19.24
3305,33,5,515,420,81.55,95,18.45
3306,33,6,494,394,79.76,100,20.24
3307,33,7,574,473,82.4,101,17.6
3308,33,8,665,570,85.71,95,14.29
3309,33,9,604,489,80.96,115,19.04
3310,33,10,456,379,83.11,77,16.89
3311,33,11,561,450,80.21,111,19.79
3312,33,12,558,458,82.08,100,17.92
3313,33,13,533,422,79.17,111,20.83
3314,33,14,262,213,81.3,49,18.7
3315,33,15,568,472,83.1,96,16.9
3316,33,16,738,573,77.64,165,22.36
3317,33,17,562,451,80.25,111,19.75
3318,33,18,774,647,83.59,127,16.41
3319,33,19,644,532,82.61,112,17.39
3320,33,20,690,597,86.52,93,13.48
3321,33,21,604,497,82.28,107,17.72
3322,33,22,509,400,78.59,109,21.41
3323,33,23,609,509,83.58,100,16.42
3324,33,24,676,604,89.35,72,10.65
3325,33,25,662,549,82.93,113,17.07
3326,33,26,406,342,84.24,64,15.76
3327,33,27,643,512,79.63,131,20.37
3328,33,28,510,428,83.92,82,16.08
3401,34,1,406,328,80.79,78,19.21
3402,34,2,320,270,84.38,50,15.63
3403,34,3,363,278,76.58,85,23.42
3404,34,4,282,226,80.14,56,19.86
3405,34,5,312,251,80.45,61,19.55
3406,34,6,409,325,79.46,84,20.54
3407,34,7,387,317,81.91,70,18.09
3408,34,8,316,250,79.11,66,20.89
3409,34,9,240,189,78.75,51,21.25
3410,34,10,298,236,79.19,62,20.81
3411,34,11,326,248,76.07,78,23.93
3412,34,12,386,316,81.87,70,18.13
3413,34,13,373,293,78.55,80,21.45
3414,34,14,284,229,80.63,55,19.37
3415,34,15,336,261,77.68,75,22.32
3416,34,16,329,258,78.42,71,21.58
3417,34,17,463,387,83.59,76,16.41
3418,34,18,231,176,76.19,55,23.81
3419,34,19,386,310,80.31,76,19.69
3420,34,20,412,341,82.77,71,17.23
3421,34,21,424,343,80.9,81,19.1
3422,34,22,363,301,82.92,62,17.08
3423,34,23,310,241,77.74,69,22.26
3424,34,24,313,254,81.15,59,18.85
3425,34,25,541,440,81.33,101,18.67
3426,34,26,424,345,81.37,79,18.63
3427,34,27,292,223,76.37,69,23.63
3428,34,28,229,190,82.97,39,17.03
3429,34,29,295,223,75.59,72,24.41
3430,34,30,341,289,84.75,52,15.25
3431,34,31,288,240,83.33,48,16.67
3432,34,32,359,279,77.72,80,22.28
3433,34,33,303,234,77.23,69,22.77
3434,34,34,416,361,86.78,55,13.22
3435,34,35,453,354,78.15,99,21.85
3436,34,36,316,260,82.28,56,17.72
3437,34,37,216,161,74.54,55,25.46
3438,34,38,187,145,77.54,42,22.46
3439,34,39,277,202,72.92,75,27.08
3440,34,40,394,315,79.95,79,20.05
3441,34,41,217,169,77.88,48,22.12
3442,34,42,363,312,85.95,51,14.05
3443,34,43,337,282,83.68,55,16.32
3444,34,44,309,255,82.52,54,17.48
3445,34,45,359,291,81.06,68,18.94
3446,34,46,242,202,83.47,40,16.53
3447,34,47,324,274,84.57,50,15.43
3448,34,48,371,312,84.1,59,15.9
3449,34,49,327,281,85.93,46,14.07
3450,34,50,296,242,81.76,54,18.24
3451,34,51,417,337,80.82,80,19.18
3452,34,52,288,250,86.81,38,13.19
3453,34,53,253,196,77.47,57,22.53
3501,35,1,473,376,79.49,97,20.51
3502,35,2,484,416,85.95,68,14.05
3503,35,3,432,352,81.48,80,18.52
3504,35,4,474,378,79.75,96,20.25
3505,35,5,394,327,82.99,67,17.01
3506,35,6,495,419,84.65,76,15.35
3507,35,7,477,410,85.95,67,14.05
3508,35,8,475,397,83.58,78,16.42
3509,35,9,411,309,75.18,102,24.82
3510,35,10,534,469,87.83,65,12.17
3511,35,11,522,425,81.42,97,18.58
3512,35,12,323,245,75.85,78,24.15
3513,35,13,343,265,77.26,78,22.74
3514,35,14,369,287,77.78,82,22.22
3515,35,15,562,478,85.05,84,14.95
3516,35,16,254,193,75.98,61,24.02
3517,35,17,460,377,81.96,83,18.04
3518,35,18,326,258,79.14,68,20.86
3519,35,19,300,230,76.67,70,23.33
3520,35,20,477,383,80.29,94,19.71
3521,35,21,478,392,82.01,86,17.99
3522,35,22,587,479,81.6,108,18.4
3523,35,23,482,382,79.25,100,20.75
3524,35,24,420,338,80.48,82,19.52
3525,35,25,479,410,85.59,69,14.41
3526,35,26,410,322,78.54,88,21.46
3527,35,27,420,349,83.1,71,16.9
3528,35,28,466,377,80.9,89,19.1
3529,35,29,454,348,76.65,106,23.35
3530,35,30,431,341,79.12,90,20.88
3531,35,31,497,414,83.3,83,16.7
3601,36,1,385,293,76.1,92,23.9
3602,36,2,379,295,77.84,84,22.16
3603,36,3,353,248,70.25,105,29.75
3604,36,4,440,336,76.36,104,23.64
3605,36,5,359,276,76.88,83,23.12
3606,36,6,348,254,72.99,94,27.01
3607,36,7,399,287,71.93,112,28.07
3608,36,8,328,246,75.0,82,25.0
3609,36,9,387,290,74.94,97,25.06
3610,36,10,504,399,79.17,105,20.83
3611,36,11,282,198,70.21,84,29.79
3612,36,12,248,190,76.61,58,23.39
3613,36,13,274,202,73.72,72,26.28
3614,36,14,430,322,74.88,108,25.12
3615,36,15,381,299,78.48,82,21.52
3616,36,16,386,293,75.91,93,24.09
3617,36,17,477,362,75.89,115,24.11
3618,36,18,416,307,73.8,109,26.2
3619,36,19,500,369,73.8,131,26.2
3620,36,20,443,337,76.07,106,23.93
3621,36,21,360,263,73.06,97,26.94
3622,36,22,365,268,73.42,97,26.58
3623,36,23,360,266,73.89,94,26.11
3624,36,24,461,352,76.36,109,23.64
3625,36,25,415,312,75.18,103,24.82
3626,36,26,365,260,71.23,105,28.77
3627,36,27,330,252,76.36,78,23.64
3628,36,28,356,262,73.6,94,26.4
3629,36,29,423,315,74.47,108,25.53
3630,36,30,364,260,71.43,104,28.57
3701,37,1,205,159,77.56,46,22.44
3702,37,2,307,219,71.34,88,28.66
3703,37,3,237,169,71.31,68,28.69
3704,37,4,264,181,68.56,83,31.44
3705,37,5,332,256,77.11,76,22.89
3706,37,6,219,173,79.0,46,21.0
3707,37,7,262,206,78.63,56,21.37
3708,37,8,233,181,77.68,52,22.32
3709,37,9,311,219,70.42,92,29.58
3710,37,10,412,316,76.7,96,23.3
3711,37,11,211,156,73.93,55,26.07
3712,37,12,303,229,75.58,74,24.42
3713,37,13,248,201,81.05,47,18.95
3714,37,14,370,282,76.22,88,23.78
3715,37,15,340,263,77.35,77,22.65
3716,37,16,358,263,73.46,95,26.54
3717,37,17,241,192,79.67,49,20.33
3718,37,18,279,221,79.21,58,20.79
3719,37,19,237,187,78.9,50,21.1
3720,37,20,291,223,76.63,68,23.37
3721,37,21,256,205,80.08,51,19.92
3722,37,22,293,226,77.13,67,22.87
3723,37,23,318,249,78.3,69,21.7
3724,37,24,301,224,74.42,77,25.58
3725,37,25,271,190,70.11,81,29.89
3726,37,26,436,333,76.38,103,23.62
3727,37,27,320,248,77.5,72,22.5
3728,37,28,280,215,76.79,65,23.21
3729,37,29,279,210,75.27,69,24.73
3730,37,30,293,224,76.45,69,23.55
3731,37,31,379,290,76.52,89,23.48
3732,37,32,289,235,81.31,54,18.69
3733,37,33,245,189,77.14,56,22.86
3734,37,34,279,207,74.19,72,25.81
3735,37,35,327,253,77.37,74,22.63
3736,37,36,226,158,69.91,68,30.09
3737,37,37,342,278,81.29,64,18.71
3738,37,38,344,262,76.16,82,23.84
3739,37,39,273,199,72.89,74,27.11
3740,37,40,332,254,76.51,78,23.49
3741,37,41,310,248,80.0,62,20.0
3801,38,1,384,295,76.82,89,23.18
3802,38,2,371,238,64.15,133,35.85
3803,38,3,404,290,71.78,114,28.22
3804,38,4,363,261,71.9,102,28.1
3805,38,5,377,266,70.56,111,29.44
3806,38,6,394,263,66.75,131,33.25
3807,38,7,373,253,67.83,120,32.17
3808,38,8,385,270,70.13,115,29.87
3809,38,9,470,323,68.72,147,31.28
3810,38,10,352,250,71.02,102,28.98
3811,38,11,360,295,81.94,65,18.06
3812,38,12,346,218,63.01,128,36.99
3813,38,13,443,307,69.3,136,30.7
3814,38,14,428,303,70.79,125,29.21
3815,38,15,376,285,75.8,91,24.2
3816,38,16,387,263,67.96,124,32.04
3817,38,17,469,307,65.46,162,34.54
3818,38,18,414,303,73.19,111,26.81
3819,38,19,425,318,74.82,107,25.18
3820,38,20,403,279,69.23,124,30.77
3821,38,21,397,301,75.82,96,24.18
3822,38,22,361,282,78.12,79,21.88
3823,38,23,417,313,75.06,104,24.94
3824,38,24,396,276,69.7,120,30.3
3825,38,25,370,277,74.86,93,25.14
3826,38,26,410,309,75.37,101,24.63
3827,38,27,384,261,67.97,123,32.03
3828,38,28,486,325,66.87,161,33.13
3829,38,29,412,289,70.15,123,29.85
3830,38,30,396,271,68.43,125,31.57
3831,38,31,414,330,79.71,84,20.29
3832,38,32,385,295,76.62,90,23.38
3833,38,33,339,269,79.35,70,20.65
3834,38,34,367,287,78.2,80,21.8
3835,38,35,382,287,75.13,95,24.87
3836,38,36,376,283,75.27,93,24.73
3837,38,37,385,265,68.83,120,31.17
3838,38,38,390,281,72.05,109,27.95
3839,38,39,437,332,75.97,105,24.03
3840,38,40,414,309,74.64,105,25.36
3841,38,41,349,274,78.51,75,21.49
3901,39,1,382,276,72.25,106,27.75
3902,39,2,267,232,86.89,35,13.11
3903,39,3,475,385,81.05,90,18.95
3904,39,4,400,293,73.25,107,26.75
3905,39,5,432,351,81.25,81,18.75
3906,39,6,447,337,75.39,110,24.61
3907,39,7,380,322,84.74,58,15.26
3908,39,8,432,358,82.87,74,17.13
3909,39,9,385,303,78.7,82,21.3
3910,39,10,196,171,87.24,25,12.76
3911,39,11,395,314,79.49,81,20.51
3912,39,12,565,448,79.29,117,20.71
3913,39,13,350,276,78.86,74,21.14
3914,39,14,424,323,76.18,101,23.82
3915,39,15,470,355,75.53,115,24.47
3916,39,16,386,304,78.76,82,21.24
3917,39,17,420,330,78.57,90,21.43
3918,39,18,419,343,81.86,76,18.14
3919,39,19,404,323,79.95,81,20.05
3920,39,20,520,372,71.54,148,28.46
3921,39,21,409,267,65.28,142,34.72
3922,39,22,420,341,81.19,79,18.81
3923,39,23,414,312,75.36,102,24.64
3924,39,24,503,352,69.98,151,30.02
3925,39,25,352,287,81.53,65,18.47
3926,39,26,369,264,71.54,105,28.46
3927,39,27,56,46,82.14,10,17.86
3928,39,28,522,425,81.42,97,18.58
3929,39,29,222,173,77.93,49,22.07
3930,39,30,525,452,86.1,73,13.9
3931,39,31,372,294,79.03,78,20.97
3932,39,32,318,239,75.16,79,24.84
3933,39,33,427,358,83.84,69,16.16
3934,39,34,487,382,78.44,105,21.56
3935,39,35,413,342,82.81,71,17.19
3936,39,36,103,89,86.41,14,13.59
3937,39,37,369,303,82.11,66,17.89
3938,39,38,206,167,81.07,39,18.93
3939,39,39,256,204,79.69,52,20.31
3940,39,40,411,300,72.99,111,27.01
3941,39,41,415,327,78.8,88,21.2
3942,39,42,424,337,79.48,87,20.52
3943,39,43,421,298,70.78,123,29.22
3944,39,44,325,242,74.46,83,25.54
3945,39,45,358,262,73.18,96,26.82
4001,40,1,422,338,80.09,84,19.91
4002,40,2,492,398,80.89,94,19.11
4003,40,3,603,514,85.24,89,14.76
4004,40,4,297,250,84.18,47,15.82
4005,40,5,544,468,86.03,76,13.97
4006,40,6,563,501,88.99,62,11.01
4007,40,7,451,397,88.03,54,11.97
4008,40,8,636,552,86.79,84,13.21
4009,40,9,377,298,79.05,79,20.95
4010,40,10,537,431,80.26,106,19.74
4011,40,11,494,425,86.03,69,13.97
4012,40,12,402,352,87.56,50,12.44
4013,40,13,712,625,87.78,87,12.22
4014,40,14,445,357,80.22,88,19.78
4015,40,15,456,375,82.24,81,17.76
4016,40,16,637,540,84.77,97,15.23
4017,40,17,389,331,85.09,58,14.91
4018,40,18,384,309,80.47,75,19.53
4019,40,19,585,455,77.78,130,22.22
4020,40,20,497,396,79.68,101,20.32
4021,40,21,547,486,88.85,61,11.15
4022,40,22,589,517,87.78,72,12.22
4023,40,23,590,530,89.83,60,10.17
4024,40,24,439,357,81.32,82,18.68
4025,40,25,568,475,83.63,93,16.37
4026,40,26,505,442,87.52,63,12.48
4027,40,27,593,498,83.98,95,16.02
4028,40,28,522,441,84.48,81,15.52
4029,40,29,490,386,78.78,104,21.22
4030,40,30,387,313,80.88,74,19.12
4031,40,31,538,484,89.96,54,10.04
4032,40,32,531,457,86.06,74,13.94
4033,40,33,467,409,87.58,58,12.42
4034,40,34,406,333,82.02,73,17.98
4035,40,35,326,269,82.52,57,17.48
4036,40,36,410,351,85.61,59,14.39
4037,40,37,509,437,85.85,72,14.15
4038,40,38,600,530,88.33,70,11.67
4039,40,39,194,156,80.41,38,19.59
4101,41,1,409,248,60.64,161,39.36
4102,41,2,453,277,61.15,176,38.85
4103,41,3,422,290,68.72,132,31.28
4104,41,4,409,288,70.42,121,29.58
4105,41,5,496,355,71.57,141,28.43
4106,41,6,489,363,74.23,126,25.77
4107,41,7,436,293,67.2,143,32.8
4108,41,8,430,275,63.95,155,36.05
4109,41,9,377,260,68.97,117,31.03
4110,41,10,425,300,70.59,125,29.41
4111,41,11,460,280,60.87,180,39.13
4112,41,12,460,327,71.09,133,28.91
4113,41,13,482,326,67.63,156,32.37
4114,41,14,442,328,74.21,114,25.79
4115,41,15,515,371,72.04,144,27.96
4116,41,16,410,280,68.29,130,31.71
4117,41,17,374,257,68.72,117,31.28
4118,41,18,374,248,66.31,126,33.69
4119,41,19,439,335,76.31,104,23.69
4120,41,20,320,219,68.44,101,31.56
4121,41,21,457,309,67.61,148,32.39
4122,41,22,490,324,66.12,166,33.88
4123,41,23,405,265,65.43,140,34.57
4124,41,24,411,267,64.96,144,35.04
4125,41,25,390,270,69.23,120,30.77
4126,41,26,398,269,67.59,129,32.41
4127,41,27,370,239,64.59,131,35.41
4128,41,28,416,296,71.15,120,28.85
4129,41,29,347,243,70.03,104,29.97
4130,41,30,370,263,71.08,107,28.92
4131,41,31,376,270,71.81,106,28.19
4132,41,32,373,264,70.78,109,29.22
4133,41,33,393,261,66.41,132,33.59
4134,41,34,380,245,64.47,135,35.53
4135,41,35,486,311,63.99,175,36.01
4136,41,36,425,275,64.71,150,35.29
4137,41,37,479,359,74.95,120,25.05
4138,41,38,414,277,66.91,137,33.09
4139,41,39,426,269,63.15,157,36.85
4140,41,40,462,278,60.17,184,39.83
4141,41,41,446,300,67.26,146,32.74
4142,41,42,416,284,68.27,132,31.73
4143,41,43,403,273,67.74,130,32.26
4144,41,44,425,269,63.29,156,36.71
4145,41,45,433,293,67.67,140,32.33
4146,41,46,422,293,69.43,129,30.57
4147,41,47,418,293,70.1,125,29.9
4201,42,1,421,372,88.36,49,11.64
4202,42,2,593,502,84.65,91,15.35
4203,42,3,517,444,85.88,73,14.12
4204,42,4,1142,969,84.85,173,15.15
4205,42,5,392,344,87.76,48,12.24
4206,42,6,458,390,85.15,68,14.85
4207,42,7,583,500,85.76,83,14.24
4208,42,8,393,314,79.9,79,20.1
4209,42,9,670,555,82.84,115,17.16
4210,42,10,705,576,81.7,129,18.3
4211,42,11,319,279,87.46,40,12.54
4212,42,12,397,346,87.15,51,12.85
4213,42,13,383,328,85.64,55,14.36
4214,42,14,678,582,85.84,96,14.16
4215,42,15,655,558,85.19,97,14.81
4216,42,16,500,414,82.8,86,17.2
4217,42,17,787,664,84.37,123,15.63
4218,42,18,650,543,83.54,107,16.46
4219,42,19,608,507,83.39,101,16.61
4220,42,20,591,484,81.9,107,18.1
4221,42,21,625,552,88.32,73,11.68
4222,42,22,280,244,87.14,36,12.86
4223,42,23,508,413,81.3,95,18.7
4224,42,24,437,378,86.5,59,13.5
4225,42,25,568,459,80.81,109,19.19
4226,42,26,789,656,83.14,133,16.86
4227,42,27,341,260,76.25,81,23.75
4228,42,28,534,436,81.65,98,18.35
4229,42,29,596,485,81.38,111,18.62
4230,42,30,373,318,85.25,55,14.75
4231,42,31,572,479,83.74,93,16.26
4232,42,32,596,494,82.89,102,17.11
4233,42,33,571,468,81.96,103,18.04
4234,42,34,388,323,83.25,65,16.75
4235,42,35,605,504,83.31,101,16.69
4236,42,36,898,744,82.85,154,17.15
4237,42,37,381,318,83.46,63,16.54
4238,42,38,493,410,83.16,83,16.84
4239,42,39,878,749,85.31,129,14.69
4240,42,40,735,624,84.9,111,15.1
4241,42,41,529,443,83.74,86,16.26
4242,42,42,886,765,86.34,121,13.66
4301,43,1,248,213,85.89,35,14.11
4302,43,2,533,471,88.37,62,11.63
4303,43,3,460,400,86.96,60,13.04
4304,43,4,565,495,87.61,70,12.39
4305,43,5,443,392,88.49,51,11.51
4306,43,6,385,335,87.01,50,12.99
4307,43,7,281,254,90.39,27,9.61
4308,43,8,369,320,86.72,49,13.28
4309,43,9,469,400,85.29,69,14.71
4310,43,10,580,511,88.1,69,11.9
4311,43,11,459,403,87.8,56,12.2
4312,43,12,313,279,89.14,34,10.86
4313,43,13,493,421,85.4,72,14.6
4314,43,14,490,424,86.53,66,13.47
4315,43,15,469,399,85.07,70,14.93
4316,43,16,654,566,86.54,88,13.46
4317,43,17,389,346,88.95,43,11.05
4318,43,18,538,468,86.99,70,13.01
4319,43,19,476,432,90.76,44,9.24
4320,43,20,589,517,87.78,72,12.22
4321,43,21,555,472,85.05,83,14.95
4322,43,22,340,297,87.35,43,12.65
4323,43,23,347,310,89.34,37,10.66
4324,43,24,367,317,86.38,50,13.62
4325,43,25,404,340,84.16,64,15.84
4326,43,26,286,255,89.16,31,10.84
4327,43,27,450,393,87.33,57,12.67
4328,43,28,592,511,86.32,81,13.68
4329,43,29,681,586,86.05,95,13.95
4330,43,30,512,444,86.72,68,13.28
4331,43,31,447,382,85.46,65,14.54
4332,43,32,494,447,90.49,47,9.51
4333,43,33,444,388,87.39,56,12.61
4334,43,34,318,279,87.74,39,12.26
4335,43,35,502,428,85.26,74,14.74
4336,43,36,323,275,85.14,48,14.86
4337,43,37,574,504,87.8,70,12.2
4338,43,38,335,273,81.49,62,18.51
4339,43,39,367,303,82.56,64,17.44
4340,43,40,369,319,86.45,50,13.55
4341,43,41,585,521,89.06,64,10.94
4342,43,42,451,398,88.25,53,11.75
4343,43,43,461,411,89.15,50,10.85
4344,43,44,454,390,85.9,64,14.1
4345,43,45,300,265,88.33,35,11.67
4346,43,46,293,254,86.69,39,13.31
4401,44,1,806,702,87.1,104,12.9
4402,44,2,523,446,85.28,77,14.72
4403,44,3,275,243,88.36,32,11.64
4404,44,4,396,361,91.16,35,8.84
4405,44,5,539,470,87.2,69,12.8
4406,44,6,663,593,89.44,70,10.56
4407,44,7,312,268,85.9,44,14.1
4408,44,8,724,641,88.54,83,11.46
4409,44,9,557,493,88.51,64,11.49
4410,44,10,579,496,85.66,83,14.34
4411,44,11,628,529,84.24,99,15.76
4412,44,12,559,490,87.66,69,12.34
4413,44,13,469,417,88.91,52,11.09
4414,44,14,529,453,85.63,76,14.37
4415,44,15,498,442,88.76,56,11.24
4416,44,16,633,530,83.73,103,16.27
4417,44,17,719,617,85.81,102,14.19
4418,44,18,583,517,88.68,66,11.32
4419,44,19,634,542,85.49,92,14.51
4420,44,20,673,600,89.15,73,10.85
4421,44,21,627,551,87.88,76,12.12
4422,44,22,518,451,87.07,67,12.93
4423,44,23,530,485,91.51,45,8.49
4424,44,24,359,324,90.25,35,9.75
4425,44,25,551,490,88.93,61,11.07
4426,44,26,711,624,87.76,87,12.24
4427,44,27,623,548,87.96,75,12.04
4428,44,28,592,515,86.99,77,13.01
4429,44,29,622,552,88.75,70,11.25
4430,44,30,655,585,89.31,70,10.69
4431,44,31,489,415,84.87,74,15.13
4432,44,32,630,537,85.24,93,14.76
4433,44,33,615,552,89.76,63,10.24
4434,44,34,558,499,89.43,59,10.57
4435,44,35,556,472,84.89,84,15.11
4436,44,36,628,563,89.65,65,10.35
4437,44,37,610,532,87.21,78,12.79
4438,44,38,656,555,84.6,101,15.4
4439,44,39,598,550,91.97,48,8.03
4440,44,40,510,454,89.02,56,10.98
4441,44,41,707,619,87.55,88,12.45
4501,45,1,367,289,78.75,78,21.25
4502,45,2,452,392,86.73,60,13.27
4503,45,3,392,336,85.71,56,14.29
4504,45,4,520,416,80.0,104,20.0
4505,45,5,449,375,83.52,74,16.48
4506,45,6,591,479,81.05,112,18.95
4507,45,7,628,520,82.8,108,17.2
4508,45,8,449,353,78.62,96,21.38
4509,45,9,437,331,75.74,106,24.26
4510,45,10,423,327,77.3,96,22.7
4511,45,11,345,271,78.55,74,21.45
4512,45,12,393,292,74.3,101,25.7
4513,45,13,356,291,81.74,65,18.26
4514,45,14,615,494,80.33,121,19.67
4515,45,15,521,415,79.65,106,20.35
4516,45,16,354,283,79.94,71,20.06
4517,45,17,460,342,74.35,118,25.65
4518,45,18,463,360,77.75,103,22.25
4519,45,19,240,182,75.83,58,24.17
4520,45,20,295,225,76.27,70,23.73
4521,45,21,376,278,73.94,98,26.06
4522,45,22,389,303,77.89,86,22.11
4523,45,23,396,291,73.48,105,26.52
4524,45,24,337,239,70.92,98,29.08
4525,45,25,280,189,67.5,91,32.5
4526,45,26,238,180,75.63,58,24.37
4527,45,27,406,301,74.14,105,25.86
4528,45,28,351,264,75.21,87,24.79
4529,45,29,272,219,80.51,53,19.49
4530,45,30,419,326,77.8,93,22.2
4531,45,31,342,265,77.49,77,22.51
4532,45,32,403,306,75.93,97,24.07
4533,45,33,300,240,80.0,60,20.0
4534,45,34,453,349,77.04,104,22.96
4535,45,35,470,346,73.62,124,26.38
4536,45,36,441,325,73.7,116,26.3
4537,45,37,409,296,72.37,113,27.63
4538,45,38,406,302,74.38,104,25.62
4539,45,39,422,316,74.88,106,25.12
4540,45,40,395,274,69.37,121,30.63
4541,45,41,383,260,67.89,123,32.11
4542,45,42,395,294,74.43,101,25.57
4543,45,43,444,320,72.07,124,27.93
4544,45,44,384,274,71.35,110,28.65
4545,45,45,267,169,63.3,98,36.7
4546,45,46,335,226,67.46,109,32.54
4547,45,47,303,204,67.33,99,32.67
4548,45,48,326,218,66.87,108,33.13
4601,46,1,406,340,83.74,66,16.26
4602,46,2,505,435,86.14,70,13.86
4603,46,3,591,521,88.16,70,11.84
4604,46,4,494,427,86.44,67,13.56
4605,46,5,681,581,85.32,100,14.68
4606,46,6,450,376,83.56,74,16.44
4607,46,7,481,421,87.53,60,12.47
4608,46,8,349,284,81.38,65,18.62
4609,46,9,581,502,86.4,79,13.6
4610,46,10,887,785,88.5,102,11.5
4611,46,11,498,423,84.94,75,15.06
4612,46,12,556,476,85.61,80,14.39
4613,46,13,536,481,89.74,55,10.26
4614,46,14,542,429,79.15,113,20.85
4615,46,15,524,468,89.31,56,10.69
4616,46,16,592,517,87.33,75,12.67
4617,46,17,544,472,86.76,72,13.24
4618,46,18,591,482,81.56,109,18.44
4619,46,19,341,295,86.51,46,13.49
4620,46,20,436,375,86.01,61,13.99
4621,46,21,397,316,79.6,81,20.4
4622,46,22,367,301,82.02,66,17.98
4623,46,23,483,412,85.3,71,14.7
4624,46,24,645,562,87.13,83,12.87
4625,46,25,506,433,85.57,73,14.43
4626,46,26,722,613,84.9,109,15.1
4627,46,27,679,572,84.24,107,15.76
4628,46,28,468,401,85.68,67,14.32
4629,46,29,407,343,84.28,64,15.72
4630,46,30,535,447,83.55,88,16.45
4631,46,31,528,473,89.58,55,10.42
4632,46,32,506,425,83.99,81,16.01
4633,46,33,528,467,88.45,61,11.55
4634,46,34,673,571,84.84,102,15.16
4635,46,35,588,507,86.22,81,13.78
4636,46,36,485,414,85.36,71,14.64
4637,46,37,414,357,86.23,57,13.77
4638,46,38,593,503,84.82,90,15.18
4639,46,39,471,385,81.74,86,18.26
4640,46,40,435,377,86.67,58,13.33
4701,47,1,372,322,86.56,50,13.44
4702,47,2,511,453,88.65,58,11.35
4703,47,3,496,438,88.31,58,11.69
4704,47,4,633,551,87.05,82,12.95
4705,47,5,586,508,86.69,78,13.31
4706,47,6,646,578,89.47,68,10.53
4707,47,7,505,424,83.96,81,16.04
4708,47,8,538,461,85.69,77,14.31
4709,47,9,501,428,85.43,73,14.57
4710,47,10,654,579,88.53,75,11.47
4711,47,11,542,465,85.79,77,14.21
4712,47,12,583,503,86.28,80,13.72
4713,47,13,533,466,87.43,67,12.57
4714,47,14,485,426,87.84,59,12.16
4715,47,15,676,602,89.05,74,10.95
4716,47,16,531,460,86.63,71,13.37
4717,47,17,529,425,80.34,104,19.66
4718,47,18,517,440,85.11,77,14.89
4719,47,19,831,737,88.69,94,11.31
4720,47,20,565,484,85.66,81,14.34
4721,47,21,516,436,84.5,80,15.5
4722,47,22,579,512,88.43,67,11.57
4723,47,23,609,549,90.15,60,9.85
4724,47,24,550,490,89.09,60,10.91
4725,47,25,654,575,87.92,79,12.08
4726,47,26,730,653,89.45,77,10.55
4727,47,27,465,400,86.02,65,13.98
4728,47,28,495,435,87.88,60,12.12
4729,47,29,635,561,88.35,74,11.65
4730,47,30,675,591,87.56,84,12.44
4731,47,31,587,505,86.03,82,13.97
4732,47,32,663,588,88.69,75,11.31
4733,47,33,519,454,87.48,65,12.52
4734,47,34,562,505,89.86,57,10.14
4735,47,35,531,454,85.5,77,14.5
4736,47,36,632,551,87.18,81,12.82
4737,47,37,498,437,87.75,61,12.25
4738,47,38,540,476,88.15,64,11.85
4739,47,39,534,473,88.58,61,11.42
4740,47,40,507,449,88.56,58,11.44
4741,47,41,597,516,86.43,81,13.57
4742,47,42,525,450,85.71,75,14.29
4743,47,43,484,426,88.02,58,11.98
4744,47,44,463,406,87.69,57,12.31
4745,47,45,511,458,89.63,53,10.37
4746,47,46,553,475,85.9,78,14.1
4747,47,47,658,575,87.39,83,12.61
4748,47,48,35,25,71.43,10,28.57
4801,48,1,511,443,86.69,68,13.31
4802,48,2,216,195,90.28,21,9.72
4803,48,3,585,493,84.27,92,15.73
4804,48,4,454,400,88.11,54,11.89
4805,48,5,253,228,90.12,25,9.88
4806,48,6,601,525,87.35,76,12.65
4807,48,7,534,480,89.89,54,10.11
4808,48,8,249,208,83.53,41,16.47
4809,48,9,322,264,81.99,58,18.01
4810,48,10,704,634,90.06,70,9.94
4811,48,11,405,360,88.89,45,11.11
4812,48,12,601,528,87.85,73,12.15
4813,48,13,616,522,84.74,94,15.26
4814,48,14,203,163,80.3,40,19.7
4815,48,15,323,274,84.83,49,15.17
4816,48,16,553,466,84.27,87,15.73
4817,48,17,432,381,88.19,51,11.81
4818,48,18,344,269,78.2,75,21.8
4819,48,19,348,308,88.51,40,11.49
4820,48,20,550,466,84.73,84,15.27
4821,48,21,645,518,80.31,127,19.69
4822,48,22,369,315,85.37,54,14.63
4823,48,23,431,377,87.47,54,12.53
4824,48,24,577,420,72.79,157,27.21
4825,48,25,439,407,92.71,32,7.29
4826,48,26,238,200,84.03,38,15.97
4827,48,27,497,415,83.5,82,16.5
4828,48,28,546,445,81.5,101,18.5
4829,48,29,182,168,92.31,14,7.69
4830,48,30,422,368,87.2,54,12.8
4831,48,31,734,603,82.15,131,17.85
4832,48,32,544,470,86.4,74,13.6
4833,48,33,258,235,91.09,23,8.91
4834,48,34,418,366,87.56,52,12.44
4835,48,35,301,250,83.06,51,16.94
4836,48,36,273,246,90.11,27,9.89
4837,48,37,518,457,88.22,61,11.78
4838,48,38,506,458,90.51,48,9.49
4839,48,39,370,316,85.41,54,14.59
4840,48,40,453,413,91.17,40,8.83
4841,48,41,657,566,86.15,91,13.85
4842,48,42,585,506,86.5,79,13.5
4843,48,43,592,512,86.49,80,13.51
4844,48,44,644,581,90.22,63,9.78
4845,48,45,374,322,86.1,52,13.9
4846,48,46,285,247,86.67,38,13.33
4901,49,1,346,265,76.59,81,23.41
4902,49,2,310,278,89.68,32,10.32
4903,49,3,638,534,83.7,104,16.3
4904,49,4,684,578,84.5,106,15.5
4905,49,5,494,428,86.64,66,13.36
4906,49,6,442,373,84.39,69,15.61
4907,49,7,407,343,84.28,64,15.72
4908,49,8,455,398,87.47,57,12.53
4909,49,9,524,445,84.92,79,15.08
4910,49,10,592,493,83.28,99,16.72
4911,49,11,663,582,87.78,81,12.22
4912,49,12,637,556,87.28,81,12.72
4913,49,13,588,484,82.31,104,17.69
4914,49,14,397,339,85.39,58,14.61
4915,49,15,380,312,82.11,68,17.89
4916,49,16,467,390,83.51,77,16.49
4917,49,17,399,342,85.71,57,14.29
4918,49,18,657,558,84.93,99,15.07
4919,49,19,476,391,82.14,85,17.86
4920,49,20,773,661,85.51,112,14.49
4921,49,21,323,263,81.42,60,18.58
4922,49,22,536,441,82.28,95,17.72
4923,49,23,669,570,85.2,99,14.8
4924,49,24,397,331,83.38,66,16.62
4925,49,25,647,537,83.0,110,17.0
4926,49,26,591,498,84.26,93,15.74
4927,49,27,591,495,83.76,96,16.24
4928,49,28,739,622,84.17,117,15.83
4929,49,29,598,514,85.95,84,14.05
4930,49,30,544,456,83.82,88,16.18
4931,49,31,354,286,80.79,68,19.21
4932,49,32,495,387,78.18,108,21.82
4933,49,33,402,348,86.57,54,13.43
5001,50,1,325,268,82.46,57,17.54
5002,50,2,228,188,82.46,40,17.54
5003,50,3,302,254,84.11,48,15.89
5004,50,4,409,350,85.57,59,14.43
5005,50,5,222,187,84.23,35,15.77
5006,50,6,400,327,81.75,73,18.25
5007,50,7,485,405,83.51,80,16.49
5008,50,8,384,301,78.39,83,21.61
5009,50,9,315,253,80.32,62,19.68
5010,50,10,386,295,76.42,91,23.58
5011,50,11,187,142,75.94,45,24.06
5012,50,12,153,123,80.39,30,19.61
5013,50,13,468,381,81.41,87,18.59
5014,50,14,112,86,76.79,26,23.21
5015,50,15,476,411,86.34,65,13.66
5016,50,16,101,79,78.22,22,21.78
5017,50,17,387,314,81.14,73,18.86
5018,50,18,50,37,74.0,13,26.0
5019,50,19,331,272,82.18,59,17.82
5020,50,20,428,345,80.61,83,19.39
5021,50,21,352,282,80.11,70,19.89
5022,50,22,337,267,79.23,70,20.77
5023,50,23,255,193,75.69,62,24.31
5024,50,24,228,163,71.49,65,28.51
5025,50,25,308,243,78.9,65,21.1
5026,50,26,415,321,77.35,94,22.65
5027,50,27,104,81,77.88,23,22.12
5028,50,28,422,344,81.52,78,18.48
5029,50,29,409,339,82.89,70,17.11
5030,50,30,321,274,85.36,47,14.64
5031,50,31,552,464,84.06,88,15.94
5032,50,32,439,362,82.46,77,17.54
5033,50,33,228,183,80.26,45,19.74
5034,50,34,461,370,80.26,91,19.74
5035,50,35,529,437,82.61,92,17.39
5036,50,36,388,318,81.96,70,18.04
5037,50,37,402,338,84.08,64,15.92
5038,50,38,119,94,78.99,25,21.01
5039,50,39,227,179,78.85,48,21.15
5040,50,40,258,198,76.74,60,23.26
