id,ward,precinct,total,Yes,Yes Percent,No,No Percent
0101,1,1,513,319,62.18,194,37.82
0102,1,2,479,295,61.59,184,38.41
0103,1,3,607,442,72.82,165,27.18
0104,1,4,579,411,70.98,168,29.02
0105,1,5,521,367,70.44,154,29.56
0106,1,6,449,321,71.49,128,28.51
0107,1,7,371,262,70.62,109,29.38
0108,1,8,425,298,70.12,127,29.88
0109,1,9,366,258,70.49,108,29.51
0110,1,10,625,444,71.04,181,28.96
0111,1,11,574,424,73.87,150,26.13
0112,1,12,603,370,61.36,233,38.64
0113,1,13,254,171,67.32,83,32.68
0114,1,14,458,312,68.12,146,31.88
0115,1,15,473,317,67.02,156,32.98
0116,1,16,555,382,68.83,173,31.17
0117,1,17,441,279,63.27,162,36.73
0118,1,18,505,321,63.56,184,36.44
0119,1,19,611,393,64.32,218,35.68
0120,1,20,405,258,63.7,147,36.3
0121,1,21,684,486,71.05,198,28.95
0122,1,22,343,231,67.35,112,32.65
0123,1,23,658,442,67.17,216,32.83
0124,1,24,464,292,62.93,172,37.07
0125,1,25,501,339,67.66,162,32.34
0126,1,26,345,232,67.25,113,32.75
0127,1,27,579,410,70.81,169,29.19
0128,1,28,165,121,73.33,44,26.67
0129,1,29,630,439,69.68,191,30.32
0130,1,30,577,367,63.6,210,36.4
0131,1,31,455,316,69.45,139,30.55
0132,1,32,491,336,68.43,155,31.57
0133,1,33,547,372,68.01,175,31.99
0134,1,34,422,306,72.51,116,27.49
0135,1,35,638,429,67.24,209,32.76
0136,1,36,593,430,72.51,163,27.49
0137,1,37,502,362,72.11,140,27.89
0138,1,38,492,339,68.9,153,31.1
0139,1,39,427,307,71.9,120,28.1
0140,1,40,446,327,73.32,119,26.68
0141,1,41,291,200,68.73,91,31.27
0142,1,42,179,117,65.36,62,34.64
0143,1,43,324,226,69.75,98,30.25
0144,1,44,467,295,63.17,172,36.83
0201,2,1,567,393,69.31,174,30.69
0202,2,2,345,279,80.87,66,19.13
0203,2,3,573,396,69.11,177,30.89
0204,2,4,493,345,69.98,148,30.02
0205,2,5,623,427,68.54,196,31.46
0206,2,6,536,359,66.98,177,33.02
0207,2,7,446,305,68.39,141,31.61
0208,2,8,634,447,70.5,187,29.5
0209,2,9,462,349,75.54,113,24.46
0210,2,10,343,271,79.01,72,20.99
0211,2,11,460,362,78.7,98,21.3
0212,2,12,397,328,82.62,69,17.38
0213,2,13,391,310,79.28,81,20.72
0214,2,14,497,333,67.0,164,33.0
0215,2,15,436,310,71.1,126,28.9
0216,2,16,487,344,70.64,143,29.36
0217,2,17,584,392,67.12,192,32.88
0218,2,18,422,340,80.57,82,19.43
0219,2,19,307,233,75.9,74,24.1
0220,2,20,591,458,77.5,133,22.5
0221,2,21,537,363,67.6,174,32.4
0222,2,22,475,373,78.53,102,21.47
0223,2,23,289,242,83.74,47,16.26
0224,2,24,416,333,80.05,83,19.95
0225,2,25,549,397,72.31,152,27.69
0226,2,26,383,279,72.85,104,27.15
0227,2,27,414,312,75.36,102,24.64
0228,2,28,531,415,78.15,116,21.85
0229,2,29,515,390,75.73,125,24.27
0230,2,30,416,324,77.88,92,22.12
0231,2,31,530,438,82.64,92,17.36
0232,2,32,434,326,75.12,108,24.88
0233,2,33,642,513,79.91,129,20.09
0234,2,34,332,270,81.33,62,18.67
0235,2,35,612,470,76.8,142,23.2
0236,2,36,490,373,76.12,117,23.88
0237,2,37,407,312,76.66,95,23.34
0238,2,38,407,314,77.15,93,22.85
0239,2,39,324,231,71.3,93,28.7
0240,2,40,660,521,78.94,139,21.06
0241,2,41,555,412,74.23,143,25.77
0242,2,42,534,432,80.9,102,19.1
0243,2,43,627,491,78.31,136,21.69
0244,2,44,287,223,77.7,64,22.3
0245,2,45,548,427,77.92,121,22.08
0246,2,46,251,179,71.31,72,28.69
0301,3,1,636,453,71.23,183,28.77
0302,3,2,462,357,77.27,105,22.73
0303,3,3,383,279,72.85,104,27.15
0304,3,4,530,376,70.94,154,29.06
0305,3,5,265,189,71.32,76,28.68
0306,3,6,665,480,72.18,185,27.82
0307,3,7,256,193,75.39,63,24.61
0308,3,8,357,232,64.99,125,35.01
0309,3,9,539,345,64.01,194,35.99
0310,3,10,209,146,69.86,63,30.14
0311,3,11,532,364,68.42,168,31.58
0312,3,12,415,311,74.94,104,25.06
0313,3,13,547,405,74.04,142,25.96
0314,3,14,544,392,72.06,152,27.94
0315,3,15,440,292,66.36,148,33.64
0316,3,16,384,273,71.09,111,28.91
0317,3,17,691,488,70.62,203,29.38
0318,3,18,622,437,70.26,185,29.74
0319,3,19,577,437,75.74,140,24.26
0320,3,20,505,338,66.93,167,33.07
0321,3,21,497,409,82.29,88,17.71
0322,3,22,675,470,69.63,205,30.37
0323,3,23,386,267,69.17,119,30.83
0324,3,24,415,310,74.7,105,25.3
0325,3,25,793,617,77.81,176,22.19
0326,3,26,514,403,78.4,111,21.6
0327,3,27,611,456,74.63,155,25.37
0328,3,28,219,157,71.69,62,28.31
0329,3,29,482,322,66.8,160,33.2
0330,3,30,390,271,69.49,119,30.51
0331,3,31,544,370,68.01,174,31.99
0332,3,32,761,579,76.08,182,23.92
0333,3,33,603,450,74.63,153,25.37
0334,3,34,708,504,71.19,204,28.81
0335,3,35,249,174,69.88,75,30.12
0336,3,36,223,164,73.54,59,26.46
0337,3,37,450,295,65.56,155,34.44
0338,3,38,335,263,78.51,72,21.49
0339,3,39,953,703,73.77,250,26.23
0340,3,40,498,363,72.89,135,27.11
0341,3,41,320,207,64.69,113,35.31
0401,4,1,704,464,65.91,240,34.09
0402,4,2,656,478,72.87,178,27.13
0403,4,3,395,266,67.34,129,32.66
0404,4,4,644,446,69.25,198,30.75
0405,4,5,513,337,65.69,176,34.31
0406,4,6,521,386,74.09,135,25.91
0407,4,7,637,471,73.94,166,26.06
0408,4,8,537,368,68.53,169,31.47
0409,4,9,525,397,75.62,128,24.38
0410,4,10,618,431,69.74,187,30.26
0411,4,11,484,344,71.07,140,28.93
0412,4,12,660,456,69.09,204,30.91
0413,4,13,642,465,72.43,177,27.57
0414,4,14,483,355,73.5,128,26.5
0415,4,15,563,404,71.76,159,28.24
0416,4,16,859,649,75.55,210,24.45
0417,4,17,574,425,74.04,149,25.96
0418,4,18,472,331,70.13,141,29.87
0419,4,19,325,207,63.69,118,36.31
0420,4,20,377,276,73.21,101,26.79
0421,4,21,553,404,73.06,149,26.94
0422,4,22,438,312,71.23,126,28.77
0423,4,23,598,431,72.07,167,27.93
0424,4,24,464,330,71.12,134,28.88
0425,4,25,612,459,75.0,153,25.0
0426,4,26,447,320,71.59,127,28.41
0427,4,27,660,427,64.7,233,35.3
0428,4,28,441,310,70.29,131,29.71
0429,4,29,477,335,70.23,142,29.77
0430,4,30,683,495,72.47,188,27.53
0431,4,31,414,327,78.99,87,21.01
0432,4,32,552,385,69.75,167,30.25
0433,4,33,460,341,74.13,119,25.87
0434,4,34,438,301,68.72,137,31.28
0435,4,35,585,415,70.94,170,29.06
0436,4,36,593,427,72.01,166,27.99
0437,4,37,933,690,73.95,243,26.05
0438,4,38,552,416,75.36,136,24.64
0501,5,1,436,291,66.74,145,33.26
0502,5,2,355,241,67.89,114,32.11
0503,5,3,455,327,71.87,128,28.13
0504,5,4,598,378,63.21,220,36.79
0505,5,5,398,279,70.1,119,29.9
0506,5,6,345,241,69.86,104,30.14
0507,5,7,431,315,73.09,116,26.91
0508,5,8,440,338,76.82,102,23.18
0509,5,9,531,384,72.32,147,27.68
0510,5,10,374,241,64.44,133,35.56
0511,5,11,443,315,71.11,128,28.89
0512,5,12,291,194,66.67,97,33.33
0513,5,13,401,271,67.58,130,32.42
0514,5,14,358,246,68.72,112,31.28
0515,5,15,434,296,68.2,138,31.8
0516,5,16,437,274,62.7,163,37.3
0517,5,17,364,257,70.6,107,29.4
0518,5,18,417,285,68.35,132,31.65
0519,5,19,419,314,74.94,105,25.06
0520,5,20,478,358,74.9,120,25.1
0521,5,21,450,324,72.0,126,28.0
0522,5,22,523,391,74.76,132,25.24
0523,5,23,781,547,70.04,234,29.96
0524,5,24,575,385,66.96,190,33.04
0525,5,25,388,304,78.35,84,21.65
0526,5,26,450,319,70.89,131,29.11
0527,5,27,408,297,72.79,111,27.21
0528,5,28,457,332,72.65,125,27.35
0529,5,29,472,316,66.95,156,33.05
0530,5,30,293,188,64.16,105,35.84
0531,5,31,346,234,67.63,112,32.37
0532,5,32,495,360,72.73,135,27.27
0533,5,33,427,293,68.62,134,31.38
0534,5,34,446,333,74.66,113,25.34
0535,5,35,555,408,73.51,147,26.49
0536,5,36,260,197,75.77,63,24.23
0537,5,37,467,355,76.02,112,23.98
0538,5,38,420,288,68.57,132,31.43
0539,5,39,367,278,75.75,89,24.25
0540,5,40,356,237,66.57,119,33.43
0541,5,41,185,153,82.7,32,17.3
0601,6,1,383,287,74.93,96,25.07
0602,6,2,374,282,75.4,92,24.6
0603,6,3,365,290,79.45,75,20.55
0604,6,4,270,192,71.11,78,28.89
0605,6,5,231,161,69.7,70,30.3
0606,6,6,440,301,68.41,139,31.59
0607,6,7,373,257,68.9,116,31.1
0608,6,8,360,273,75.83,87,24.17
0609,6,9,392,283,72.19,109,27.81
0610,6,10,252,177,70.24,75,29.76
0611,6,11,329,221,67.17,108,32.83
0612,6,12,280,195,69.64,85,30.36
0613,6,13,274,187,68.25,87,31.75
0614,6,14,338,235,69.53,103,30.47
0615,6,15,314,210,66.88,104,33.12
0616,6,16,391,278,71.1,113,28.9
0617,6,17,240,164,68.33,76,31.67
0618,6,18,266,211,79.32,55,20.68
0619,6,19,296,208,70.27,88,29.73
0620,6,20,245,175,71.43,70,28.57
0621,6,21,182,116,63.74,66,36.26
0622,6,22,216,159,73.61,57,26.39
0623,6,23,164,114,69.51,50,30.49
0624,6,24,192,125,65.1,67,34.9
0625,6,25,188,131,69.68,57,30.32
0626,6,26,261,179,68.58,82,31.42
0627,6,27,225,161,71.56,64,28.44
0628,6,28,173,122,70.52,51,29.48
0629,6,29,367,253,68.94,114,31.06
0630,6,30,317,226,71.29,91,28.71
0631,6,31,317,238,75.08,79,24.92
0632,6,32,376,268,71.28,108,28.72
0633,6,33,371,277,74.66,94,25.34
0634,6,34,371,259,69.81,112,30.19
0635,6,35,340,237,69.71,103,30.29
0636,6,36,395,285,72.15,110,27.85
0637,6,37,407,287,70.52,120,29.48
0638,6,38,399,289,72.43,110,27.57
0639,6,39,298,207,69.46,91,30.54
0640,6,40,315,220,69.84,95,30.16
0641,6,41,374,243,64.97,131,35.03
0642,6,42,348,250,71.84,98,28.16
0643,6,43,337,230,68.25,107,31.75
0644,6,44,391,275,70.33,116,29.67
0645,6,45,373,251,67.29,122,32.71
0646,6,46,281,194,69.04,87,30.96
0647,6,47,250,186,74.4,64,25.6
0648,6,48,354,272,76.84,82,23.16
0701,7,1,350,234,66.86,116,33.14
0702,7,2,346,230,66.47,116,33.53
0703,7,3,338,243,71.89,95,28.11
0704,7,4,344,249,72.38,95,27.62
0705,7,5,314,217,69.11,97,30.89
0706,7,6,435,299,68.74,136,31.26
0707,7,7,347,233,67.15,114,32.85
0708,7,8,207,141,68.12,66,31.88
0709,7,9,596,401,67.28,195,32.72
0710,7,10,347,257,74.06,90,25.94
0711,7,11,383,263,68.67,120,31.33
0712,7,12,319,228,71.47,91,28.53
0713,7,13,197,152,77.16,45,22.84
0714,7,14,399,279,69.92,120,30.08
0715,7,15,330,246,74.55,84,25.45
0716,7,16,345,227,65.8,118,34.2
0717,7,17,286,187,65.38,99,34.62
0718,7,18,315,215,68.25,100,31.75
0719,7,19,339,252,74.34,87,25.66
0720,7,20,286,192,67.13,94,32.87
0721,7,21,265,185,69.81,80,30.19
0722,7,22,298,200,67.11,98,32.89
0723,7,23,320,237,74.06,83,25.94
0724,7,24,281,199,70.82,82,29.18
0725,7,25,287,209,72.82,78,27.18
0726,7,26,272,186,68.38,86,31.62
0727,7,27,261,190,72.8,71,27.2
0728,7,28,254,177,69.69,77,30.31
0729,7,29,324,221,68.21,103,31.79
0730,7,30,279,227,81.36,52,18.64
0731,7,31,252,169,67.06,83,32.94
0732,7,32,442,314,71.04,128,28.96
0733,7,33,417,306,73.38,111,26.62
0734,7,34,432,308,71.3,124,28.7
0735,7,35,384,260,67.71,124,32.29
0736,7,36,454,323,71.15,131,28.85
0737,7,37,345,256,74.2,89,25.8
0738,7,38,314,235,74.84,79,25.16
0739,7,39,325,229,70.46,96,29.54
0740,7,40,277,216,77.98,61,22.02
0741,7,41,337,243,72.11,94,27.89
0742,7,42,347,242,69.74,105,30.26
0743,7,43,330,257,77.88,73,22.12
0744,7,44,309,229,74.11,80,25.89
0745,7,45,329,231,70.21,98,29.79
0746,7,46,87,69,79.31,18,20.69
0801,8,1,323,236,73.07,87,26.93
0802,8,2,341,232,68.04,109,31.96
0803,8,3,384,264,68.75,120,31.25
0804,8,4,417,310,74.34,107,25.66
0805,8,5,310,245,79.03,65,20.97
0806,8,6,350,258,73.71,92,26.29
0807,8,7,409,296,72.37,113,27.63
0808,8,8,362,270,74.59,92,25.41
0809,8,9,232,170,73.28,62,26.72
0810,8,10,455,329,72.31,126,27.69
0811,8,11,309,206,66.67,103,33.33
0812,8,12,315,224,71.11,91,28.89
0813,8,13,422,302,71.56,120,28.44
0814,8,14,293,185,63.14,108,36.86
0815,8,15,228,174,76.32,54,23.68
0816,8,16,108,76,70.37,32,29.63
0817,8,17,292,213,72.95,79,27.05
0818,8,18,318,227,71.38,91,28.62
0819,8,19,393,296,75.32,97,24.68
0820,8,20,421,282,66.98,139,33.02
0821,8,21,461,310,67.25,151,32.75
0822,8,22,328,240,73.17,88,26.83
0823,8,23,284,212,74.65,72,25.35
0824,8,24,190,129,67.89,61,32.11
0825,8,25,357,234,65.55,123,34.45
0826,8,26,291,216,74.23,75,25.77
0827,8,27,386,267,69.17,119,30.83
0828,8,28,369,287,77.78,82,22.22
0829,8,29,376,278,73.94,98,26.06
0830,8,30,398,281,70.6,117,29.4
0831,8,31,281,213,75.8,68,24.2
0832,8,32,279,209,74.91,70,25.09
0833,8,33,266,186,69.92,80,30.08
0834,8,34,319,246,77.12,73,22.88
0835,8,35,403,288,71.46,115,28.54
0836,8,36,360,252,70.0,108,30.0
0837,8,37,276,183,66.3,93,33.7
0838,8,38,264,210,79.55,54,20.45
0839,8,39,332,230,69.28,102,30.72
0840,8,40,287,201,70.03,86,29.97
0841,8,41,380,258,67.89,122,32.11
0842,8,42,460,330,71.74,130,28.26
0843,8,43,198,127,64.14,71,35.86
0844,8,44,250,191,76.4,59,23.6
0845,8,45,306,212,69.28,94,30.72
0846,8,46,287,205,71.43,82,28.57
0847,8,47,292,204,69.86,88,30.14
0848,8,48,315,227,72.06,88,27.94
0849,8,49,339,237,69.91,102,30.09
0850,8,50,338,234,69.23,104,30.77
0851,8,51,344,260,75.58,84,24.42
0852,8,52,449,339,75.5,110,24.5
0853,8,53,207,154,74.4,53,25.6
0854,8,54,297,198,66.67,99,33.33
0855,8,55,264,206,78.03,58,21.97
0856,8,56,374,260,69.52,114,30.48
0901,9,1,320,234,73.13,86,26.88
0902,9,2,279,201,72.04,78,27.96
0903,9,3,211,137,64.93,74,35.07
0904,9,4,253,184,72.73,69,27.27
0905,9,5,337,247,73.29,90,26.71
0906,9,6,319,227,71.16,92,28.84
0907,9,7,267,191,71.54,76,28.46
0908,9,8,347,243,70.03,104,29.97
0909,9,9,381,270,70.87,111,29.13
0910,9,10,250,173,69.2,77,30.8
0911,9,11,245,182,74.29,63,25.71
0912,9,12,382,283,74.08,99,25.92
0913,9,13,375,277,73.87,98,26.13
0914,9,14,391,316,80.82,75,19.18
0915,9,15,346,220,63.58,126,36.42
0916,9,16,342,236,69.01,106,30.99
0917,9,17,222,166,74.77,56,25.23
0918,9,18,241,170,70.54,71,29.46
0919,9,19,351,251,71.51,100,28.49
0920,9,20,312,226,72.44,86,27.56
0921,9,21,308,217,70.45,91,29.55
0922,9,22,370,255,68.92,115,31.08
0923,9,23,366,261,71.31,105,28.69
0924,9,24,346,248,71.68,98,28.32
0925,9,25,289,209,72.32,80,27.68
0926,9,26,295,212,71.86,83,28.14
0927,9,27,274,210,76.64,64,23.36
0928,9,28,222,156,70.27,66,29.73
0929,9,29,294,211,71.77,83,28.23
0930,9,30,286,209,73.08,77,26.92
0931,9,31,284,202,71.13,82,28.87
0932,9,32,344,245,71.22,99,28.78
0933,9,33,247,188,76.11,59,23.89
0934,9,34,283,208,73.5,75,26.5
0935,9,35,309,230,74.43,79,25.57
0936,9,36,296,206,69.59,90,30.41
0937,9,37,506,325,64.23,181,35.77
0938,9,38,325,227,69.85,98,30.15
0939,9,39,355,251,70.7,104,29.3
0940,9,40,368,274,74.46,94,25.54
0941,9,41,274,193,70.44,81,29.56
0942,9,42,360,258,71.67,102,28.33
0943,9,43,296,215,72.64,81,27.36
0944,9,44,315,230,73.02,85,26.98
0945,9,45,253,181,71.54,72,28.46
0946,9,46,329,245,74.47,84,25.53
0947,9,47,356,267,75.0,89,25.0
0948,9,48,338,243,71.89,95,28.11
0949,9,49,365,264,72.33,101,27.67
0950,9,50,456,319,69.96,137,30.04
0951,9,51,330,247,74.85,83,25.15
1001,10,1,277,207,74.73,70,25.27
1002,10,2,340,229,67.35,111,32.65
1003,10,3,378,251,66.4,127,33.6
1004,10,4,274,186,67.88,88,32.12
1005,10,5,290,216,74.48,74,25.52
1006,10,6,287,207,72.13,80,27.87
1007,10,7,271,192,70.85,79,29.15
1008,10,8,187,118,63.1,69,36.9
1009,10,9,341,256,75.07,85,24.93
1010,10,10,402,265,65.92,137,34.08
1011,10,11,473,327,69.13,146,30.87
1012,10,12,263,172,65.4,91,34.6
1013,10,13,323,238,73.68,85,26.32
1014,10,14,466,346,74.25,120,25.75
1015,10,15,627,463,73.84,164,26.16
1016,10,16,311,212,68.17,99,31.83
1017,10,17,476,318,66.81,158,33.19
1018,10,18,208,141,67.79,67,32.21
1019,10,19,380,276,72.63,104,27.37
1020,10,20,381,280,73.49,101,26.51
1021,10,21,363,258,71.07,105,28.93
1022,10,22,217,165,76.04,52,23.96
1023,10,23,313,237,75.72,76,24.28
1024,10,24,335,239,71.34,96,28.66
1025,10,25,109,85,77.98,24,22.02
1026,10,26,259,209,80.69,50,19.31
1027,10,27,310,230,74.19,80,25.81
1028,10,28,409,306,74.82,103,25.18
1029,10,29,378,291,76.98,87,23.02
1030,10,30,329,236,71.73,93,28.27
1031,10,31,322,224,69.57,98,30.43
1032,10,32,384,262,68.23,122,31.77
1033,10,33,292,195,66.78,97,33.22
1034,10,34,244,164,67.21,80,32.79
1035,10,35,382,276,72.25,106,27.75
1036,10,36,92,70,76.09,22,23.91
1101,11,1,380,253,66.58,127,33.42
1102,11,2,34,24,70.59,10,29.41
1103,11,3,432,259,59.95,173,40.05
1104,11,4,300,208,69.33,92,30.67
1105,11,5,566,348,61.48,218,38.52
1106,11,6,676,458,67.75,218,32.25
1107,11,7,409,292,71.39,117,28.61
1108,11,8,400,273,68.25,127,31.75
1109,11,9,373,247,66.22,126,33.78
1110,11,10,400,284,71.0,116,29.0
1111,11,11,475,307,64.63,168,35.37
1112,11,12,537,408,75.98,129,24.02
1113,11,13,492,349,70.93,143,29.07
1114,11,14,202,135,66.83,67,33.17
1115,11,15,153,107,69.93,46,30.07
1116,11,16,294,214,72.79,80,27.21
1117,11,17,517,335,64.8,182,35.2
1118,11,18,328,234,71.34,94,28.66
1119,11,19,577,374,64.82,203,35.18
1120,11,20,284,209,73.59,75,26.41
1121,11,21,490,347,70.82,143,29.18
1122,11,22,545,346,63.49,199,36.51
1123,11,23,215,152,70.7,63,29.3
1124,11,24,473,355,75.05,118,24.95
1125,11,25,514,350,68.09,164,31.91
1126,11,26,439,303,69.02,136,30.98
1127,11,27,166,107,64.46,59,35.54
1128,11,28,205,151,73.66,54,26.34
1129,11,29,507,361,71.2,146,28.8
1130,11,30,218,146,66.97,72,33.03
1131,11,31,368,252,68.48,116,31.52
1132,11,32,174,117,67.24,57,32.76
1133,11,33,545,403,73.94,142,26.06
1134,11,34,120,79,65.83,41,34.17
1135,11,35,67,48,71.64,19,28.36
1136,11,36,183,129,70.49,54,29.51
1137,11,37,116,76,65.52,40,34.48
1138,11,38,224,139,62.05,85,37.95
1201,12,1,363,233,64.19,130,35.81
1202,12,2,311,220,70.74,91,29.26
1203,12,3,458,300,65.5,158,34.5
1204,12,4,454,292,64.32,162,35.68
1205,12,5,322,224,69.57,98,30.43
1206,12,6,425,307,72.24,118,27.76
1207,12,7,360,229,63.61,131,36.39
1208,12,8,379,263,69.39,116,30.61
1209,12,9,312,213,68.27,99,31.73
1210,12,10,511,323,63.21,188,36.79
1211,12,11,402,266,66.17,136,33.83
1212,12,12,373,268,71.85,105,28.15
1213,12,13,405,282,69.63,123,30.37
1214,12,14,331,224,67.67,107,32.33
1215,12,15,335,233,69.55,102,30.45
1216,12,16,337,234,69.44,103,30.56
1217,12,17,455,316,69.45,139,30.55
1218,12,18,366,236,64.48,130,35.52
1219,12,19,370,263,71.08,107,28.92
1220,12,20,483,343,71.01,140,28.99
1221,12,21,413,282,68.28,131,31.72
1222,12,22,378,246,65.08,132,34.92
1223,12,23,389,262,67.35,127,32.65
1301,13,1,316,221,69.94,95,30.06
1302,13,2,258,186,72.09,72,27.91
1303,13,3,290,207,71.38,83,28.62
1304,13,4,377,250,66.31,127,33.69
1305,13,5,420,313,74.52,107,25.48
1306,13,6,285,199,69.82,86,30.18
1307,13,7,296,213,71.96,83,28.04
1308,13,8,265,180,67.92,85,32.08
1309,13,9,390,289,74.1,101,25.9
1310,13,10,287,182,63.41,105,36.59
1311,13,11,356,246,69.1,110,30.9
1312,13,12,318,218,68.55,100,31.45
1313,13,13,340,251,73.82,89,26.18
1314,13,14,333,251,75.38,82,24.62
1315,13,15,485,342,70.52,143,29.48
1316,13,16,262,192,73.28,70,26.72
1317,13,17,315,228,72.38,87,27.62
1318,13,18,282,195,69.15,87,30.85
1319,13,19,453,350,77.26,103,22.74
1320,13,20,238,154,64.71,84,35.29
1321,13,21,371,245,66.04,126,33.96
1322,13,22,359,255,71.03,104,28.97
1323,13,23,292,202,69.18,90,30.82
1324,13,24,356,259,72.75,97,27.25
1325,13,25,354,250,70.62,104,29.38
1326,13,26,348,259,74.43,89,25.57
1327,13,27,314,225,71.66,89,28.34
1328,13,28,266,197,74.06,69,25.94
1329,13,29,300,217,72.33,83,27.67
1330,13,30,278,219,78.78,59,21.22
1331,13,31,370,248,67.03,122,32.97
1332,13,32,296,191,64.53,105,35.47
1333,13,33,336,245,72.92,91,27.08
1334,13,34,347,266,76.66,81,23.34
1335,13,35,301,227,75.42,74,24.58
1336,13,36,258,179,69.38,79,30.62
1337,13,37,334,261,78.14,73,21.86
1338,13,38,281,187,66.55,94,33.45
1339,13,39,334,255,76.35,79,23.65
1340,13,40,319,236,73.98,83,26.02
1341,13,41,432,333,77.08,99,22.92
1342,13,42,331,222,67.07,109,32.93
1343,13,43,327,227,69.42,100,30.58
1344,13,44,359,253,70.47,106,29.53
1345,13,45,367,261,71.12,106,28.88
1346,13,46,408,300,73.53,108,26.47
1347,13,47,376,286,76.06,90,23.94
1348,13,48,284,194,68.31,90,31.69
1401,14,1,375,245,65.33,130,34.67
1402,14,2,532,390,73.31,142,26.69
1403,14,3,363,263,72.45,100,27.55
1404,14,4,361,238,65.93,123,34.07
1405,14,5,538,383,71.19,155,28.81
1406,14,6,214,154,71.96,60,28.04
1407,14,7,508,379,74.61,129,25.39
1408,14,8,470,333,70.85,137,29.15
1409,14,9,464,289,62.28,175,37.72
1410,14,10,286,196,68.53,90,31.47
1411,14,11,229,165,72.05,64,27.95
1412,14,12,404,299,74.01,105,25.99
1413,14,13,360,253,70.28,107,29.72
1414,14,14,364,270,74.18,94,25.82
1415,14,15,382,273,71.47,109,28.53
1416,14,16,271,199,73.43,72,26.57
1417,14,17,337,225,66.77,112,33.23
1418,14,18,182,136,74.73,46,25.27
1419,14,19,365,276,75.62,89,24.38
1420,14,20,314,238,75.8,76,24.2
1421,14,21,379,251,66.23,128,33.77
1422,14,22,494,350,70.85,144,29.15
1423,14,23,267,169,63.3,98,36.7
1424,14,24,417,298,71.46,119,28.54
1425,14,25,197,143,72.59,54,27.41
1426,14,26,286,206,72.03,80,27.97
1427,14,27,362,254,70.17,108,29.83
1428,14,28,338,237,70.12,101,29.88
1429,14,29,278,202,72.66,76,27.34
1430,14,30,267,199,74.53,68,25.47
1431,14,31,213,155,72.77,58,27.23
1501,15,1,331,220,66.47,111,33.53
1502,15,2,203,131,64.53,72,35.47
1503,15,3,210,156,74.29,54,25.71
1504,15,4,374,284,75.94,90,24.06
1505,15,5,337,230,68.25,107,31.75
1506,15,6,373,271,72.65,102,27.35
1507,15,7,187,123,65.78,64,34.22
1508,15,8,368,234,63.59,134,36.41
1509,15,9,482,345,71.58,137,28.42
1510,15,10,501,358,71.46,143,28.54
1511,15,11,436,301,69.04,135,30.96
1512,15,12,458,340,74.24,118,25.76
1513,15,13,377,267,70.82,110,29.18
1514,15,14,334,224,67.07,110,32.93
1515,15,15,314,210,66.88,104,33.12
1516,15,16,430,317,73.72,113,26.28
1517,15,17,203,140,68.97,63,31.03
1518,15,18,138,96,69.57,42,30.43
1519,15,19,298,222,74.5,76,25.5
1520,15,20,215,155,72.09,60,27.91
1521,15,21,164,117,71.34,47,28.66
1522,15,22,195,130,66.67,65,33.33
1523,15,23,211,156,73.93,55,26.07
1524,15,24,191,126,65.97,65,34.03
1601,16,1,454,335,73.79,119,26.21
1602,16,2,256,165,64.45,91,35.55
1603,16,3,228,174,76.32,54,23.68
1604,16,4,304,197,64.8,107,35.2
1605,16,5,202,147,72.77,55,27.23
1606,16,6,238,154,64.71,84,35.29
1607,16,7,273,194,71.06,79,28.94
1608,16,8,193,139,72.02,54,27.98
1609,16,9,266,180,67.67,86,32.33
1610,16,10,223,161,72.2,62,27.8
1611,16,11,296,191,64.53,105,35.47
1612,16,12,255,181,70.98,74,29.02
1613,16,13,342,233,68.13,109,31.87
1614,16,14,204,146,71.57,58,28.43
1615,16,15,265,188,70.94,77,29.06
1616,16,16,207,146,70.53,61,29.47
1617,16,17,392,300,76.53,92,23.47
1618,16,18,319,229,71.79,90,28.21
1619,16,19,265,168,63.4,97,36.6
1620,16,20,169,120,71.01,49,28.99
1621,16,21,229,167,72.93,62,27.07
1622,16,22,224,166,74.11,58,25.89
1623,16,23,384,269,70.05,115,29.95
1624,16,24,130,90,69.23,40,30.77
1625,16,25,295,200,67.8,95,32.2
1626,16,26,181,136,75.14,45,24.86
1627,16,27,181,125,69.06,56,30.94
1628,16,28,205,152,74.15,53,25.85
1629,16,29,204,146,71.57,58,28.43
1630,16,30,189,137,72.49,52,27.51
1631,16,31,239,160,66.95,79,33.05
1632,16,32,378,266,70.37,112,29.63
1633,16,33,194,134,69.07,60,30.93
1634,16,34,223,172,77.13,51,22.87
1635,16,35,422,303,71.8,119,28.2
1636,16,36,176,130,73.86,46,26.14
1701,17,1,361,250,69.25,111,30.75
1702,17,2,298,208,69.8,90,30.2
1703,17,3,307,224,72.96,83,27.04
1704,17,4,336,230,68.45,106,31.55
1705,17,5,240,157,65.42,83,34.58
1706,17,6,336,243,72.32,93,27.68
1707,17,7,349,241,69.05,108,30.95
1708,17,8,219,152,69.41,67,30.59
1709,17,9,252,172,68.25,80,31.75
1710,17,10,399,283,70.93,116,29.07
1711,17,11,236,179,75.85,57,24.15
1712,17,12,490,343,70.0,147,30.0
1713,17,13,228,168,73.68,60,26.32
1714,17,14,380,306,80.53,74,19.47
1715,17,15,328,233,71.04,95,28.96
1716,17,16,397,278,70.03,119,29.97
1717,17,17,331,232,70.09,99,29.91
1718,17,18,367,270,73.57,97,26.43
1719,17,19,189,135,71.43,54,28.57
1720,17,20,397,311,78.34,86,21.66
1721,17,21,364,266,73.08,98,26.92
1722,17,22,309,226,73.14,83,26.86
1723,17,23,216,152,70.37,64,29.63
1724,17,24,252,189,75.0,63,25.0
1725,17,25,259,175,67.57,84,32.43
1726,17,26,316,243,76.9,73,23.1
1727,17,27,187,143,76.47,44,23.53
1728,17,28,237,180,75.95,57,24.05
1729,17,29,299,225,75.25,74,24.75
1730,17,30,329,241,73.25,88,26.75
1731,17,31,209,157,75.12,52,24.88
1732,17,32,240,178,74.17,62,25.83
1733,17,33,189,131,69.31,58,30.69
1734,17,34,233,186,79.83,47,20.17
1735,17,35,213,165,77.46,48,22.54
1736,17,36,232,163,70.26,69,29.74
1737,17,37,253,185,73.12,68,26.88
1738,17,38,348,258,74.14,90,25.86
1739,17,39,287,211,73.52,76,26.48
1740,17,40,357,269,75.35,88,24.65
1741,17,41,420,305,72.62,115,27.38
1801,18,1,360,256,71.11,104,28.89
1802,18,2,437,304,69.57,133,30.43
1803,18,3,319,233,73.04,86,26.96
1804,18,4,380,274,72.11,106,27.89
1805,18,5,227,149,65.64,78,34.36
1806,18,6,338,242,71.6,96,28.4
1807,18,7,370,269,72.7,101,27.3
1808,18,8,373,264,70.78,109,29.22
1809,18,9,346,259,74.86,87,25.14
1810,18,10,465,329,70.75,136,29.25
1811,18,11,357,245,68.63,112,31.37
1812,18,12,354,257,72.6,97,27.4
1813,18,13,397,283,71.28,114,28.72
1814,18,14,378,276,73.02,102,26.98
1815,18,15,401,281,70.07,120,29.93
1816,18,16,352,254,72.16,98,27.84
1817,18,17,399,296,74.19,103,25.81
1818,18,18,275,208,75.64,67,24.36
1819,18,19,306,224,73.2,82,26.8
1820,18,20,252,191,75.79,61,24.21
1821,18,21,455,320,70.33,135,29.67
1822,18,22,386,294,76.17,92,23.83
1823,18,23,365,241,66.03,124,33.97
1824,18,24,359,246,68.52,113,31.48
1825,18,25,393,289,73.54,104,26.46
1826,18,26,452,324,71.68,128,28.32
1827,18,27,329,237,72.04,92,27.96
1828,18,28,339,252,74.34,87,25.66
1829,18,29,438,309,70.55,129,29.45
1830,18,30,462,301,65.15,161,34.85
1831,18,31,393,278,70.74,115,29.26
1832,18,32,363,272,74.93,91,25.07
1833,18,33,281,207,73.67,74,26.33
1834,18,34,403,301,74.69,102,25.31
1835,18,35,422,312,73.93,110,26.07
1836,18,36,399,283,70.93,116,29.07
1837,18,37,422,300,71.09,122,28.91
1838,18,38,335,236,70.45,99,29.55
1839,18,39,310,214,69.03,96,30.97
1840,18,40,397,298,75.06,99,24.94
1841,18,41,447,319,71.36,128,28.64
1842,18,42,324,218,67.28,106,32.72
1843,18,43,331,239,72.21,92,27.79
1844,18,44,337,239,70.92,98,29.08
1845,18,45,385,287,74.55,98,25.45
1846,18,46,440,295,67.05,145,32.95
1847,18,47,291,204,70.1,87,29.9
1848,18,48,279,201,72.04,78,27.96
1849,18,49,239,165,69.04,74,30.96
1850,18,50,257,194,75.49,63,24.51
1901,19,1,346,243,70.23,103,29.77
1902,19,2,516,366,70.93,150,29.07
1903,19,3,313,190,60.7,123,39.3
1904,19,4,446,275,61.66,171,38.34
1905,19,5,423,321,75.89,102,24.11
1906,19,6,425,264,62.12,161,37.88
1907,19,7,338,229,67.75,109,32.25
1908,19,8,421,255,60.57,166,39.43
1909,19,9,271,187,69.0,84,31.0
1910,19,10,495,358,72.32,137,27.68
1911,19,11,365,200,54.79,165,45.21
1912,19,12,314,188,59.87,126,40.13
1913,19,13,481,325,67.57,156,32.43
1914,19,14,411,312,75.91,99,24.09
1915,19,15,532,322,60.53,210,39.47
1916,19,16,384,234,60.94,150,39.06
1917,19,17,349,227,65.04,122,34.96
1918,19,18,392,321,81.89,71,18.11
1919,19,19,490,364,74.29,126,25.71
1920,19,20,331,268,80.97,63,19.03
1921,19,21,415,237,57.11,178,42.89
1922,19,22,422,309,73.22,113,26.78
1923,19,23,401,304,75.81,97,24.19
1924,19,24,297,183,61.62,114,38.38
1925,19,25,381,282,74.02,99,25.98
1926,19,26,381,291,76.38,90,23.62
1927,19,27,412,266,64.56,146,35.44
1928,19,28,467,340,72.81,127,27.19
1929,19,29,406,256,63.05,150,36.95
1930,19,30,391,240,61.38,151,38.62
1931,19,31,356,286,80.34,70,19.66
1932,19,32,360,232,64.44,128,35.56
1933,19,33,433,275,63.51,158,36.49
1934,19,34,345,262,75.94,83,24.06
1935,19,35,360,286,79.44,74,20.56
1936,19,36,555,386,69.55,169,30.45
1937,19,37,405,295,72.84,110,27.16
1938,19,38,362,252,69.61,110,30.39
1939,19,39,201,129,64.18,72,35.82
1940,19,40,425,313,73.65,112,26.35
1941,19,41,374,232,62.03,142,37.97
1942,19,42,320,236,73.75,84,26.25
1943,19,43,540,378,70.0,162,30.0
1944,19,44,444,277,62.39,167,37.61
1945,19,45,422,280,66.35,142,33.65
1946,19,46,378,269,71.16,109,28.84
1947,19,47,592,413,69.76,179,30.24
1948,19,48,466,327,70.17,139,29.83
1949,19,49,489,345,70.55,144,29.45
1950,19,50,353,247,69.97,106,30.03
1951,19,51,435,305,70.11,130,29.89
1952,19,52,494,306,61.94,188,38.06
1953,19,53,368,269,73.1,99,26.9
1954,19,54,311,178,57.23,133,42.77
1955,19,55,329,199,60.49,130,39.51
1956,19,56,436,331,75.92,105,24.08
1957,19,57,347,255,73.49,92,26.51
2001,20,1,392,281,71.68,111,28.32
2002,20,2,126,88,69.84,38,30.16
2003,20,3,345,240,69.57,105,30.43
2004,20,4,161,118,73.29,43,26.71
2005,20,5,399,260,65.16,139,34.84
2006,20,6,156,106,67.95,50,32.05
2007,20,7,428,303,70.79,125,29.21
2008,20,8,312,232,74.36,80,25.64
2009,20,9,500,340,68.0,160,32.0
2010,20,10,240,160,66.67,80,33.33
2011,20,11,467,277,59.31,190,40.69
2012,20,12,359,237,66.02,122,33.98
2013,20,13,315,224,71.11,91,28.89
2014,20,14,182,124,68.13,58,31.87
2015,20,15,366,265,72.4,101,27.6
2016,20,16,441,308,69.84,133,30.16
2017,20,17,242,163,67.36,79,32.64
2018,20,18,238,153,64.29,85,35.71
2019,20,19,385,272,70.65,113,29.35
2020,20,20,281,183,65.12,98,34.88
2021,20,21,291,200,68.73,91,31.27
2022,20,22,489,327,66.87,162,33.13
2023,20,23,210,151,71.9,59,28.1
2024,20,24,449,299,66.59,150,33.41
2025,20,25,224,152,67.86,72,32.14
2026,20,26,336,230,68.45,106,31.55
2027,20,27,178,134,75.28,44,24.72
2028,20,28,222,151,68.02,71,31.98
2029,20,29,239,176,73.64,63,26.36
2030,20,30,161,117,72.67,44,27.33
2031,20,31,411,285,69.34,126,30.66
2032,20,32,275,186,67.64,89,32.36
2033,20,33,226,155,68.58,71,31.42
2034,20,34,438,304,69.41,134,30.59
2035,20,35,262,173,66.03,89,33.97
2036,20,36,120,96,80.0,24,20.0
2037,20,37,116,72,62.07,44,37.93
2038,20,38,100,70,70.0,30,30.0
2039,20,39,27,16,59.26,11,40.74
2101,21,1,393,276,70.23,117,29.77
2102,21,2,247,153,61.94,94,38.06
2103,21,3,357,268,75.07,89,24.93
2104,21,4,307,238,77.52,69,22.48
2105,21,5,368,277,75.27,91,24.73
2106,21,6,292,206,70.55,86,29.45
2107,21,7,343,268,78.13,75,21.87
2108,21,8,365,271,74.25,94,25.75
2109,21,9,365,277,75.89,88,24.11
2110,21,10,290,214,73.79,76,26.21
2111,21,11,309,210,67.96,99,32.04
2112,21,12,305,221,72.46,84,27.54
2113,21,13,373,264,70.78,109,29.22
2114,21,14,389,289,74.29,100,25.71
2115,21,15,325,238,73.23,87,26.77
2116,21,16,307,206,67.1,101,32.9
2117,21,17,292,216,73.97,76,26.03
2118,21,18,317,244,76.97,73,23.03
2119,21,19,403,285,70.72,118,29.28
2120,21,20,306,225,73.53,81,26.47
2121,21,21,314,203,64.65,111,35.35
2122,21,22,308,219,71.1,89,28.9
2123,21,23,324,246,75.93,78,24.07
2124,21,24,371,267,71.97,104,28.03
2125,21,25,303,195,64.36,108,35.64
2126,21,26,361,246,68.14,115,31.86
2127,21,27,411,283,68.86,128,31.14
2128,21,28,428,296,69.16,132,30.84
2129,21,29,386,284,73.58,102,26.42
2130,21,30,293,201,68.6,92,31.4
2131,21,31,197,154,78.17,43,21.83
2132,21,32,255,179,70.2,76,29.8
2133,21,33,293,211,72.01,82,27.99
2134,21,34,331,252,76.13,79,23.87
2135,21,35,409,294,71.88,115,28.12
2136,21,36,337,246,73.0,91,27.0
2137,21,37,249,181,72.69,68,27.31
2138,21,38,355,250,70.42,105,29.58
2139,21,39,343,243,70.85,100,29.15
2140,21,40,320,234,73.13,86,26.88
2141,21,41,372,254,68.28,118,31.72
2142,21,42,376,253,67.29,123,32.71
2143,21,43,349,237,67.91,112,32.09
2144,21,44,370,256,69.19,114,30.81
2145,21,45,336,238,70.83,98,29.17
2146,21,46,360,272,75.56,88,24.44
2147,21,47,323,218,67.49,105,32.51
2148,21,48,359,265,73.82,94,26.18
2149,21,49,386,281,72.8,105,27.2
2150,21,50,264,180,68.18,84,31.82
2151,21,51,366,263,71.86,103,28.14
2152,21,52,346,226,65.32,120,34.68
2153,21,53,301,213,70.76,88,29.24
2154,21,54,270,201,74.44,69,25.56
2201,22,1,191,139,72.77,52,27.23
2202,22,2,445,314,70.56,131,29.44
2203,22,3,548,380,69.34,168,30.66
2204,22,4,299,218,72.91,81,27.09
2205,22,5,337,238,70.62,99,29.38
2206,22,6,330,237,71.82,93,28.18
2207,22,7,293,221,75.43,72,24.57
2208,22,8,496,376,75.81,120,24.19
2209,22,9,295,230,77.97,65,22.03
2210,22,10,463,317,68.47,146,31.53
2211,22,11,251,165,65.74,86,34.26
2212,22,12,279,195,69.89,84,30.11
2213,22,13,370,257,69.46,113,30.54
2214,22,14,291,194,66.67,97,33.33
2215,22,15,308,212,68.83,96,31.17
2216,22,16,295,219,74.24,76,25.76
2217,22,17,472,316,66.95,156,33.05
2218,22,18,328,223,67.99,105,32.01
2219,22,19,175,119,68.0,56,32.0
2220,22,20,389,278,71.47,111,28.53
2221,22,21,318,211,66.35,107,33.65
2222,22,22,349,241,69.05,108,30.95
2223,22,23,359,274,76.32,85,23.68
2224,22,24,424,304,71.7,120,28.3
2225,22,25,347,245,70.61,102,29.39
2301,23,1,328,219,66.77,109,33.23
2302,23,2,369,244,66.12,125,33.88
2303,23,3,320,211,65.94,109,34.06
2304,23,4,333,240,72.07,93,27.93
2305,23,5,368,284,77.17,84,22.83
2306,23,6,350,265,75.71,85,24.29
2307,23,7,359,264,73.54,95,26.46
2308,23,8,438,310,70.78,128,29.22
2309,23,9,349,253,72.49,96,27.51
2310,23,10,419,311,74.22,108,25.78
2311,23,11,414,319,77.05,95,22.95
2312,23,12,372,243,65.32,129,34.68
2313,23,13,342,265,77.49,77,22.51
2314,23,14,301,190,63.12,111,36.88
2315,23,15,327,235,71.87,92,28.13
2316,23,16,339,227,66.96,112,33.04
2317,23,17,298,204,68.46,94,31.54
2318,23,18,324,213,65.74,111,34.26
2319,23,19,319,220,68.97,99,31.03
2320,23,20,257,193,75.1,64,24.9
2321,23,21,312,198,63.46,114,36.54
2322,23,22,334,241,72.16,93,27.84
2323,23,23,334,216,64.67,118,35.33
2324,23,24,326,229,70.25,97,29.75
2325,23,25,321,224,69.78,97,30.22
2326,23,26,358,268,74.86,90,25.14
2327,23,27,310,208,67.1,102,32.9
2328,23,28,389,257,66.07,132,33.93
2329,23,29,305,204,66.89,101,33.11
2330,23,30,448,323,72.1,125,27.9
2331,23,31,301,208,69.1,93,30.9
2332,23,32,356,251,70.51,105,29.49
2333,23,33,408,292,71.57,116,28.43
2334,23,34,398,283,71.11,115,28.89
2335,23,35,253,179,70.75,74,29.25
2336,23,36,339,224,66.08,115,33.92
2337,23,37,385,238,61.82,147,38.18
2338,23,38,326,232,71.17,94,28.83
2339,23,39,391,293,74.94,98,25.06
2401,24,1,237,166,70.04,71,29.96
2402,24,2,275,198,72.0,77,28.0
2403,24,3,349,230,65.9,119,34.1
2404,24,4,238,158,66.39,80,33.61
2405,24,5,162,116,71.6,46,28.4
2406,24,6,315,210,66.67,105,33.33
2407,24,7,231,160,69.26,71,30.74
2408,24,8,132,89,67.42,43,32.58
2409,24,9,279,195,69.89,84,30.11
2410,24,10,145,95,65.52,50,34.48
2411,24,11,292,191,65.41,101,34.59
2412,24,12,182,122,67.03,60,32.97
2413,24,13,183,117,63.93,66,36.07
2414,24,14,232,166,71.55,66,28.45
2415,24,15,158,117,74.05,41,25.95
2416,24,16,878,496,56.49,382,43.51
2417,24,17,206,135,65.53,71,34.47
2418,24,18,250,178,71.2,72,28.8
2419,24,19,316,220,69.62,96,30.38
2420,24,20,255,172,67.45,83,32.55
2421,24,21,161,104,64.6,57,35.4
2422,24,22,347,237,68.3,110,31.7
2423,24,23,258,179,69.38,79,30.62
2424,24,24,331,224,67.67,107,32.33
2425,24,25,201,145,72.14,56,27.86
2426,24,26,407,304,74.69,103,25.31
2427,24,27,308,232,75.32,76,24.68
2428,24,28,186,134,72.04,52,27.96
2429,24,29,203,142,69.95,61,30.05
2430,24,30,181,120,66.3,61,33.7
2431,24,31,300,195,65.0,105,35.0
2432,24,32,148,109,73.65,39,26.35
2433,24,33,180,124,68.89,56,31.11
2434,24,34,269,187,69.52,82,30.48
2435,24,35,258,172,66.67,86,33.33
2436,24,36,339,244,71.98,95,28.02
2437,24,37,137,99,72.26,38,27.74
2438,24,38,246,164,66.67,82,33.33
2439,24,39,283,190,67.14,93,32.86
2440,24,40,333,205,61.56,128,38.44
2441,24,41,131,89,67.94,42,32.06
2501,25,1,362,247,68.23,115,31.77
2502,25,2,540,325,60.19,215,39.81
2503,25,3,730,544,74.52,186,25.48
2504,25,4,347,240,69.16,107,30.84
2505,25,5,448,274,61.16,174,38.84
2506,25,6,145,105,72.41,40,27.59
2507,25,7,446,269,60.31,177,39.69
2508,25,8,526,320,60.84,206,39.16
2509,25,9,449,291,64.81,158,35.19
2510,25,10,589,458,77.76,131,22.24
2511,25,11,510,331,64.9,179,35.1
2512,25,12,443,291,65.69,152,34.31
2513,25,13,517,348,67.31,169,32.69
2514,25,14,292,208,71.23,84,28.77
2515,25,15,389,240,61.7,149,38.3
2516,25,16,697,552,79.2,145,20.8
2517,25,17,457,300,65.65,157,34.35
2518,25,18,227,166,73.13,61,26.87
2519,25,19,465,281,60.43,184,39.57
2520,25,20,246,161,65.45,85,34.55
2521,25,21,862,668,77.49,194,22.51
2522,25,22,467,280,59.96,187,40.04
2523,25,23,517,340,65.76,177,34.24
2524,25,24,468,302,64.53,166,35.47
2525,25,25,393,288,73.28,105,26.72
2526,25,26,467,307,65.74,160,34.26
2527,25,27,572,422,73.78,150,26.22
2528,25,28,483,309,63.98,174,36.02
2529,25,29,336,232,69.05,104,30.95
2530,25,30,449,267,59.47,182,40.53
2531,25,31,814,628,77.15,186,22.85
2532,25,32,366,223,60.93,143,39.07
2601,26,1,376,242,64.36,134,35.64
2602,26,2,274,162,59.12,112,40.88
2603,26,3,427,295,69.09,132,30.91
2604,26,4,252,168,66.67,84,33.33
2605,26,5,319,192,60.19,127,39.81
2606,26,6,300,202,67.33,98,32.67
2607,26,7,341,222,65.1,119,34.9
2608,26,8,218,136,62.39,82,37.61
2609,26,9,291,184,63.23,107,36.77
2610,26,10,344,223,64.83,121,35.17
2611,26,11,330,200,60.61,130,39.39
2612,26,12,349,218,62.46,131,37.54
2613,26,13,190,137,72.11,53,27.89
2614,26,14,280,175,62.5,105,37.5
2615,26,15,215,141,65.58,74,34.42
2616,26,16,189,129,68.25,60,31.75
2617,26,17,311,223,71.7,88,28.3
2618,26,18,258,184,71.32,74,28.68
2619,26,19,211,137,64.93,74,35.07
2620,26,20,302,196,64.9,106,35.1
2621,26,21,425,282,66.35,143,33.65
2622,26,22,197,124,62.94,73,37.06
2623,26,23,252,167,66.27,85,33.73
2624,26,24,279,179,64.16,100,35.84
2625,26,25,251,164,65.34,87,34.66
2626,26,26,254,146,57.48,108,42.52
2627,26,27,385,234,60.78,151,39.22
2628,26,28,445,318,71.46,127,28.54
2629,26,29,176,115,65.34,61,34.66
2630,26,30,276,157,56.88,119,43.12
2631,26,31,155,93,60.0,62,40.0
2632,26,32,406,284,69.95,122,30.05
2633,26,33,380,249,65.53,131,34.47
2634,26,34,358,233,65.08,125,34.92
2635,26,35,278,176,63.31,102,36.69
2636,26,36,336,202,60.12,134,39.88
2637,26,37,360,256,71.11,104,28.89
2638,26,38,172,115,66.86,57,33.14
2639,26,39,395,253,64.05,142,35.95
2640,26,40,200,122,61.0,78,39.0
2641,26,41,400,272,68.0,128,32.0
2642,26,42,276,182,65.94,94,34.06
2643,26,43,221,161,72.85,60,27.15
2644,26,44,182,128,70.33,54,29.67
2645,26,45,177,112,63.28,65,36.72
2646,26,46,248,156,62.9,92,37.1
2647,26,47,244,171,70.08,73,29.92
2648,26,48,354,229,64.69,125,35.31
2649,26,49,213,158,74.18,55,25.82
2701,27,1,891,654,73.4,237,26.6
2702,27,2,413,307,74.33,106,25.67
2703,27,3,176,124,70.45,52,29.55
2704,27,4,205,130,63.41,75,36.59
2705,27,5,297,199,67.0,98,33.0
2706,27,6,455,344,75.6,111,24.4
2707,27,7,583,405,69.47,178,30.53
2708,27,8,325,232,71.38,93,28.62
2709,27,9,185,136,73.51,49,26.49
2710,27,10,274,210,76.64,64,23.36
2711,27,11,466,358,76.82,108,23.18
2712,27,12,305,237,77.7,68,22.3
2713,27,13,538,405,75.28,133,24.72
2714,27,14,187,128,68.45,59,31.55
2715,27,15,181,108,59.67,73,40.33
2716,27,16,460,350,76.09,110,23.91
2717,27,17,404,278,68.81,126,31.19
2718,27,18,246,159,64.63,87,35.37
2719,27,19,181,124,68.51,57,31.49
2720,27,20,275,169,61.45,106,38.55
2721,27,21,367,282,76.84,85,23.16
2722,27,22,153,102,66.67,51,33.33
2723,27,23,222,159,71.62,63,28.38
2724,27,24,261,183,70.11,78,29.89
2725,27,25,349,236,67.62,113,32.38
2726,27,26,248,176,70.97,72,29.03
2727,27,27,501,356,71.06,145,28.94
2728,27,28,517,393,76.02,124,23.98
2729,27,29,256,172,67.19,84,32.81
2730,27,30,169,112,66.27,57,33.73
2731,27,31,278,183,65.83,95,34.17
2732,27,32,358,245,68.44,113,31.56
2733,27,33,549,415,75.59,134,24.41
2734,27,34,197,140,71.07,57,28.93
2735,27,35,521,367,70.44,154,29.56
2736,27,36,273,189,69.23,84,30.77
2737,27,37,356,258,72.47,98,27.53
2738,27,38,516,404,78.29,112,21.71
2739,27,39,261,173,66.28,88,33.72
2740,27,40,546,380,69.6,166,30.4
2741,27,41,258,191,74.03,67,25.97
2742,27,42,257,194,75.49,63,24.51
2743,27,43,314,218,69.43,96,30.57
2744,27,44,266,170,63.91,96,36.09
2745,27,45,1106,834,75.41,272,24.59
2746,27,46,349,270,77.36,79,22.64
2747,27,47,238,187,78.57,51,21.43
2748,27,48,689,489,70.97,200,29.03
2749,27,49,270,196,72.59,74,27.41
2750,27,50,321,212,66.04,109,33.96
2801,28,1,209,146,69.86,63,30.14
2802,28,2,251,167,66.53,84,33.47
2803,28,3,221,155,70.14,66,29.86
2804,28,4,285,218,76.49,67,23.51
2805,28,5,178,123,69.1,55,30.9
2806,28,6,169,136,80.47,33,19.53
2807,28,7,275,195,70.91,80,29.09
2808,28,8,489,362,74.03,127,25.97
2809,28,9,284,195,68.66,89,31.34
2810,28,10,383,264,68.93,119,31.07
2811,28,11,705,468,66.38,237,33.62
2812,28,12,266,205,77.07,61,22.93
2813,28,13,278,213,76.62,65,23.38
2814,28,14,281,207,73.67,74,26.33
2815,28,15,54,39,72.22,15,27.78
2816,28,16,181,131,72.38,50,27.62
2817,28,17,244,179,73.36,65,26.64
2818,28,18,244,167,68.44,77,31.56
2819,28,19,282,201,71.28,81,28.72
2820,28,20,227,163,71.81,64,28.19
2821,28,21,250,167,66.8,83,33.2
2822,28,22,267,180,67.42,87,32.58
2823,28,23,336,243,72.32,93,27.68
2824,28,24,247,158,63.97,89,36.03
2825,28,25,433,306,70.67,127,29.33
2826,28,26,253,169,66.8,84,33.2
2827,28,27,327,228,69.72,99,30.28
2828,28,28,403,300,74.44,103,25.56
2829,28,29,150,107,71.33,43,28.67
2830,28,30,46,35,76.09,11,23.91
2831,28,31,316,224,70.89,92,29.11
2832,28,32,267,180,67.42,87,32.58
2833,28,33,307,213,69.38,94,30.62
2834,28,34,509,349,68.57,160,31.43
2835,28,35,302,215,71.19,87,28.81
2836,28,36,136,99,72.79,37,27.21
2837,28,37,310,225,72.58,85,27.42
2838,28,38,120,92,76.67,28,23.33
2839,28,39,218,156,71.56,62,28.44
2840,28,40,352,260,73.86,92,26.14
2841,28,41,188,133,70.74,55,29.26
2842,28,42,291,202,69.42,89,30.58
2843,28,43,335,253,75.52,82,24.48
2844,28,44,213,144,67.61,69,32.39
2845,28,45,466,329,70.6,137,29.4
2846,28,46,579,386,66.67,193,33.33
2901,29,1,529,395,74.67,134,25.33
2902,29,2,434,318,73.27,116,26.73
2903,29,3,314,215,68.47,99,31.53
2904,29,4,428,317,74.07,111,25.93
2905,29,5,266,185,69.55,81,30.45
2906,29,6,263,195,74.14,68,25.86
2907,29,7,394,273,69.29,121,30.71
2908,29,8,351,255,72.65,96,27.35
2909,29,9,419,305,72.79,114,27.21
2910,29,10,486,357,73.46,129,26.54
2911,29,11,193,137,70.98,56,29.02
2912,29,12,455,343,75.38,112,24.62
2913,29,13,340,237,69.71,103,30.29
2914,29,14,323,242,74.92,81,25.08
2915,29,15,419,318,75.89,101,24.11
2916,29,16,352,259,73.58,93,26.42
2917,29,17,354,295,83.33,59,16.67
2918,29,18,337,237,70.33,100,29.67
2919,29,19,351,252,71.79,99,28.21
2920,29,20,387,278,71.83,109,28.17
2921,29,21,451,295,65.41,156,34.59
2922,29,22,272,190,69.85,82,30.15
2923,29,23,445,327,73.48,118,26.52
2924,29,24,363,265,73.0,98,27.0
2925,29,25,425,317,74.59,108,25.41
2926,29,26,337,265,78.64,72,21.36
2927,29,27,337,245,72.7,92,27.3
2928,29,28,426,306,71.83,120,28.17
2929,29,29,444,292,65.77,152,34.23
2930,29,30,504,363,72.02,141,27.98
2931,29,31,401,272,67.83,129,32.17
2932,29,32,411,276,67.15,135,32.85
2933,29,33,248,187,75.4,61,24.6
2934,29,34,261,172,65.9,89,34.1
2935,29,35,280,183,65.36,97,34.64
2936,29,36,333,248,74.47,85,25.53
2937,29,37,346,238,68.79,108,31.21
2938,29,38,483,358,74.12,125,25.88
2939,29,39,407,294,72.24,113,27.76
2940,29,40,408,305,74.75,103,25.25
2941,29,41,312,223,71.47,89,28.53
2942,29,42,394,279,70.81,115,29.19
2943,29,43,466,342,73.39,124,26.61
2944,29,44,388,273,70.36,115,29.64
3001,30,1,465,328,70.54,137,29.46
3002,30,2,416,297,71.39,119,28.61
3003,30,3,348,232,66.67,116,33.33
3004,30,4,413,277,67.07,136,32.93
3005,30,5,333,243,72.97,90,27.03
3006,30,6,285,204,71.58,81,28.42
3007,30,7,471,306,64.97,165,35.03
3008,30,8,514,322,62.65,192,37.35
3009,30,9,355,253,71.27,102,28.73
3010,30,10,397,296,74.56,101,25.44
3011,30,11,425,315,74.12,110,25.88
3012,30,12,377,276,73.21,101,26.79
3013,30,13,432,323,74.77,109,25.23
3014,30,14,307,214,69.71,93,30.29
3015,30,15,377,280,74.27,97,25.73
3016,30,16,225,159,70.67,66,29.33
3017,30,17,437,312,71.4,125,28.6
3018,30,18,527,348,66.03,179,33.97
3019,30,19,444,315,70.95,129,29.05
3020,30,20,444,289,65.09,155,34.91
3021,30,21,297,211,71.04,86,28.96
3022,30,22,629,403,64.07,226,35.93
3023,30,23,536,354,66.04,182,33.96
3024,30,24,609,372,61.08,237,38.92
3025,30,25,629,377,59.94,252,40.06
3026,30,26,265,187,70.57,78,29.43
3027,30,27,300,219,73.0,81,27.0
3028,30,28,447,311,69.57,136,30.43
3029,30,29,294,209,71.09,85,28.91
3030,30,30,182,135,74.18,47,25.82
3031,30,31,265,176,66.42,89,33.58
3032,30,32,348,246,70.69,102,29.31
3101,31,1,277,175,63.18,102,36.82
3102,31,2,258,196,75.97,62,24.03
3103,31,3,274,191,69.71,83,30.29
3104,31,4,368,229,62.23,139,37.77
3105,31,5,311,228,73.31,83,26.69
3106,31,6,197,146,74.11,51,25.89
3107,31,7,414,273,65.94,141,34.06
3108,31,8,269,195,72.49,74,27.51
3109,31,9,317,224,70.66,93,29.34
3110,31,10,342,254,74.27,88,25.73
3111,31,11,219,160,73.06,59,26.94
3112,31,12,241,171,70.95,70,29.05
3113,31,13,315,216,68.57,99,31.43
3114,31,14,274,210,76.64,64,23.36
3115,31,15,283,193,68.2,90,31.8
3116,31,16,346,204,58.96,142,41.04
3117,31,17,269,213,79.18,56,20.82
3118,31,18,262,184,70.23,78,29.77
3119,31,19,258,172,66.67,86,33.33
3120,31,20,247,162,65.59,85,34.41
3121,31,21,258,188,72.87,70,27.13
3122,31,22,247,160,64.78,87,35.22
3123,31,23,315,218,69.21,97,30.79
3124,31,24,293,208,70.99,85,29.01
3125,31,25,294,210,71.43,84,28.57
3126,31,26,292,197,67.47,95,32.53
3127,31,27,307,228,74.27,79,25.73
3128,31,28,279,187,67.03,92,32.97
3129,31,29,276,203,73.55,73,26.45
3130,31,30,237,171,72.15,66,27.85
3131,31,31,244,174,71.31,70,28.69
3132,31,32,235,160,68.09,75,31.91
3133,31,33,274,195,71.17,79,28.83
3134,31,34,289,199,68.86,90,31.14
3135,31,35,353,256,72.52,97,27.48
3136,31,36,284,204,71.83,80,28.17
3137,31,37,272,193,70.96,79,29.04
3138,31,38,269,197,73.23,72,26.77
3139,31,39,321,208,64.8,113,35.2
3140,31,40,326,197,60.43,129,39.57
3141,31,41,269,185,68.77,84,31.23
3201,32,1,651,475,72.96,176,27.04
3202,32,2,585,432,73.85,153,26.15
3203,32,3,546,366,67.03,180,32.97
3204,32,4,459,349,76.03,110,23.97
3205,32,5,547,376,68.74,171,31.26
3206,32,6,617,467,75.69,150,24.31
3207,32,7,589,418,70.97,171,29.03
3208,32,8,637,493,77.39,144,22.61
3209,32,9,527,386,73.24,141,26.76
3210,32,10,578,416,71.97,162,28.03
3211,32,11,464,288,62.07,176,37.93
3212,32,12,345,223,64.64,122,35.36
3213,32,13,576,423,73.44,153,26.56
3214,32,14,555,372,67.03,183,32.97
3215,32,15,493,345,69.98,148,30.02
3216,32,16,492,327,66.46,165,33.54
3217,32,17,506,310,61.26,196,38.74
3218,32,18,502,401,79.88,101,20.12
3219,32,19,486,354,72.84,132,27.16
3220,32,20,493,318,64.5,175,35.5
3221,32,21,513,393,76.61,120,23.39
3222,32,22,643,411,63.92,232,36.08
3223,32,23,562,416,74.02,146,25.98
3224,32,24,446,336,75.34,110,24.66
3225,32,25,511,391,76.52,120,23.48
3226,32,26,538,346,64.31,192,35.69
3227,32,27,522,404,77.39,118,22.61
3228,32,28,534,353,66.1,181,33.9
3229,32,29,539,377,69.94,162,30.06
3230,32,30,510,391,76.67,119,23.33
3231,32,31,553,397,71.79,156,28.21
3232,32,32,608,453,74.51,155,25.49
3233,32,33,460,347,75.43,113,24.57
3234,32,34,586,419,71.5,167,28.5
3235,32,35,492,371,75.41,121,24.59
3236,32,36,540,390,72.22,150,27.78
3237,32,37,603,424,70.32,179,29.68
3238,32,38,499,352,70.54,147,29.46
3239,32,39,577,448,77.64,129,22.36
3240,32,40,531,406,76.46,125,23.54
3241,32,41,550,411,74.73,139,25.27
3242,32,42,481,367,76.3,114,23.7
3243,32,43,472,301,63.77,171,36.23
3301,33,1,572,371,64.86,201,35.14
3302,33,2,705,483,68.51,222,31.49
3303,33,3,755,515,68.21,240,31.79
3304,33,4,718,468,65.18,250,34.82
3305,33,5,522,368,70.5,154,29.5
3306,33,6,496,341,68.75,155,31.25
3307,33,7,569,380,66.78,189,33.22
3308,33,8,679,493,72.61,186,27.39
3309,33,9,605,433,71.57,172,28.43
3310,33,10,457,328,71.77,129,28.23
3311,33,11,556,394,70.86,162,29.14
3312,33,12,555,412,74.23,143,25.77
3313,33,13,526,330,62.74,196,37.26
3314,33,14,264,175,66.29,89,33.71
3315,33,15,570,411,72.11,159,27.89
3316,33,16,733,535,72.99,198,27.01
3317,33,17,565,383,67.79,182,32.21
3318,33,18,772,530,68.65,242,31.35
3319,33,19,648,440,67.9,208,32.1
3320,33,20,692,494,71.39,198,28.61
3321,33,21,607,401,66.06,206,33.94
3322,33,22,508,361,71.06,147,28.94
3323,33,23,624,423,67.79,201,32.21
3324,33,24,679,513,75.55,166,24.45
3325,33,25,662,462,69.79,200,30.21
3326,33,26,402,247,61.44,155,38.56
3327,33,27,646,409,63.31,237,36.69
3328,33,28,511,330,64.58,181,35.42
3401,34,1,404,292,72.28,112,27.72
3402,34,2,309,223,72.17,86,27.83
3403,34,3,362,262,72.38,100,27.62
3404,34,4,278,215,77.34,63,22.66
3405,34,5,305,227,74.43,78,25.57
3406,34,6,403,293,72.7,110,27.3
3407,34,7,384,291,75.78,93,24.22
3408,34,8,303,218,71.95,85,28.05
3409,34,9,237,169,71.31,68,28.69
3410,34,10,300,224,74.67,76,25.33
3411,34,11,322,230,71.43,92,28.57
3412,34,12,377,274,72.68,103,27.32
3413,34,13,368,272,73.91,96,26.09
3414,34,14,281,203,72.24,78,27.76
3415,34,15,328,249,75.91,79,24.09
3416,34,16,326,244,74.85,82,25.15
3417,34,17,448,335,74.78,113,25.22
3418,34,18,213,160,75.12,53,24.88
3419,34,19,383,283,73.89,100,26.11
3420,34,20,408,314,76.96,94,23.04
3421,34,21,425,299,70.35,126,29.65
3422,34,22,366,267,72.95,99,27.05
3423,34,23,310,228,73.55,82,26.45
3424,34,24,309,224,72.49,85,27.51
3425,34,25,530,393,74.15,137,25.85
3426,34,26,418,316,75.6,102,24.4
3427,34,27,290,207,71.38,83,28.62
3428,34,28,223,163,73.09,60,26.91
3429,34,29,286,196,68.53,90,31.47
3430,34,30,337,260,77.15,77,22.85
3431,34,31,280,214,76.43,66,23.57
3432,34,32,353,256,72.52,97,27.48
3433,34,33,298,225,75.5,73,24.5
3434,34,34,411,310,75.43,101,24.57
3435,34,35,453,315,69.54,138,30.46
3436,34,36,310,235,75.81,75,24.19
3437,34,37,212,147,69.34,65,30.66
3438,34,38,184,122,66.3,62,33.7
3439,34,39,274,190,69.34,84,30.66
3440,34,40,383,268,69.97,115,30.03
3441,34,41,216,150,69.44,66,30.56
3442,34,42,357,273,76.47,84,23.53
3443,34,43,330,248,75.15,82,24.85
3444,34,44,306,229,74.84,77,25.16
3445,34,45,355,270,76.06,85,23.94
3446,34,46,243,179,73.66,64,26.34
3447,34,47,318,246,77.36,72,22.64
3448,34,48,371,282,76.01,89,23.99
3449,34,49,324,250,77.16,74,22.84
3450,34,50,291,220,75.6,71,24.4
3451,34,51,413,301,72.88,112,27.12
3452,34,52,288,215,74.65,73,25.35
3453,34,53,248,191,77.02,57,22.98
3501,35,1,464,307,66.16,157,33.84
3502,35,2,482,305,63.28,177,36.72
3503,35,3,429,281,65.5,148,34.5
3504,35,4,475,328,69.05,147,30.95
3505,35,5,392,257,65.56,135,34.44
3506,35,6,494,337,68.22,157,31.78
3507,35,7,473,290,61.31,183,38.69
3508,35,8,473,306,64.69,167,35.31
3509,35,9,418,289,69.14,129,30.86
3510,35,10,539,345,64.01,194,35.99
3511,35,11,528,348,65.91,180,34.09
3512,35,12,316,215,68.04,101,31.96
3513,35,13,332,225,67.77,107,32.23
3514,35,14,369,250,67.75,119,32.25
3515,35,15,559,369,66.01,190,33.99
3516,35,16,247,161,65.18,86,34.82
3517,35,17,461,276,59.87,185,40.13
3518,35,18,321,218,67.91,103,32.09
3519,35,19,292,208,71.23,84,28.77
3520,35,20,472,344,72.88,128,27.12
3521,35,21,474,310,65.4,164,34.6
3522,35,22,592,402,67.91,190,32.09
3523,35,23,478,338,70.71,140,29.29
3524,35,24,422,280,66.35,142,33.65
3525,35,25,479,299,62.42,180,37.58
3526,35,26,409,288,70.42,121,29.58
3527,35,27,413,283,68.52,130,31.48
3528,35,28,471,312,66.24,159,33.76
3529,35,29,448,319,71.21,129,28.79
3530,35,30,417,282,67.63,135,32.37
3531,35,31,495,352,71.11,143,28.89
3601,36,1,386,279,72.28,107,27.72
3602,36,2,379,268,70.71,111,29.29
3603,36,3,351,233,66.38,118,33.62
3604,36,4,438,312,71.23,126,28.77
3605,36,5,356,246,69.1,110,30.9
3606,36,6,347,238,68.59,109,31.41
3607,36,7,391,257,65.73,134,34.27
3608,36,8,325,229,70.46,96,29.54
3609,36,9,386,267,69.17,119,30.83
3610,36,10,503,359,71.37,144,28.63
3611,36,11,280,187,66.79,93,33.21
3612,36,12,245,168,68.57,77,31.43
3613,36,13,275,195,70.91,80,29.09
3614,36,14,426,288,67.61,138,32.39
3615,36,15,387,297,76.74,90,23.26
3616,36,16,387,266,68.73,121,31.27
3617,36,17,472,341,72.25,131,27.75
3618,36,18,413,296,71.67,117,28.33
3619,36,19,500,362,72.4,138,27.6
3620,36,20,443,317,71.56,126,28.44
3621,36,21,358,244,68.16,114,31.84
3622,36,22,366,242,66.12,124,33.88
3623,36,23,355,254,71.55,101,28.45
3624,36,24,455,312,68.57,143,31.43
3625,36,25,411,294,71.53,117,28.47
3626,36,26,369,253,68.56,116,31.44
3627,36,27,331,229,69.18,102,30.82
3628,36,28,352,249,70.74,103,29.26
3629,36,29,416,298,71.63,118,28.37
3630,36,30,374,254,67.91,120,32.09
3701,37,1,204,162,79.41,42,20.59
3702,37,2,303,212,69.97,91,30.03
3703,37,3,230,148,64.35,82,35.65
3704,37,4,264,170,64.39,94,35.61
3705,37,5,327,241,73.7,86,26.3
3706,37,6,220,162,73.64,58,26.36
3707,37,7,258,191,74.03,67,25.97
3708,37,8,230,153,66.52,77,33.48
3709,37,9,311,210,67.52,101,32.48
3710,37,10,401,287,71.57,114,28.43
3711,37,11,207,151,72.95,56,27.05
3712,37,12,298,214,71.81,84,28.19
3713,37,13,237,167,70.46,70,29.54
3714,37,14,369,266,72.09,103,27.91
3715,37,15,338,253,74.85,85,25.15
3716,37,16,351,241,68.66,110,31.34
3717,37,17,236,177,75.0,59,25.0
3718,37,18,271,193,71.22,78,28.78
3719,37,19,229,158,69.0,71,31.0
3720,37,20,288,209,72.57,79,27.43
3721,37,21,249,183,73.49,66,26.51
3722,37,22,285,199,69.82,86,30.18
3723,37,23,307,220,71.66,87,28.34
3724,37,24,299,201,67.22,98,32.78
3725,37,25,271,181,66.79,90,33.21
3726,37,26,434,289,66.59,145,33.41
3727,37,27,315,221,70.16,94,29.84
3728,37,28,278,205,73.74,73,26.26
3729,37,29,273,199,72.89,74,27.11
3730,37,30,290,198,68.28,92,31.72
3731,37,31,373,265,71.05,108,28.95
3732,37,32,289,220,76.12,69,23.88
3733,37,33,242,177,73.14,65,26.86
3734,37,34,274,188,68.61,86,31.39
3735,37,35,322,227,70.5,95,29.5
3736,37,36,224,151,67.41,73,32.59
3737,37,37,328,242,73.78,86,26.22
3738,37,38,337,235,69.73,102,30.27
3739,37,39,269,197,73.23,72,26.77
3740,37,40,327,234,71.56,93,28.44
3741,37,41,314,236,75.16,78,24.84
3801,38,1,389,290,74.55,99,25.45
3802,38,2,386,252,65.28,134,34.72
3803,38,3,410,270,65.85,140,34.15
3804,38,4,367,248,67.57,119,32.43
3805,38,5,382,263,68.85,119,31.15
3806,38,6,392,255,65.05,137,34.95
3807,38,7,382,261,68.32,121,31.68
3808,38,8,384,254,66.15,130,33.85
3809,38,9,478,339,70.92,139,29.08
3810,38,10,356,245,68.82,111,31.18
3811,38,11,363,271,74.66,92,25.34
3812,38,12,360,245,68.06,115,31.94
3813,38,13,454,303,66.74,151,33.26
3814,38,14,437,305,69.79,132,30.21
3815,38,15,376,264,70.21,112,29.79
3816,38,16,392,265,67.6,127,32.4
3817,38,17,468,298,63.68,170,36.32
3818,38,18,416,293,70.43,123,29.57
3819,38,19,436,334,76.61,102,23.39
3820,38,20,408,272,66.67,136,33.33
3821,38,21,399,285,71.43,114,28.57
3822,38,22,369,269,72.9,100,27.1
3823,38,23,418,288,68.9,130,31.1
3824,38,24,404,278,68.81,126,31.19
3825,38,25,375,270,72.0,105,28.0
3826,38,26,408,307,75.25,101,24.75
3827,38,27,392,244,62.24,148,37.76
3828,38,28,489,329,67.28,160,32.72
3829,38,29,418,297,71.05,121,28.95
3830,38,30,403,277,68.73,126,31.27
3831,38,31,411,298,72.51,113,27.49
3832,38,32,385,268,69.61,117,30.39
3833,38,33,344,239,69.48,105,30.52
3834,38,34,366,248,67.76,118,32.24
3835,38,35,383,268,69.97,115,30.03
3836,38,36,378,269,71.16,109,28.84
3837,38,37,395,251,63.54,144,36.46
3838,38,38,394,274,69.54,120,30.46
3839,38,39,444,316,71.17,128,28.83
3840,38,40,415,281,67.71,134,32.29
3841,38,41,357,267,74.79,90,25.21
3901,39,1,385,270,70.13,115,29.87
3902,39,2,266,220,82.71,46,17.29
3903,39,3,475,351,73.89,124,26.11
3904,39,4,406,290,71.43,116,28.57
3905,39,5,431,311,72.16,120,27.84
3906,39,6,446,301,67.49,145,32.51
3907,39,7,377,286,75.86,91,24.14
3908,39,8,428,311,72.66,117,27.34
3909,39,9,389,288,74.04,101,25.96
3910,39,10,200,155,77.5,45,22.5
3911,39,11,402,288,71.64,114,28.36
3912,39,12,564,382,67.73,182,32.27
3913,39,13,344,253,73.55,91,26.45
3914,39,14,424,306,72.17,118,27.83
3915,39,15,478,351,73.43,127,26.57
3916,39,16,393,281,71.5,112,28.5
3917,39,17,422,310,73.46,112,26.54
3918,39,18,420,318,75.71,102,24.29
3919,39,19,404,296,73.27,108,26.73
3920,39,20,520,369,70.96,151,29.04
3921,39,21,415,270,65.06,145,34.94
3922,39,22,419,310,73.99,109,26.01
3923,39,23,414,290,70.05,124,29.95
3924,39,24,512,350,68.36,162,31.64
3925,39,25,355,261,73.52,94,26.48
3926,39,26,377,278,73.74,99,26.26
3927,39,27,57,42,73.68,15,26.32
3928,39,28,525,382,72.76,143,27.24
3929,39,29,223,165,73.99,58,26.01
3930,39,30,521,393,75.43,128,24.57
3931,39,31,369,254,68.83,115,31.17
3932,39,32,318,227,71.38,91,28.62
3933,39,33,425,312,73.41,113,26.59
3934,39,34,489,318,65.03,171,34.97
3935,39,35,417,315,75.54,102,24.46
3936,39,36,102,82,80.39,20,19.61
3937,39,37,381,302,79.27,79,20.73
3938,39,38,214,169,78.97,45,21.03
3939,39,39,257,191,74.32,66,25.68
3940,39,40,421,294,69.83,127,30.17
3941,39,41,426,300,70.42,126,29.58
3942,39,42,440,339,77.05,101,22.95
3943,39,43,433,298,68.82,135,31.18
3944,39,44,335,236,70.45,99,29.55
3945,39,45,364,262,71.98,102,28.02
4001,40,1,422,312,73.93,110,26.07
4002,40,2,490,369,75.31,121,24.69
4003,40,3,602,422,70.1,180,29.9
4004,40,4,294,227,77.21,67,22.79
4005,40,5,541,407,75.23,134,24.77
4006,40,6,563,392,69.63,171,30.37
4007,40,7,461,338,73.32,123,26.68
4008,40,8,639,447,69.95,192,30.05
4009,40,9,375,288,76.8,87,23.2
4010,40,10,536,381,71.08,155,28.92
4011,40,11,489,345,70.55,144,29.45
4012,40,12,401,299,74.56,102,25.44
4013,40,13,717,479,66.81,238,33.19
4014,40,14,441,330,74.83,111,25.17
4015,40,15,453,342,75.5,111,24.5
4016,40,16,646,436,67.49,210,32.51
4017,40,17,398,294,73.87,104,26.13
4018,40,18,387,300,77.52,87,22.48
4019,40,19,586,421,71.84,165,28.16
4020,40,20,494,351,71.05,143,28.95
4021,40,21,547,435,79.52,112,20.48
4022,40,22,593,450,75.89,143,24.11
4023,40,23,597,438,73.37,159,26.63
4024,40,24,440,327,74.32,113,25.68
4025,40,25,569,385,67.66,184,32.34
4026,40,26,515,368,71.46,147,28.54
4027,40,27,590,436,73.9,154,26.1
4028,40,28,523,349,66.73,174,33.27
4029,40,29,492,358,72.76,134,27.24
4030,40,30,391,298,76.21,93,23.79
4031,40,31,542,390,71.96,152,28.04
4032,40,32,538,409,76.02,129,23.98
4033,40,33,474,346,73.0,128,27.0
4034,40,34,406,308,75.86,98,24.14
4035,40,35,335,261,77.91,74,22.09
4036,40,36,417,301,72.18,116,27.82
4037,40,37,504,360,71.43,144,28.57
4038,40,38,606,427,70.46,179,29.54
4039,40,39,194,142,73.2,52,26.8
4101,41,1,424,256,60.38,168,39.62
4102,41,2,466,307,65.88,159,34.12
4103,41,3,427,293,68.62,134,31.38
4104,41,4,419,301,71.84,118,28.16
4105,41,5,511,351,68.69,160,31.31
4106,41,6,498,373,74.9,125,25.1
4107,41,7,445,297,66.74,148,33.26
4108,41,8,435,277,63.68,158,36.32
4109,41,9,384,256,66.67,128,33.33
4110,41,10,440,319,72.5,121,27.5
4111,41,11,463,279,60.26,184,39.74
4112,41,12,460,331,71.96,129,28.04
4113,41,13,487,322,66.12,165,33.88
4114,41,14,462,329,71.21,133,28.79
4115,41,15,521,374,71.79,147,28.21
4116,41,16,421,279,66.27,142,33.73
4117,41,17,378,252,66.67,126,33.33
4118,41,18,383,253,66.06,130,33.94
4119,41,19,451,345,76.5,106,23.5
4120,41,20,320,213,66.56,107,33.44
4121,41,21,461,326,70.72,135,29.28
4122,41,22,499,327,65.53,172,34.47
4123,41,23,409,274,66.99,135,33.01
4124,41,24,415,259,62.41,156,37.59
4125,41,25,385,261,67.79,124,32.21
4126,41,26,408,271,66.42,137,33.58
4127,41,27,371,233,62.8,138,37.2
4128,41,28,427,290,67.92,137,32.08
4129,41,29,349,234,67.05,115,32.95
4130,41,30,378,260,68.78,118,31.22
4131,41,31,391,299,76.47,92,23.53
4132,41,32,385,266,69.09,119,30.91
4133,41,33,409,266,65.04,143,34.96
4134,41,34,394,261,66.24,133,33.76
4135,41,35,498,318,63.86,180,36.14
4136,41,36,430,257,59.77,173,40.23
4137,41,37,485,358,73.81,127,26.19
4138,41,38,419,268,63.96,151,36.04
4139,41,39,433,282,65.13,151,34.87
4140,41,40,483,299,61.9,184,38.1
4141,41,41,459,308,67.1,151,32.9
4142,41,42,420,285,67.86,135,32.14
4143,41,43,416,282,67.79,134,32.21
4144,41,44,432,277,64.12,155,35.88
4145,41,45,439,294,66.97,145,33.03
4146,41,46,425,281,66.12,144,33.88
4147,41,47,431,305,70.77,126,29.23
4201,42,1,413,340,82.32,73,17.68
4202,42,2,606,474,78.22,132,21.78
4203,42,3,516,395,76.55,121,23.45
4204,42,4,1151,923,80.19,228,19.81
4205,42,5,401,320,79.8,81,20.2
4206,42,6,464,368,79.31,96,20.69
4207,42,7,588,463,78.74,125,21.26
4208,42,8,384,284,73.96,100,26.04
4209,42,9,674,516,76.56,158,23.44
4210,42,10,713,531,74.47,182,25.53
4211,42,11,319,264,82.76,55,17.24
4212,42,12,393,316,80.41,77,19.59
4213,42,13,387,311,80.36,76,19.64
4214,42,14,683,529,77.45,154,22.55
4215,42,15,656,506,77.13,150,22.87
4216,42,16,510,370,72.55,140,27.45
4217,42,17,783,606,77.39,177,22.61
4218,42,18,647,500,77.28,147,22.72
4219,42,19,612,484,79.08,128,20.92
4220,42,20,597,448,75.04,149,24.96
4221,42,21,630,497,78.89,133,21.11
4222,42,22,279,213,76.34,66,23.66
4223,42,23,516,396,76.74,120,23.26
4224,42,24,443,362,81.72,81,18.28
4225,42,25,577,435,75.39,142,24.61
4226,42,26,797,617,77.42,180,22.58
4227,42,27,344,238,69.19,106,30.81
4228,42,28,537,396,73.74,141,26.26
4229,42,29,605,461,76.2,144,23.8
4230,42,30,377,308,81.7,69,18.3
4231,42,31,572,448,78.32,124,21.68
4232,42,32,597,452,75.71,145,24.29
4233,42,33,579,431,74.44,148,25.56
4234,42,34,389,305,78.41,84,21.59
4235,42,35,612,478,78.1,134,21.9
4236,42,36,907,650,71.66,257,28.34
4237,42,37,391,288,73.66,103,26.34
4238,42,38,488,378,77.46,110,22.54
4239,42,39,888,701,78.94,187,21.06
4240,42,40,744,595,79.97,149,20.03
4241,42,41,534,406,76.03,128,23.97
4242,42,42,886,699,78.89,187,21.11
4301,43,1,250,197,78.8,53,21.2
4302,43,2,532,413,77.63,119,22.37
4303,43,3,460,357,77.61,103,22.39
4304,43,4,571,443,77.58,128,22.42
4305,43,5,446,362,81.17,84,18.83
4306,43,6,392,322,82.14,70,17.86
4307,43,7,283,223,78.8,60,21.2
4308,43,8,373,297,79.62,76,20.38
4309,43,9,471,375,79.62,96,20.38
4310,43,10,588,477,81.12,111,18.88
4311,43,11,458,368,80.35,90,19.65
4312,43,12,317,241,76.03,76,23.97
4313,43,13,497,369,74.25,128,25.75
4314,43,14,495,406,82.02,89,17.98
4315,43,15,470,356,75.74,114,24.26
4316,43,16,656,496,75.61,160,24.39
4317,43,17,394,331,84.01,63,15.99
4318,43,18,537,434,80.82,103,19.18
4319,43,19,475,389,81.89,86,18.11
4320,43,20,599,458,76.46,141,23.54
4321,43,21,560,415,74.11,145,25.89
4322,43,22,337,252,74.78,85,25.22
4323,43,23,348,261,75.0,87,25.0
4324,43,24,368,281,76.36,87,23.64
4325,43,25,399,314,78.7,85,21.3
4326,43,26,285,242,84.91,43,15.09
4327,43,27,451,360,79.82,91,20.18
4328,43,28,591,484,81.9,107,18.1
4329,43,29,682,550,80.65,132,19.35
4330,43,30,514,393,76.46,121,23.54
4331,43,31,453,355,78.37,98,21.63
4332,43,32,498,405,81.33,93,18.67
4333,43,33,455,377,82.86,78,17.14
4334,43,34,322,260,80.75,62,19.25
4335,43,35,506,399,78.85,107,21.15
4336,43,36,322,248,77.02,74,22.98
4337,43,37,584,452,77.4,132,22.6
4338,43,38,334,267,79.94,67,20.06
4339,43,39,376,281,74.73,95,25.27
4340,43,40,372,278,74.73,94,25.27
4341,43,41,594,472,79.46,122,20.54
4342,43,42,457,338,73.96,119,26.04
4343,43,43,460,392,85.22,68,14.78
4344,43,44,455,362,79.56,93,20.44
4345,43,45,302,235,77.81,67,22.19
4346,43,46,296,223,75.34,73,24.66
4401,44,1,812,616,75.86,196,24.14
4402,44,2,530,414,78.11,116,21.89
4403,44,3,278,240,86.33,38,13.67
4404,44,4,399,323,80.95,76,19.05
4405,44,5,533,410,76.92,123,23.08
4406,44,6,661,483,73.07,178,26.93
4407,44,7,320,261,81.56,59,18.44
4408,44,8,728,541,74.31,187,25.69
4409,44,9,567,423,74.6,144,25.4
4410,44,10,582,441,75.77,141,24.23
4411,44,11,626,446,71.25,180,28.75
4412,44,12,560,428,76.43,132,23.57
4413,44,13,476,381,80.04,95,19.96
4414,44,14,529,395,74.67,134,25.33
4415,44,15,500,373,74.6,127,25.4
4416,44,16,633,435,68.72,198,31.28
4417,44,17,721,538,74.62,183,25.38
4418,44,18,589,442,75.04,147,24.96
4419,44,19,637,477,74.88,160,25.12
4420,44,20,680,499,73.38,181,26.62
4421,44,21,629,484,76.95,145,23.05
4422,44,22,520,413,79.42,107,20.58
4423,44,23,533,415,77.86,118,22.14
4424,44,24,355,297,83.66,58,16.34
4425,44,25,558,440,78.85,118,21.15
4426,44,26,715,500,69.93,215,30.07
4427,44,27,623,468,75.12,155,24.88
4428,44,28,598,448,74.92,150,25.08
4429,44,29,625,469,75.04,156,24.96
4430,44,30,662,495,74.77,167,25.23
4431,44,31,500,360,72.0,140,28.0
4432,44,32,635,447,70.39,188,29.61
4433,44,33,617,461,74.72,156,25.28
4434,44,34,561,458,81.64,103,18.36
4435,44,35,563,442,78.51,121,21.49
4436,44,36,636,488,76.73,148,23.27
4437,44,37,622,446,71.7,176,28.3
4438,44,38,665,492,73.98,173,26.02
4439,44,39,599,463,77.3,136,22.7
4440,44,40,517,403,77.95,114,22.05
4441,44,41,708,520,73.45,188,26.55
4501,45,1,369,270,73.17,99,26.83
4502,45,2,457,321,70.24,136,29.76
4503,45,3,403,290,71.96,113,28.04
4504,45,4,531,356,67.04,175,32.96
4505,45,5,452,339,75.0,113,25.0
4506,45,6,599,432,72.12,167,27.88
4507,45,7,635,499,78.58,136,21.42
4508,45,8,448,325,72.54,123,27.46
4509,45,9,431,297,68.91,134,31.09
4510,45,10,428,313,73.13,115,26.87
4511,45,11,345,237,68.7,108,31.3
4512,45,12,391,275,70.33,116,29.67
4513,45,13,360,279,77.5,81,22.5
4514,45,14,623,463,74.32,160,25.68
4515,45,15,527,381,72.3,146,27.7
4516,45,16,359,262,72.98,97,27.02
4517,45,17,467,335,71.73,132,28.27
4518,45,18,474,340,71.73,134,28.27
4519,45,19,242,169,69.83,73,30.17
4520,45,20,298,204,68.46,94,31.54
4521,45,21,374,258,68.98,116,31.02
4522,45,22,400,294,73.5,106,26.5
4523,45,23,406,275,67.73,131,32.27
4524,45,24,340,223,65.59,117,34.41
4525,45,25,282,196,69.5,86,30.5
4526,45,26,240,175,72.92,65,27.08
4527,45,27,415,284,68.43,131,31.57
4528,45,28,351,258,73.5,93,26.5
4529,45,29,271,194,71.59,77,28.41
4530,45,30,427,299,70.02,128,29.98
4531,45,31,343,261,76.09,82,23.91
4532,45,32,399,271,67.92,128,32.08
4533,45,33,301,201,66.78,100,33.22
4534,45,34,451,317,70.29,134,29.71
4535,45,35,477,328,68.76,149,31.24
4536,45,36,444,303,68.24,141,31.76
4537,45,37,407,280,68.8,127,31.2
4538,45,38,416,302,72.6,114,27.4
4539,45,39,432,310,71.76,122,28.24
4540,45,40,395,267,67.59,128,32.41
4541,45,41,376,250,66.49,126,33.51
4542,45,42,407,295,72.48,112,27.52
4543,45,43,453,323,71.3,130,28.7
4544,45,44,392,271,69.13,121,30.87
4545,45,45,272,173,63.6,99,36.4
4546,45,46,339,214,63.13,125,36.87
4547,45,47,302,205,67.88,97,32.12
4548,45,48,331,225,67.98,106,32.02
4601,46,1,403,269,66.75,134,33.25
4602,46,2,514,366,71.21,148,28.79
4603,46,3,592,461,77.87,131,22.13
4604,46,4,497,362,72.84,135,27.16
4605,46,5,682,481,70.53,201,29.47
4606,46,6,448,315,70.31,133,29.69
4607,46,7,490,396,80.82,94,19.18
4608,46,8,346,237,68.5,109,31.5
4609,46,9,584,420,71.92,164,28.08
4610,46,10,889,661,74.35,228,25.65
4611,46,11,492,345,70.12,147,29.88
4612,46,12,562,380,67.62,182,32.38
4613,46,13,540,411,76.11,129,23.89
4614,46,14,534,392,73.41,142,26.59
4615,46,15,528,396,75.0,132,25.0
4616,46,16,608,411,67.6,197,32.4
4617,46,17,550,431,78.36,119,21.64
4618,46,18,594,428,72.05,166,27.95
4619,46,19,347,266,76.66,81,23.34
4620,46,20,452,345,76.33,107,23.67
4621,46,21,397,282,71.03,115,28.97
4622,46,22,367,251,68.39,116,31.61
4623,46,23,488,353,72.34,135,27.66
4624,46,24,654,490,74.92,164,25.08
4625,46,25,509,353,69.35,156,30.65
4626,46,26,728,505,69.37,223,30.63
4627,46,27,678,468,69.03,210,30.97
4628,46,28,477,383,80.29,94,19.71
4629,46,29,416,324,77.88,92,22.12
4630,46,30,533,407,76.36,126,23.64
4631,46,31,538,402,74.72,136,25.28
4632,46,32,495,347,70.1,148,29.9
4633,46,33,532,413,77.63,119,22.37
4634,46,34,680,482,70.88,198,29.12
4635,46,35,592,436,73.65,156,26.35
4636,46,36,490,385,78.57,105,21.43
4637,46,37,412,313,75.97,99,24.03
4638,46,38,596,451,75.67,145,24.33
4639,46,39,476,342,71.85,134,28.15
4640,46,40,438,327,74.66,111,25.34
4701,47,1,375,277,73.87,98,26.13
4702,47,2,513,402,78.36,111,21.64
4703,47,3,501,424,84.63,77,15.37
4704,47,4,646,500,77.4,146,22.6
4705,47,5,588,399,67.86,189,32.14
4706,47,6,659,514,78.0,145,22.0
4707,47,7,506,354,69.96,152,30.04
4708,47,8,539,419,77.74,120,22.26
4709,47,9,505,370,73.27,135,26.73
4710,47,10,654,454,69.42,200,30.58
4711,47,11,548,411,75.0,137,25.0
4712,47,12,589,419,71.14,170,28.86
4713,47,13,534,383,71.72,151,28.28
4714,47,14,501,408,81.44,93,18.56
4715,47,15,682,426,62.46,256,37.54
4716,47,16,544,431,79.23,113,20.77
4717,47,17,535,409,76.45,126,23.55
4718,47,18,524,361,68.89,163,31.11
4719,47,19,845,570,67.46,275,32.54
4720,47,20,569,427,75.04,142,24.96
4721,47,21,513,377,73.49,136,26.51
4722,47,22,586,425,72.53,161,27.47
4723,47,23,615,446,72.52,169,27.48
4724,47,24,557,411,73.79,146,26.21
4725,47,25,653,467,71.52,186,28.48
4726,47,26,732,535,73.09,197,26.91
4727,47,27,468,347,74.15,121,25.85
4728,47,28,501,383,76.45,118,23.55
4729,47,29,642,489,76.17,153,23.83
4730,47,30,684,513,75.0,171,25.0
4731,47,31,590,441,74.75,149,25.25
4732,47,32,658,467,70.97,191,29.03
4733,47,33,518,404,77.99,114,22.01
4734,47,34,567,433,76.37,134,23.63
4735,47,35,535,413,77.2,122,22.8
4736,47,36,636,442,69.5,194,30.5
4737,47,37,499,353,70.74,146,29.26
4738,47,38,546,402,73.63,144,26.37
4739,47,39,538,373,69.33,165,30.67
4740,47,40,509,379,74.46,130,25.54
4741,47,41,600,427,71.17,173,28.83
4742,47,42,529,354,66.92,175,33.08
4743,47,43,487,391,80.29,96,19.71
4744,47,44,459,342,74.51,117,25.49
4745,47,45,514,390,75.88,124,24.12
4746,47,46,557,423,75.94,134,24.06
4747,47,47,671,487,72.58,184,27.42
4748,47,48,35,27,77.14,8,22.86
4801,48,1,512,347,67.77,165,32.23
4802,48,2,216,175,81.02,41,18.98
4803,48,3,584,446,76.37,138,23.63
4804,48,4,459,335,72.98,124,27.02
4805,48,5,255,191,74.9,64,25.1
4806,48,6,598,447,74.75,151,25.25
4807,48,7,539,397,73.65,142,26.35
4808,48,8,249,187,75.1,62,24.9
4809,48,9,328,249,75.91,79,24.09
4810,48,10,705,505,71.63,200,28.37
4811,48,11,405,297,73.33,108,26.67
4812,48,12,601,411,68.39,190,31.61
4813,48,13,624,492,78.85,132,21.15
4814,48,14,208,159,76.44,49,23.56
4815,48,15,327,258,78.9,69,21.1
4816,48,16,562,379,67.44,183,32.56
4817,48,17,436,343,78.67,93,21.33
4818,48,18,335,248,74.03,87,25.97
4819,48,19,353,253,71.67,100,28.33
4820,48,20,546,363,66.48,183,33.52
4821,48,21,646,452,69.97,194,30.03
4822,48,22,370,300,81.08,70,18.92
4823,48,23,434,340,78.34,94,21.66
4824,48,24,586,393,67.06,193,32.94
4825,48,25,438,325,74.2,113,25.8
4826,48,26,243,180,74.07,63,25.93
4827,48,27,495,347,70.1,148,29.9
4828,48,28,535,395,73.83,140,26.17
4829,48,29,189,172,91.01,17,8.99
4830,48,30,421,293,69.6,128,30.4
4831,48,31,733,497,67.8,236,32.2
4832,48,32,546,386,70.7,160,29.3
4833,48,33,259,211,81.47,48,18.53
4834,48,34,423,309,73.05,114,26.95
4835,48,35,292,197,67.47,95,32.53
4836,48,36,275,225,81.82,50,18.18
4837,48,37,519,373,71.87,146,28.13
4838,48,38,511,403,78.86,108,21.14
4839,48,39,371,288,77.63,83,22.37
4840,48,40,456,329,72.15,127,27.85
4841,48,41,655,435,66.41,220,33.59
4842,48,42,590,403,68.31,187,31.69
4843,48,43,589,425,72.16,164,27.84
4844,48,44,644,453,70.34,191,29.66
4845,48,45,377,260,68.97,117,31.03
4846,48,46,290,221,76.21,69,23.79
4901,49,1,343,246,71.72,97,28.28
4902,49,2,315,229,72.7,86,27.3
4903,49,3,646,460,71.21,186,28.79
4904,49,4,691,465,67.29,226,32.71
4905,49,5,497,373,75.05,124,24.95
4906,49,6,445,324,72.81,121,27.19
4907,49,7,408,294,72.06,114,27.94
4908,49,8,457,364,79.65,93,20.35
4909,49,9,519,371,71.48,148,28.52
4910,49,10,594,432,72.73,162,27.27
4911,49,11,675,491,72.74,184,27.26
4912,49,12,644,455,70.65,189,29.35
4913,49,13,588,408,69.39,180,30.61
4914,49,14,400,276,69.0,124,31.0
4915,49,15,385,285,74.03,100,25.97
4916,49,16,465,334,71.83,131,28.17
4917,49,17,399,306,76.69,93,23.31
4918,49,18,665,463,69.62,202,30.38
4919,49,19,481,341,70.89,140,29.11
4920,49,20,770,532,69.09,238,30.91
4921,49,21,321,245,76.32,76,23.68
4922,49,22,539,383,71.06,156,28.94
4923,49,23,675,447,66.22,228,33.78
4924,49,24,395,290,73.42,105,26.58
4925,49,25,654,448,68.5,206,31.5
4926,49,26,583,398,68.27,185,31.73
4927,49,27,601,429,71.38,172,28.62
4928,49,28,739,492,66.58,247,33.42
4929,49,29,603,404,67.0,199,33.0
4930,49,30,546,398,72.89,148,27.11
4931,49,31,354,256,72.32,98,27.68
4932,49,32,495,306,61.82,189,38.18
4933,49,33,403,292,72.46,111,27.54
5001,50,1,324,250,77.16,74,22.84
5002,50,2,222,168,75.68,54,24.32
5003,50,3,300,226,75.33,74,24.67
5004,50,4,406,329,81.03,77,18.97
5005,50,5,213,166,77.93,47,22.07
5006,50,6,399,315,78.95,84,21.05
5007,50,7,492,377,76.63,115,23.37
5008,50,8,378,272,71.96,106,28.04
5009,50,9,320,229,71.56,91,28.44
5010,50,10,375,261,69.6,114,30.4
5011,50,11,182,134,73.63,48,26.37
5012,50,12,148,106,71.62,42,28.38
5013,50,13,474,361,76.16,113,23.84
5014,50,14,106,75,70.75,31,29.25
5015,50,15,483,370,76.6,113,23.4
5016,50,16,103,73,70.87,30,29.13
5017,50,17,387,292,75.45,95,24.55
5018,50,18,46,33,71.74,13,28.26
5019,50,19,327,243,74.31,84,25.69
5020,50,20,435,318,73.1,117,26.9
5021,50,21,349,266,76.22,83,23.78
5022,50,22,338,261,77.22,77,22.78
5023,50,23,258,187,72.48,71,27.52
5024,50,24,220,146,66.36,74,33.64
5025,50,25,296,197,66.55,99,33.45
5026,50,26,416,309,74.28,107,25.72
5027,50,27,98,70,71.43,28,28.57
5028,50,28,425,327,76.94,98,23.06
5029,50,29,406,309,76.11,97,23.89
5030,50,30,323,261,80.8,62,19.2
5031,50,31,553,402,72.69,151,27.31
5032,50,32,436,338,77.52,98,22.48
5033,50,33,223,166,74.44,57,25.56
5034,50,34,468,341,72.86,127,27.14
5035,50,35,531,406,76.46,125,23.54
5036,50,36,391,291,74.42,100,25.58
5037,50,37,403,316,78.41,87,21.59
5038,50,38,120,91,75.83,29,24.17
5039,50,39,228,163,71.49,65,28.51
5040,50,40,247,162,65.59,85,34.41
