id,ward,precinct,total,Yes,Yes Percent,No,No Percent
0101,1,1,505,317,62.77,188,37.23
0102,1,2,468,278,59.4,190,40.6
0103,1,3,595,450,75.63,145,24.37
0104,1,4,570,416,72.98,154,27.02
0105,1,5,510,370,72.55,140,27.45
0106,1,6,433,307,70.9,126,29.1
0107,1,7,365,265,72.6,100,27.4
0108,1,8,414,296,71.5,118,28.5
0109,1,9,357,252,70.59,105,29.41
0110,1,10,619,437,70.6,182,29.4
0111,1,11,567,416,73.37,151,26.63
0112,1,12,592,375,63.34,217,36.66
0113,1,13,251,168,66.93,83,33.07
0114,1,14,453,325,71.74,128,28.26
0115,1,15,462,310,67.1,152,32.9
0116,1,16,549,359,65.39,190,34.61
0117,1,17,430,261,60.7,169,39.3
0118,1,18,492,315,64.02,177,35.98
0119,1,19,599,392,65.44,207,34.56
0120,1,20,402,260,64.68,142,35.32
0121,1,21,670,496,74.03,174,25.97
0122,1,22,332,210,63.25,122,36.75
0123,1,23,652,448,68.71,204,31.29
0124,1,24,452,283,62.61,169,37.39
0125,1,25,490,332,67.76,158,32.24
0126,1,26,336,215,63.99,121,36.01
0127,1,27,561,394,70.23,167,29.77
0128,1,28,169,114,67.46,55,32.54
0129,1,29,624,445,71.31,179,28.69
0130,1,30,563,337,59.86,226,40.14
0131,1,31,450,308,68.44,142,31.56
0132,1,32,473,331,69.98,142,30.02
0133,1,33,536,369,68.84,167,31.16
0134,1,34,413,294,71.19,119,28.81
0135,1,35,622,425,68.33,197,31.67
0136,1,36,580,433,74.66,147,25.34
0137,1,37,486,350,72.02,136,27.98
0138,1,38,483,332,68.74,151,31.26
0139,1,39,421,306,72.68,115,27.32
0140,1,40,428,316,73.83,112,26.17
0141,1,41,280,199,71.07,81,28.93
0142,1,42,177,119,67.23,58,32.77
0143,1,43,321,221,68.85,100,31.15
0144,1,44,458,294,64.19,164,35.81
0201,2,1,558,390,69.89,168,30.11
0202,2,2,335,264,78.81,71,21.19
0203,2,3,561,395,70.41,166,29.59
0204,2,4,488,341,69.88,147,30.12
0205,2,5,616,437,70.94,179,29.06
0206,2,6,526,362,68.82,164,31.18
0207,2,7,436,313,71.79,123,28.21
0208,2,8,624,440,70.51,184,29.49
0209,2,9,455,348,76.48,107,23.52
0210,2,10,330,260,78.79,70,21.21
0211,2,11,454,360,79.3,94,20.7
0212,2,12,378,315,83.33,63,16.67
0213,2,13,378,300,79.37,78,20.63
0214,2,14,487,342,70.23,145,29.77
0215,2,15,427,308,72.13,119,27.87
0216,2,16,477,350,73.38,127,26.62
0217,2,17,577,389,67.42,188,32.58
0218,2,18,407,324,79.61,83,20.39
0219,2,19,297,225,75.76,72,24.24
0220,2,20,579,461,79.62,118,20.38
0221,2,21,516,356,68.99,160,31.01
0222,2,22,466,362,77.68,104,22.32
0223,2,23,285,241,84.56,44,15.44
0224,2,24,412,329,79.85,83,20.15
0225,2,25,537,394,73.37,143,26.63
0226,2,26,374,282,75.4,92,24.6
0227,2,27,396,294,74.24,102,25.76
0228,2,28,522,414,79.31,108,20.69
0229,2,29,504,386,76.59,118,23.41
0230,2,30,404,320,79.21,84,20.79
0231,2,31,517,426,82.4,91,17.6
0232,2,32,420,312,74.29,108,25.71
0233,2,33,629,499,79.33,130,20.67
0234,2,34,322,266,82.61,56,17.39
0235,2,35,603,458,75.95,145,24.05
0236,2,36,474,368,77.64,106,22.36
0237,2,37,403,311,77.17,92,22.83
0238,2,38,398,311,78.14,87,21.86
0239,2,39,321,225,70.09,96,29.91
0240,2,40,647,507,78.36,140,21.64
0241,2,41,549,419,76.32,130,23.68
0242,2,42,524,420,80.15,104,19.85
0243,2,43,616,501,81.33,115,18.67
0244,2,44,284,224,78.87,60,21.13
0245,2,45,538,407,75.65,131,24.35
0246,2,46,247,178,72.06,69,27.94
0301,3,1,628,420,66.88,208,33.12
0302,3,2,449,331,73.72,118,26.28
0303,3,3,370,255,68.92,115,31.08
0304,3,4,525,356,67.81,169,32.19
0305,3,5,267,178,66.67,89,33.33
0306,3,6,648,470,72.53,178,27.47
0307,3,7,244,172,70.49,72,29.51
0308,3,8,360,218,60.56,142,39.44
0309,3,9,526,307,58.37,219,41.63
0310,3,10,210,141,67.14,69,32.86
0311,3,11,524,342,65.27,182,34.73
0312,3,12,413,290,70.22,123,29.78
0313,3,13,533,389,72.98,144,27.02
0314,3,14,529,382,72.21,147,27.79
0315,3,15,441,284,64.4,157,35.6
0316,3,16,377,248,65.78,129,34.22
0317,3,17,674,462,68.55,212,31.45
0318,3,18,610,395,64.75,215,35.25
0319,3,19,564,429,76.06,135,23.94
0320,3,20,501,312,62.28,189,37.72
0321,3,21,486,394,81.07,92,18.93
0322,3,22,666,471,70.72,195,29.28
0323,3,23,379,252,66.49,127,33.51
0324,3,24,407,275,67.57,132,32.43
0325,3,25,781,596,76.31,185,23.69
0326,3,26,508,394,77.56,114,22.44
0327,3,27,603,434,71.97,169,28.03
0328,3,28,220,143,65.0,77,35.0
0329,3,29,475,297,62.53,178,37.47
0330,3,30,389,240,61.7,149,38.3
0331,3,31,540,343,63.52,197,36.48
0332,3,32,747,556,74.43,191,25.57
0333,3,33,588,435,73.98,153,26.02
0334,3,34,699,492,70.39,207,29.61
0335,3,35,248,161,64.92,87,35.08
0336,3,36,221,136,61.54,85,38.46
0337,3,37,444,266,59.91,178,40.09
0338,3,38,326,243,74.54,83,25.46
0339,3,39,934,687,73.55,247,26.45
0340,3,40,486,337,69.34,149,30.66
0341,3,41,322,205,63.66,117,36.34
0401,4,1,688,455,66.13,233,33.87
0402,4,2,637,486,76.3,151,23.7
0403,4,3,385,244,63.38,141,36.62
0404,4,4,637,416,65.31,221,34.69
0405,4,5,498,310,62.25,188,37.75
0406,4,6,515,367,71.26,148,28.74
0407,4,7,619,432,69.79,187,30.21
0408,4,8,526,336,63.88,190,36.12
0409,4,9,504,365,72.42,139,27.58
0410,4,10,613,423,69.0,190,31.0
0411,4,11,477,318,66.67,159,33.33
0412,4,12,656,432,65.85,224,34.15
0413,4,13,630,456,72.38,174,27.62
0414,4,14,479,335,69.94,144,30.06
0415,4,15,556,383,68.88,173,31.12
0416,4,16,849,645,75.97,204,24.03
0417,4,17,570,424,74.39,146,25.61
0418,4,18,460,304,66.09,156,33.91
0419,4,19,319,191,59.87,128,40.13
0420,4,20,368,283,76.9,85,23.1
0421,4,21,543,382,70.35,161,29.65
0422,4,22,433,308,71.13,125,28.87
0423,4,23,588,415,70.58,173,29.42
0424,4,24,451,311,68.96,140,31.04
0425,4,25,602,442,73.42,160,26.58
0426,4,26,430,300,69.77,130,30.23
0427,4,27,640,424,66.25,216,33.75
0428,4,28,429,270,62.94,159,37.06
0429,4,29,466,305,65.45,161,34.55
0430,4,30,672,436,64.88,236,35.12
0431,4,31,402,300,74.63,102,25.37
0432,4,32,547,374,68.37,173,31.63
0433,4,33,453,325,71.74,128,28.26
0434,4,34,435,285,65.52,150,34.48
0435,4,35,573,384,67.02,189,32.98
0436,4,36,586,410,69.97,176,30.03
0437,4,37,922,699,75.81,223,24.19
0438,4,38,536,385,71.83,151,28.17
0501,5,1,427,254,59.48,173,40.52
0502,5,2,348,213,61.21,135,38.79
0503,5,3,437,322,73.68,115,26.32
0504,5,4,591,377,63.79,214,36.21
0505,5,5,388,260,67.01,128,32.99
0506,5,6,337,218,64.69,119,35.31
0507,5,7,426,285,66.9,141,33.1
0508,5,8,427,344,80.56,83,19.44
0509,5,9,506,365,72.13,141,27.87
0510,5,10,363,223,61.43,140,38.57
0511,5,11,437,317,72.54,120,27.46
0512,5,12,288,185,64.24,103,35.76
0513,5,13,402,245,60.95,157,39.05
0514,5,14,359,239,66.57,120,33.43
0515,5,15,412,286,69.42,126,30.58
0516,5,16,426,253,59.39,173,40.61
0517,5,17,350,220,62.86,130,37.14
0518,5,18,405,271,66.91,134,33.09
0519,5,19,409,299,73.11,110,26.89
0520,5,20,462,336,72.73,126,27.27
0521,5,21,442,310,70.14,132,29.86
0522,5,22,515,374,72.62,141,27.38
0523,5,23,762,543,71.26,219,28.74
0524,5,24,569,379,66.61,190,33.39
0525,5,25,383,278,72.58,105,27.42
0526,5,26,445,280,62.92,165,37.08
0527,5,27,399,303,75.94,96,24.06
0528,5,28,453,321,70.86,132,29.14
0529,5,29,459,301,65.58,158,34.42
0530,5,30,294,168,57.14,126,42.86
0531,5,31,335,223,66.57,112,33.43
0532,5,32,486,327,67.28,159,32.72
0533,5,33,415,269,64.82,146,35.18
0534,5,34,424,326,76.89,98,23.11
0535,5,35,542,402,74.17,140,25.83
0536,5,36,252,182,72.22,70,27.78
0537,5,37,456,344,75.44,112,24.56
0538,5,38,409,261,63.81,148,36.19
0539,5,39,351,271,77.21,80,22.79
0540,5,40,352,213,60.51,139,39.49
0541,5,41,189,149,78.84,40,21.16
0601,6,1,372,253,68.01,119,31.99
0602,6,2,369,264,71.54,105,28.46
0603,6,3,358,256,71.51,102,28.49
0604,6,4,263,157,59.7,106,40.3
0605,6,5,233,146,62.66,87,37.34
0606,6,6,429,287,66.9,142,33.1
0607,6,7,360,228,63.33,132,36.67
0608,6,8,354,252,71.19,102,28.81
0609,6,9,383,246,64.23,137,35.77
0610,6,10,249,156,62.65,93,37.35
0611,6,11,319,207,64.89,112,35.11
0612,6,12,274,182,66.42,92,33.58
0613,6,13,269,171,63.57,98,36.43
0614,6,14,333,215,64.56,118,35.44
0615,6,15,312,184,58.97,128,41.03
0616,6,16,379,248,65.44,131,34.56
0617,6,17,237,155,65.4,82,34.6
0618,6,18,258,190,73.64,68,26.36
0619,6,19,289,173,59.86,116,40.14
0620,6,20,235,158,67.23,77,32.77
0621,6,21,176,104,59.09,72,40.91
0622,6,22,213,132,61.97,81,38.03
0623,6,23,163,104,63.8,59,36.2
0624,6,24,190,120,63.16,70,36.84
0625,6,25,185,120,64.86,65,35.14
0626,6,26,257,162,63.04,95,36.96
0627,6,27,214,135,63.08,79,36.92
0628,6,28,171,113,66.08,58,33.92
0629,6,29,349,233,66.76,116,33.24
0630,6,30,312,203,65.06,109,34.94
0631,6,31,319,239,74.92,80,25.08
0632,6,32,375,248,66.13,127,33.87
0633,6,33,371,252,67.92,119,32.08
0634,6,34,361,235,65.1,126,34.9
0635,6,35,326,208,63.8,118,36.2
0636,6,36,389,257,66.07,132,33.93
0637,6,37,398,272,68.34,126,31.66
0638,6,38,393,260,66.16,133,33.84
0639,6,39,302,193,63.91,109,36.09
0640,6,40,313,206,65.81,107,34.19
0641,6,41,371,230,61.99,141,38.01
0642,6,42,330,210,63.64,120,36.36
0643,6,43,330,201,60.91,129,39.09
0644,6,44,387,246,63.57,141,36.43
0645,6,45,365,237,64.93,128,35.07
0646,6,46,277,170,61.37,107,38.63
0647,6,47,247,168,68.02,79,31.98
0648,6,48,350,243,69.43,107,30.57
0701,7,1,342,227,66.37,115,33.63
0702,7,2,336,209,62.2,127,37.8
0703,7,3,329,216,65.65,113,34.35
0704,7,4,341,238,69.79,103,30.21
0705,7,5,304,201,66.12,103,33.88
0706,7,6,428,272,63.55,156,36.45
0707,7,7,345,217,62.9,128,37.1
0708,7,8,205,126,61.46,79,38.54
0709,7,9,583,371,63.64,212,36.36
0710,7,10,342,239,69.88,103,30.12
0711,7,11,379,220,58.05,159,41.95
0712,7,12,313,202,64.54,111,35.46
0713,7,13,196,121,61.73,75,38.27
0714,7,14,389,250,64.27,139,35.73
0715,7,15,323,224,69.35,99,30.65
0716,7,16,335,210,62.69,125,37.31
0717,7,17,280,169,60.36,111,39.64
0718,7,18,306,186,60.78,120,39.22
0719,7,19,334,229,68.56,105,31.44
0720,7,20,278,175,62.95,103,37.05
0721,7,21,266,160,60.15,106,39.85
0722,7,22,297,191,64.31,106,35.69
0723,7,23,313,204,65.18,109,34.82
0724,7,24,276,191,69.2,85,30.8
0725,7,25,280,177,63.21,103,36.79
0726,7,26,261,163,62.45,98,37.55
0727,7,27,254,171,67.32,83,32.68
0728,7,28,252,163,64.68,89,35.32
0729,7,29,321,203,63.24,118,36.76
0730,7,30,275,200,72.73,75,27.27
0731,7,31,249,163,65.46,86,34.54
0732,7,32,426,279,65.49,147,34.51
0733,7,33,414,303,73.19,111,26.81
0734,7,34,423,272,64.3,151,35.7
0735,7,35,382,240,62.83,142,37.17
0736,7,36,445,295,66.29,150,33.71
0737,7,37,340,229,67.35,111,32.65
0738,7,38,314,211,67.2,103,32.8
0739,7,39,318,212,66.67,106,33.33
0740,7,40,274,191,69.71,83,30.29
0741,7,41,334,238,71.26,96,28.74
0742,7,42,340,239,70.29,101,29.71
0743,7,43,325,236,72.62,89,27.38
0744,7,44,301,211,70.1,90,29.9
0745,7,45,323,215,66.56,108,33.44
0746,7,46,82,55,67.07,27,32.93
0801,8,1,313,208,66.45,105,33.55
0802,8,2,333,212,63.66,121,36.34
0803,8,3,377,248,65.78,129,34.22
0804,8,4,411,277,67.4,134,32.6
0805,8,5,306,227,74.18,79,25.82
0806,8,6,341,227,66.57,114,33.43
0807,8,7,404,279,69.06,125,30.94
0808,8,8,358,250,69.83,108,30.17
0809,8,9,229,153,66.81,76,33.19
0810,8,10,445,308,69.21,137,30.79
0811,8,11,299,196,65.55,103,34.45
0812,8,12,310,203,65.48,107,34.52
0813,8,13,404,271,67.08,133,32.92
0814,8,14,290,170,58.62,120,41.38
0815,8,15,227,161,70.93,66,29.07
0816,8,16,105,75,71.43,30,28.57
0817,8,17,285,200,70.18,85,29.82
0818,8,18,314,205,65.29,109,34.71
0819,8,19,386,269,69.69,117,30.31
0820,8,20,408,237,58.09,171,41.91
0821,8,21,449,275,61.25,174,38.75
0822,8,22,324,224,69.14,100,30.86
0823,8,23,271,197,72.69,74,27.31
0824,8,24,188,116,61.7,72,38.3
0825,8,25,350,219,62.57,131,37.43
0826,8,26,294,182,61.9,112,38.1
0827,8,27,388,250,64.43,138,35.57
0828,8,28,365,252,69.04,113,30.96
0829,8,29,363,248,68.32,115,31.68
0830,8,30,385,265,68.83,120,31.17
0831,8,31,277,179,64.62,98,35.38
0832,8,32,276,180,65.22,96,34.78
0833,8,33,257,161,62.65,96,37.35
0834,8,34,317,241,76.03,76,23.97
0835,8,35,401,263,65.59,138,34.41
0836,8,36,353,231,65.44,122,34.56
0837,8,37,268,172,64.18,96,35.82
0838,8,38,260,186,71.54,74,28.46
0839,8,39,325,218,67.08,107,32.92
0840,8,40,285,195,68.42,90,31.58
0841,8,41,369,226,61.25,143,38.75
0842,8,42,461,301,65.29,160,34.71
0843,8,43,195,119,61.03,76,38.97
0844,8,44,244,172,70.49,72,29.51
0845,8,45,304,200,65.79,104,34.21
0846,8,46,287,185,64.46,102,35.54
0847,8,47,288,191,66.32,97,33.68
0848,8,48,310,197,63.55,113,36.45
0849,8,49,336,218,64.88,118,35.12
0850,8,50,329,225,68.39,104,31.61
0851,8,51,335,227,67.76,108,32.24
0852,8,52,440,294,66.82,146,33.18
0853,8,53,202,138,68.32,64,31.68
0854,8,54,293,181,61.77,112,38.23
0855,8,55,252,191,75.79,61,24.21
0856,8,56,370,241,65.14,129,34.86
0901,9,1,318,210,66.04,108,33.96
0902,9,2,275,175,63.64,100,36.36
0903,9,3,209,126,60.29,83,39.71
0904,9,4,248,167,67.34,81,32.66
0905,9,5,326,224,68.71,102,31.29
0906,9,6,312,200,64.1,112,35.9
0907,9,7,264,181,68.56,83,31.44
0908,9,8,349,225,64.47,124,35.53
0909,9,9,375,241,64.27,134,35.73
0910,9,10,250,173,69.2,77,30.8
0911,9,11,243,159,65.43,84,34.57
0912,9,12,366,249,68.03,117,31.97
0913,9,13,371,254,68.46,117,31.54
0914,9,14,383,263,68.67,120,31.33
0915,9,15,345,193,55.94,152,44.06
0916,9,16,340,228,67.06,112,32.94
0917,9,17,220,161,73.18,59,26.82
0918,9,18,234,150,64.1,84,35.9
0919,9,19,346,228,65.9,118,34.1
0920,9,20,308,215,69.81,93,30.19
0921,9,21,308,204,66.23,104,33.77
0922,9,22,371,258,69.54,113,30.46
0923,9,23,362,234,64.64,128,35.36
0924,9,24,345,237,68.7,108,31.3
0925,9,25,284,194,68.31,90,31.69
0926,9,26,292,187,64.04,105,35.96
0927,9,27,272,182,66.91,90,33.09
0928,9,28,223,150,67.26,73,32.74
0929,9,29,294,185,62.93,109,37.07
0930,9,30,278,190,68.35,88,31.65
0931,9,31,284,188,66.2,96,33.8
0932,9,32,345,233,67.54,112,32.46
0933,9,33,241,167,69.29,74,30.71
0934,9,34,278,192,69.06,86,30.94
0935,9,35,307,218,71.01,89,28.99
0936,9,36,293,189,64.51,104,35.49
0937,9,37,502,312,62.15,190,37.85
0938,9,38,312,200,64.1,112,35.9
0939,9,39,352,232,65.91,120,34.09
0940,9,40,365,258,70.68,107,29.32
0941,9,41,270,174,64.44,96,35.56
0942,9,42,351,235,66.95,116,33.05
0943,9,43,292,192,65.75,100,34.25
0944,9,44,315,212,67.3,103,32.7
0945,9,45,246,167,67.89,79,32.11
0946,9,46,323,225,69.66,98,30.34
0947,9,47,348,246,70.69,102,29.31
0948,9,48,333,217,65.17,116,34.83
0949,9,49,355,243,68.45,112,31.55
0950,9,50,444,302,68.02,142,31.98
0951,9,51,330,225,68.18,105,31.82
1001,10,1,277,198,71.48,79,28.52
1002,10,2,330,212,64.24,118,35.76
1003,10,3,372,221,59.41,151,40.59
1004,10,4,270,167,61.85,103,38.15
1005,10,5,290,204,70.34,86,29.66
1006,10,6,285,199,69.82,86,30.18
1007,10,7,268,184,68.66,84,31.34
1008,10,8,182,106,58.24,76,41.76
1009,10,9,339,224,66.08,115,33.92
1010,10,10,400,250,62.5,150,37.5
1011,10,11,466,312,66.95,154,33.05
1012,10,12,256,164,64.06,92,35.94
1013,10,13,318,222,69.81,96,30.19
1014,10,14,456,320,70.18,136,29.82
1015,10,15,609,417,68.47,192,31.53
1016,10,16,307,202,65.8,105,34.2
1017,10,17,471,296,62.85,175,37.15
1018,10,18,203,138,67.98,65,32.02
1019,10,19,368,250,67.93,118,32.07
1020,10,20,360,257,71.39,103,28.61
1021,10,21,364,249,68.41,115,31.59
1022,10,22,217,153,70.51,64,29.49
1023,10,23,307,221,71.99,86,28.01
1024,10,24,328,226,68.9,102,31.1
1025,10,25,105,72,68.57,33,31.43
1026,10,26,262,189,72.14,73,27.86
1027,10,27,299,203,67.89,96,32.11
1028,10,28,397,289,72.8,108,27.2
1029,10,29,378,258,68.25,120,31.75
1030,10,30,324,212,65.43,112,34.57
1031,10,31,319,216,67.71,103,32.29
1032,10,32,374,257,68.72,117,31.28
1033,10,33,287,185,64.46,102,35.54
1034,10,34,237,147,62.03,90,37.97
1035,10,35,381,258,67.72,123,32.28
1036,10,36,86,65,75.58,21,24.42
1101,11,1,370,243,65.68,127,34.32
1102,11,2,34,19,55.88,15,44.12
1103,11,3,426,250,58.69,176,41.31
1104,11,4,292,198,67.81,94,32.19
1105,11,5,559,337,60.29,222,39.71
1106,11,6,662,453,68.43,209,31.57
1107,11,7,400,269,67.25,131,32.75
1108,11,8,396,261,65.91,135,34.09
1109,11,9,370,240,64.86,130,35.14
1110,11,10,392,277,70.66,115,29.34
1111,11,11,462,295,63.85,167,36.15
1112,11,12,522,379,72.61,143,27.39
1113,11,13,480,334,69.58,146,30.42
1114,11,14,205,139,67.8,66,32.2
1115,11,15,148,104,70.27,44,29.73
1116,11,16,286,208,72.73,78,27.27
1117,11,17,504,332,65.87,172,34.13
1118,11,18,320,220,68.75,100,31.25
1119,11,19,563,349,61.99,214,38.01
1120,11,20,280,203,72.5,77,27.5
1121,11,21,483,338,69.98,145,30.02
1122,11,22,531,329,61.96,202,38.04
1123,11,23,209,146,69.86,63,30.14
1124,11,24,467,337,72.16,130,27.84
1125,11,25,508,339,66.73,169,33.27
1126,11,26,431,294,68.21,137,31.79
1127,11,27,165,101,61.21,64,38.79
1128,11,28,200,146,73.0,54,27.0
1129,11,29,492,337,68.5,155,31.5
1130,11,30,214,144,67.29,70,32.71
1131,11,31,359,239,66.57,120,33.43
1132,11,32,166,104,62.65,62,37.35
1133,11,33,532,393,73.87,139,26.13
1134,11,34,118,76,64.41,42,35.59
1135,11,35,65,46,70.77,19,29.23
1136,11,36,179,122,68.16,57,31.84
1137,11,37,113,69,61.06,44,38.94
1138,11,38,219,129,58.9,90,41.1
1201,12,1,356,209,58.71,147,41.29
1202,12,2,306,209,68.3,97,31.7
1203,12,3,451,277,61.42,174,38.58
1204,12,4,440,279,63.41,161,36.59
1205,12,5,319,210,65.83,109,34.17
1206,12,6,421,287,68.17,134,31.83
1207,12,7,356,222,62.36,134,37.64
1208,12,8,372,246,66.13,126,33.87
1209,12,9,307,211,68.73,96,31.27
1210,12,10,507,293,57.79,214,42.21
1211,12,11,400,251,62.75,149,37.25
1212,12,12,370,255,68.92,115,31.08
1213,12,13,409,285,69.68,124,30.32
1214,12,14,330,200,60.61,130,39.39
1215,12,15,334,215,64.37,119,35.63
1216,12,16,327,211,64.53,116,35.47
1217,12,17,446,300,67.26,146,32.74
1218,12,18,360,217,60.28,143,39.72
1219,12,19,363,240,66.12,123,33.88
1220,12,20,476,321,67.44,155,32.56
1221,12,21,403,272,67.49,131,32.51
1222,12,22,377,210,55.7,167,44.3
1223,12,23,379,247,65.17,132,34.83
1301,13,1,310,209,67.42,101,32.58
1302,13,2,255,166,65.1,89,34.9
1303,13,3,281,190,67.62,91,32.38
1304,13,4,370,234,63.24,136,36.76
1305,13,5,418,288,68.9,130,31.1
1306,13,6,279,191,68.46,88,31.54
1307,13,7,298,204,68.46,94,31.54
1308,13,8,263,171,65.02,92,34.98
1309,13,9,388,273,70.36,115,29.64
1310,13,10,284,164,57.75,120,42.25
1311,13,11,348,225,64.66,123,35.34
1312,13,12,314,202,64.33,112,35.67
1313,13,13,339,232,68.44,107,31.56
1314,13,14,333,245,73.57,88,26.43
1315,13,15,481,333,69.23,148,30.77
1316,13,16,258,180,69.77,78,30.23
1317,13,17,307,205,66.78,102,33.22
1318,13,18,281,183,65.12,98,34.88
1319,13,19,442,308,69.68,134,30.32
1320,13,20,231,144,62.34,87,37.66
1321,13,21,358,229,63.97,129,36.03
1322,13,22,347,230,66.28,117,33.72
1323,13,23,289,186,64.36,103,35.64
1324,13,24,349,225,64.47,124,35.53
1325,13,25,348,236,67.82,112,32.18
1326,13,26,346,251,72.54,95,27.46
1327,13,27,315,223,70.79,92,29.21
1328,13,28,265,178,67.17,87,32.83
1329,13,29,299,200,66.89,99,33.11
1330,13,30,279,201,72.04,78,27.96
1331,13,31,366,226,61.75,140,38.25
1332,13,32,296,184,62.16,112,37.84
1333,13,33,333,222,66.67,111,33.33
1334,13,34,344,254,73.84,90,26.16
1335,13,35,299,217,72.58,82,27.42
1336,13,36,254,169,66.54,85,33.46
1337,13,37,326,237,72.7,89,27.3
1338,13,38,276,178,64.49,98,35.51
1339,13,39,332,237,71.39,95,28.61
1340,13,40,316,234,74.05,82,25.95
1341,13,41,428,295,68.93,133,31.07
1342,13,42,323,204,63.16,119,36.84
1343,13,43,328,217,66.16,111,33.84
1344,13,44,354,240,67.8,114,32.2
1345,13,45,363,238,65.56,125,34.44
1346,13,46,403,281,69.73,122,30.27
1347,13,47,372,271,72.85,101,27.15
1348,13,48,269,178,66.17,91,33.83
1401,14,1,367,228,62.13,139,37.87
1402,14,2,525,380,72.38,145,27.62
1403,14,3,364,248,68.13,116,31.87
1404,14,4,355,222,62.54,133,37.46
1405,14,5,539,356,66.05,183,33.95
1406,14,6,209,143,68.42,66,31.58
1407,14,7,501,341,68.06,160,31.94
1408,14,8,460,299,65.0,161,35.0
1409,14,9,454,253,55.73,201,44.27
1410,14,10,282,185,65.6,97,34.4
1411,14,11,229,160,69.87,69,30.13
1412,14,12,399,263,65.91,136,34.09
1413,14,13,356,236,66.29,120,33.71
1414,14,14,367,262,71.39,105,28.61
1415,14,15,382,261,68.32,121,31.68
1416,14,16,269,185,68.77,84,31.23
1417,14,17,330,206,62.42,124,37.58
1418,14,18,182,118,64.84,64,35.16
1419,14,19,360,259,71.94,101,28.06
1420,14,20,306,224,73.2,82,26.8
1421,14,21,374,255,68.18,119,31.82
1422,14,22,492,335,68.09,157,31.91
1423,14,23,272,176,64.71,96,35.29
1424,14,24,404,283,70.05,121,29.95
1425,14,25,189,121,64.02,68,35.98
1426,14,26,288,184,63.89,104,36.11
1427,14,27,353,246,69.69,107,30.31
1428,14,28,336,219,65.18,117,34.82
1429,14,29,281,195,69.4,86,30.6
1430,14,30,268,195,72.76,73,27.24
1431,14,31,215,148,68.84,67,31.16
1501,15,1,320,196,61.25,124,38.75
1502,15,2,201,126,62.69,75,37.31
1503,15,3,207,146,70.53,61,29.47
1504,15,4,363,260,71.63,103,28.37
1505,15,5,344,221,64.24,123,35.76
1506,15,6,378,258,68.25,120,31.75
1507,15,7,184,110,59.78,74,40.22
1508,15,8,358,218,60.89,140,39.11
1509,15,9,475,323,68.0,152,32.0
1510,15,10,498,333,66.87,165,33.13
1511,15,11,435,284,65.29,151,34.71
1512,15,12,462,332,71.86,130,28.14
1513,15,13,370,235,63.51,135,36.49
1514,15,14,331,211,63.75,120,36.25
1515,15,15,317,208,65.62,109,34.38
1516,15,16,417,295,70.74,122,29.26
1517,15,17,195,127,65.13,68,34.87
1518,15,18,134,83,61.94,51,38.06
1519,15,19,290,209,72.07,81,27.93
1520,15,20,207,132,63.77,75,36.23
1521,15,21,162,106,65.43,56,34.57
1522,15,22,189,115,60.85,74,39.15
1523,15,23,212,148,69.81,64,30.19
1524,15,24,185,106,57.3,79,42.7
1601,16,1,442,303,68.55,139,31.45
1602,16,2,254,161,63.39,93,36.61
1603,16,3,224,154,68.75,70,31.25
1604,16,4,297,172,57.91,125,42.09
1605,16,5,202,127,62.87,75,37.13
1606,16,6,230,142,61.74,88,38.26
1607,16,7,267,184,68.91,83,31.09
1608,16,8,193,131,67.88,62,32.12
1609,16,9,261,158,60.54,103,39.46
1610,16,10,221,141,63.8,80,36.2
1611,16,11,294,169,57.48,125,42.52
1612,16,12,258,168,65.12,90,34.88
1613,16,13,337,203,60.24,134,39.76
1614,16,14,201,135,67.16,66,32.84
1615,16,15,260,162,62.31,98,37.69
1616,16,16,203,131,64.53,72,35.47
1617,16,17,385,273,70.91,112,29.09
1618,16,18,320,228,71.25,92,28.75
1619,16,19,259,155,59.85,104,40.15
1620,16,20,166,106,63.86,60,36.14
1621,16,21,224,152,67.86,72,32.14
1622,16,22,226,147,65.04,79,34.96
1623,16,23,373,244,65.42,129,34.58
1624,16,24,127,82,64.57,45,35.43
1625,16,25,294,175,59.52,119,40.48
1626,16,26,174,111,63.79,63,36.21
1627,16,27,183,107,58.47,76,41.53
1628,16,28,191,118,61.78,73,38.22
1629,16,29,198,141,71.21,57,28.79
1630,16,30,186,129,69.35,57,30.65
1631,16,31,236,149,63.14,87,36.86
1632,16,32,378,249,65.87,129,34.13
1633,16,33,186,123,66.13,63,33.87
1634,16,34,222,150,67.57,72,32.43
1635,16,35,418,282,67.46,136,32.54
1636,16,36,174,109,62.64,65,37.36
1701,17,1,362,232,64.09,130,35.91
1702,17,2,294,186,63.27,108,36.73
1703,17,3,300,194,64.67,106,35.33
1704,17,4,325,203,62.46,122,37.54
1705,17,5,244,157,64.34,87,35.66
1706,17,6,334,226,67.66,108,32.34
1707,17,7,346,224,64.74,122,35.26
1708,17,8,216,138,63.89,78,36.11
1709,17,9,245,165,67.35,80,32.65
1710,17,10,386,268,69.43,118,30.57
1711,17,11,231,154,66.67,77,33.33
1712,17,12,478,309,64.64,169,35.36
1713,17,13,229,163,71.18,66,28.82
1714,17,14,369,257,69.65,112,30.35
1715,17,15,323,216,66.87,107,33.13
1716,17,16,387,246,63.57,141,36.43
1717,17,17,330,208,63.03,122,36.97
1718,17,18,366,256,69.95,110,30.05
1719,17,19,187,124,66.31,63,33.69
1720,17,20,394,294,74.62,100,25.38
1721,17,21,362,239,66.02,123,33.98
1722,17,22,299,208,69.57,91,30.43
1723,17,23,210,141,67.14,69,32.86
1724,17,24,249,178,71.49,71,28.51
1725,17,25,252,157,62.3,95,37.7
1726,17,26,313,223,71.25,90,28.75
1727,17,27,185,133,71.89,52,28.11
1728,17,28,229,167,72.93,62,27.07
1729,17,29,285,189,66.32,96,33.68
1730,17,30,327,217,66.36,110,33.64
1731,17,31,200,143,71.5,57,28.5
1732,17,32,240,176,73.33,64,26.67
1733,17,33,187,116,62.03,71,37.97
1734,17,34,233,161,69.1,72,30.9
1735,17,35,213,157,73.71,56,26.29
1736,17,36,233,156,66.95,77,33.05
1737,17,37,251,167,66.53,84,33.47
1738,17,38,340,228,67.06,112,32.94
1739,17,39,289,195,67.47,94,32.53
1740,17,40,351,249,70.94,102,29.06
1741,17,41,417,275,65.95,142,34.05
1801,18,1,360,230,63.89,130,36.11
1802,18,2,430,270,62.79,160,37.21
1803,18,3,318,203,63.84,115,36.16
1804,18,4,377,247,65.52,130,34.48
1805,18,5,226,139,61.5,87,38.5
1806,18,6,337,225,66.77,112,33.23
1807,18,7,363,253,69.7,110,30.3
1808,18,8,377,244,64.72,133,35.28
1809,18,9,342,228,66.67,114,33.33
1810,18,10,456,314,68.86,142,31.14
1811,18,11,349,229,65.62,120,34.38
1812,18,12,355,240,67.61,115,32.39
1813,18,13,395,262,66.33,133,33.67
1814,18,14,375,264,70.4,111,29.6
1815,18,15,396,259,65.4,137,34.6
1816,18,16,349,229,65.62,120,34.38
1817,18,17,391,266,68.03,125,31.97
1818,18,18,270,178,65.93,92,34.07
1819,18,19,307,207,67.43,100,32.57
1820,18,20,245,166,67.76,79,32.24
1821,18,21,456,307,67.32,149,32.68
1822,18,22,377,271,71.88,106,28.12
1823,18,23,361,212,58.73,149,41.27
1824,18,24,350,238,68.0,112,32.0
1825,18,25,386,267,69.17,119,30.83
1826,18,26,452,327,72.35,125,27.65
1827,18,27,322,217,67.39,105,32.61
1828,18,28,326,227,69.63,99,30.37
1829,18,29,434,285,65.67,149,34.33
1830,18,30,452,281,62.17,171,37.83
1831,18,31,397,263,66.25,134,33.75
1832,18,32,361,244,67.59,117,32.41
1833,18,33,269,190,70.63,79,29.37
1834,18,34,386,273,70.73,113,29.27
1835,18,35,420,298,70.95,122,29.05
1836,18,36,398,270,67.84,128,32.16
1837,18,37,416,293,70.43,123,29.57
1838,18,38,327,220,67.28,107,32.72
1839,18,39,305,204,66.89,101,33.11
1840,18,40,395,264,66.84,131,33.16
1841,18,41,437,283,64.76,154,35.24
1842,18,42,326,203,62.27,123,37.73
1843,18,43,331,217,65.56,114,34.44
1844,18,44,337,236,70.03,101,29.97
1845,18,45,384,259,67.45,125,32.55
1846,18,46,438,276,63.01,162,36.99
1847,18,47,289,194,67.13,95,32.87
1848,18,48,281,199,70.82,82,29.18
1849,18,49,236,155,65.68,81,34.32
1850,18,50,250,161,64.4,89,35.6
1901,19,1,339,229,67.55,110,32.45
1902,19,2,501,345,68.86,156,31.14
1903,19,3,302,170,56.29,132,43.71
1904,19,4,443,264,59.59,179,40.41
1905,19,5,435,337,77.47,98,22.53
1906,19,6,417,247,59.23,170,40.77
1907,19,7,330,223,67.58,107,32.42
1908,19,8,411,233,56.69,178,43.31
1909,19,9,268,182,67.91,86,32.09
1910,19,10,507,351,69.23,156,30.77
1911,19,11,357,196,54.9,161,45.1
1912,19,12,305,183,60.0,122,40.0
1913,19,13,476,293,61.55,183,38.45
1914,19,14,406,291,71.67,115,28.33
1915,19,15,527,316,59.96,211,40.04
1916,19,16,376,224,59.57,152,40.43
1917,19,17,350,246,70.29,104,29.71
1918,19,18,406,328,80.79,78,19.21
1919,19,19,482,366,75.93,116,24.07
1920,19,20,326,246,75.46,80,24.54
1921,19,21,405,236,58.27,169,41.73
1922,19,22,417,304,72.9,113,27.1
1923,19,23,397,305,76.83,92,23.17
1924,19,24,294,178,60.54,116,39.46
1925,19,25,382,281,73.56,101,26.44
1926,19,26,368,281,76.36,87,23.64
1927,19,27,406,249,61.33,157,38.67
1928,19,28,456,316,69.3,140,30.7
1929,19,29,399,237,59.4,162,40.6
1930,19,30,385,224,58.18,161,41.82
1931,19,31,350,275,78.57,75,21.43
1932,19,32,353,224,63.46,129,36.54
1933,19,33,424,264,62.26,160,37.74
1934,19,34,346,264,76.3,82,23.7
1935,19,35,353,276,78.19,77,21.81
1936,19,36,538,357,66.36,181,33.64
1937,19,37,396,284,71.72,112,28.28
1938,19,38,359,237,66.02,122,33.98
1939,19,39,199,128,64.32,71,35.68
1940,19,40,421,305,72.45,116,27.55
1941,19,41,366,217,59.29,149,40.71
1942,19,42,316,227,71.84,89,28.16
1943,19,43,540,354,65.56,186,34.44
1944,19,44,436,257,58.94,179,41.06
1945,19,45,417,267,64.03,150,35.97
1946,19,46,360,260,72.22,100,27.78
1947,19,47,578,376,65.05,202,34.95
1948,19,48,457,297,64.99,160,35.01
1949,19,49,487,342,70.23,145,29.77
1950,19,50,352,235,66.76,117,33.24
1951,19,51,427,301,70.49,126,29.51
1952,19,52,487,274,56.26,213,43.74
1953,19,53,362,258,71.27,104,28.73
1954,19,54,297,161,54.21,136,45.79
1955,19,55,326,203,62.27,123,37.73
1956,19,56,430,319,74.19,111,25.81
1957,19,57,342,254,74.27,88,25.73
2001,20,1,388,259,66.75,129,33.25
2002,20,2,124,78,62.9,46,37.1
2003,20,3,339,218,64.31,121,35.69
2004,20,4,162,106,65.43,56,34.57
2005,20,5,399,235,58.9,164,41.1
2006,20,6,154,89,57.79,65,42.21
2007,20,7,426,264,61.97,162,38.03
2008,20,8,315,218,69.21,97,30.79
2009,20,9,495,318,64.24,177,35.76
2010,20,10,236,156,66.1,80,33.9
2011,20,11,461,262,56.83,199,43.17
2012,20,12,349,219,62.75,130,37.25
2013,20,13,305,200,65.57,105,34.43
2014,20,14,185,120,64.86,65,35.14
2015,20,15,360,239,66.39,121,33.61
2016,20,16,431,289,67.05,142,32.95
2017,20,17,238,155,65.13,83,34.87
2018,20,18,234,139,59.4,95,40.6
2019,20,19,378,228,60.32,150,39.68
2020,20,20,279,177,63.44,102,36.56
2021,20,21,284,176,61.97,108,38.03
2022,20,22,484,304,62.81,180,37.19
2023,20,23,208,132,63.46,76,36.54
2024,20,24,439,276,62.87,163,37.13
2025,20,25,231,135,58.44,96,41.56
2026,20,26,327,220,67.28,107,32.72
2027,20,27,170,118,69.41,52,30.59
2028,20,28,223,152,68.16,71,31.84
2029,20,29,239,141,59.0,98,41.0
2030,20,30,161,117,72.67,44,27.33
2031,20,31,399,255,63.91,144,36.09
2032,20,32,271,168,61.99,103,38.01
2033,20,33,228,155,67.98,73,32.02
2034,20,34,429,298,69.46,131,30.54
2035,20,35,262,159,60.69,103,39.31
2036,20,36,114,74,64.91,40,35.09
2037,20,37,114,66,57.89,48,42.11
2038,20,38,100,66,66.0,34,34.0
2039,20,39,27,17,62.96,10,37.04
2101,21,1,388,259,66.75,129,33.25
2102,21,2,236,133,56.36,103,43.64
2103,21,3,354,235,66.38,119,33.62
2104,21,4,297,220,74.07,77,25.93
2105,21,5,360,227,63.06,133,36.94
2106,21,6,290,192,66.21,98,33.79
2107,21,7,336,250,74.4,86,25.6
2108,21,8,356,231,64.89,125,35.11
2109,21,9,359,253,70.47,106,29.53
2110,21,10,286,188,65.73,98,34.27
2111,21,11,301,205,68.11,96,31.89
2112,21,12,301,202,67.11,99,32.89
2113,21,13,369,240,65.04,129,34.96
2114,21,14,387,270,69.77,117,30.23
2115,21,15,320,212,66.25,108,33.75
2116,21,16,300,183,61.0,117,39.0
2117,21,17,289,189,65.4,100,34.6
2118,21,18,306,202,66.01,104,33.99
2119,21,19,403,272,67.49,131,32.51
2120,21,20,304,222,73.03,82,26.97
2121,21,21,305,187,61.31,118,38.69
2122,21,22,307,199,64.82,108,35.18
2123,21,23,323,237,73.37,86,26.63
2124,21,24,367,250,68.12,117,31.88
2125,21,25,294,170,57.82,124,42.18
2126,21,26,352,221,62.78,131,37.22
2127,21,27,409,268,65.53,141,34.47
2128,21,28,417,270,64.75,147,35.25
2129,21,29,378,253,66.93,125,33.07
2130,21,30,288,177,61.46,111,38.54
2131,21,31,194,141,72.68,53,27.32
2132,21,32,254,173,68.11,81,31.89
2133,21,33,286,193,67.48,93,32.52
2134,21,34,324,207,63.89,117,36.11
2135,21,35,407,275,67.57,132,32.43
2136,21,36,336,216,64.29,120,35.71
2137,21,37,246,169,68.7,77,31.3
2138,21,38,352,224,63.64,128,36.36
2139,21,39,344,213,61.92,131,38.08
2140,21,40,314,213,67.83,101,32.17
2141,21,41,365,243,66.58,122,33.42
2142,21,42,372,231,62.1,141,37.9
2143,21,43,343,218,63.56,125,36.44
2144,21,44,364,225,61.81,139,38.19
2145,21,45,325,206,63.38,119,36.62
2146,21,46,355,246,69.3,109,30.7
2147,21,47,327,211,64.53,116,35.47
2148,21,48,350,242,69.14,108,30.86
2149,21,49,382,269,70.42,113,29.58
2150,21,50,266,178,66.92,88,33.08
2151,21,51,362,251,69.34,111,30.66
2152,21,52,343,219,63.85,124,36.15
2153,21,53,297,195,65.66,102,34.34
2154,21,54,269,185,68.77,84,31.23
2201,22,1,189,126,66.67,63,33.33
2202,22,2,442,292,66.06,150,33.94
2203,22,3,542,361,66.61,181,33.39
2204,22,4,300,205,68.33,95,31.67
2205,22,5,331,219,66.16,112,33.84
2206,22,6,326,219,67.18,107,32.82
2207,22,7,293,204,69.62,89,30.38
2208,22,8,493,356,72.21,137,27.79
2209,22,9,288,203,70.49,85,29.51
2210,22,10,451,297,65.85,154,34.15
2211,22,11,250,161,64.4,89,35.6
2212,22,12,274,179,65.33,95,34.67
2213,22,13,367,237,64.58,130,35.42
2214,22,14,291,180,61.86,111,38.14
2215,22,15,307,192,62.54,115,37.46
2216,22,16,296,207,69.93,89,30.07
2217,22,17,465,291,62.58,174,37.42
2218,22,18,327,207,63.3,120,36.7
2219,22,19,169,107,63.31,62,36.69
2220,22,20,384,245,63.8,139,36.2
2221,22,21,323,219,67.8,104,32.2
2222,22,22,345,221,64.06,124,35.94
2223,22,23,351,238,67.81,113,32.19
2224,22,24,421,296,70.31,125,29.69
2225,22,25,341,234,68.62,107,31.38
2301,23,1,329,210,63.83,119,36.17
2302,23,2,363,229,63.09,134,36.91
2303,23,3,311,193,62.06,118,37.94
2304,23,4,321,215,66.98,106,33.02
2305,23,5,369,258,69.92,111,30.08
2306,23,6,349,245,70.2,104,29.8
2307,23,7,359,256,71.31,103,28.69
2308,23,8,435,283,65.06,152,34.94
2309,23,9,343,229,66.76,114,33.24
2310,23,10,412,290,70.39,122,29.61
2311,23,11,410,294,71.71,116,28.29
2312,23,12,362,233,64.36,129,35.64
2313,23,13,345,237,68.7,108,31.3
2314,23,14,298,189,63.42,109,36.58
2315,23,15,325,220,67.69,105,32.31
2316,23,16,335,216,64.48,119,35.52
2317,23,17,291,185,63.57,106,36.43
2318,23,18,326,217,66.56,109,33.44
2319,23,19,310,196,63.23,114,36.77
2320,23,20,257,167,64.98,90,35.02
2321,23,21,302,181,59.93,121,40.07
2322,23,22,330,236,71.52,94,28.48
2323,23,23,329,205,62.31,124,37.69
2324,23,24,323,207,64.09,116,35.91
2325,23,25,321,207,64.49,114,35.51
2326,23,26,357,244,68.35,113,31.65
2327,23,27,297,186,62.63,111,37.37
2328,23,28,388,242,62.37,146,37.63
2329,23,29,297,194,65.32,103,34.68
2330,23,30,439,291,66.29,148,33.71
2331,23,31,296,177,59.8,119,40.2
2332,23,32,352,231,65.63,121,34.38
2333,23,33,404,278,68.81,126,31.19
2334,23,34,393,252,64.12,141,35.88
2335,23,35,250,156,62.4,94,37.6
2336,23,36,336,227,67.56,109,32.44
2337,23,37,371,225,60.65,146,39.35
2338,23,38,322,216,67.08,106,32.92
2339,23,39,390,264,67.69,126,32.31
2401,24,1,239,154,64.44,85,35.56
2402,24,2,279,180,64.52,99,35.48
2403,24,3,345,217,62.9,128,37.1
2404,24,4,238,162,68.07,76,31.93
2405,24,5,161,107,66.46,54,33.54
2406,24,6,317,208,65.62,109,34.38
2407,24,7,229,152,66.38,77,33.62
2408,24,8,132,80,60.61,52,39.39
2409,24,9,273,171,62.64,102,37.36
2410,24,10,140,78,55.71,62,44.29
2411,24,11,287,184,64.11,103,35.89
2412,24,12,183,105,57.38,78,42.62
2413,24,13,182,97,53.3,85,46.7
2414,24,14,234,155,66.24,79,33.76
2415,24,15,154,103,66.88,51,33.12
2416,24,16,872,473,54.24,399,45.76
2417,24,17,210,129,61.43,81,38.57
2418,24,18,240,158,65.83,82,34.17
2419,24,19,314,203,64.65,111,35.35
2420,24,20,250,158,63.2,92,36.8
2421,24,21,155,88,56.77,67,43.23
2422,24,22,339,198,58.41,141,41.59
2423,24,23,258,160,62.02,98,37.98
2424,24,24,336,202,60.12,134,39.88
2425,24,25,204,137,67.16,67,32.84
2426,24,26,409,292,71.39,117,28.61
2427,24,27,304,197,64.8,107,35.2
2428,24,28,173,120,69.36,53,30.64
2429,24,29,204,135,66.18,69,33.82
2430,24,30,179,121,67.6,58,32.4
2431,24,31,293,166,56.66,127,43.34
2432,24,32,147,101,68.71,46,31.29
2433,24,33,177,118,66.67,59,33.33
2434,24,34,266,177,66.54,89,33.46
2435,24,35,261,165,63.22,96,36.78
2436,24,36,330,216,65.45,114,34.55
2437,24,37,136,92,67.65,44,32.35
2438,24,38,247,139,56.28,108,43.72
2439,24,39,271,173,63.84,98,36.16
2440,24,40,324,188,58.02,136,41.98
2441,24,41,127,81,63.78,46,36.22
2501,25,1,358,235,65.64,123,34.36
2502,25,2,538,322,59.85,216,40.15
2503,25,3,723,546,75.52,177,24.48
2504,25,4,347,227,65.42,120,34.58
2505,25,5,440,252,57.27,188,42.73
2506,25,6,136,93,68.38,43,31.62
2507,25,7,437,258,59.04,179,40.96
2508,25,8,517,289,55.9,228,44.1
2509,25,9,440,266,60.45,174,39.55
2510,25,10,581,471,81.07,110,18.93
2511,25,11,495,294,59.39,201,40.61
2512,25,12,439,285,64.92,154,35.08
2513,25,13,509,340,66.8,169,33.2
2514,25,14,285,217,76.14,68,23.86
2515,25,15,383,218,56.92,165,43.08
2516,25,16,694,544,78.39,150,21.61
2517,25,17,447,283,63.31,164,36.69
2518,25,18,223,164,73.54,59,26.46
2519,25,19,456,258,56.58,198,43.42
2520,25,20,245,132,53.88,113,46.12
2521,25,21,846,632,74.7,214,25.3
2522,25,22,460,266,57.83,194,42.17
2523,25,23,510,326,63.92,184,36.08
2524,25,24,462,283,61.26,179,38.74
2525,25,25,379,273,72.03,106,27.97
2526,25,26,463,285,61.56,178,38.44
2527,25,27,560,413,73.75,147,26.25
2528,25,28,478,302,63.18,176,36.82
2529,25,29,328,223,67.99,105,32.01
2530,25,30,440,251,57.05,189,42.95
2531,25,31,815,633,77.67,182,22.33
2532,25,32,361,215,59.56,146,40.44
2601,26,1,369,243,65.85,126,34.15
2602,26,2,272,159,58.46,113,41.54
2603,26,3,419,283,67.54,136,32.46
2604,26,4,243,156,64.2,87,35.8
2605,26,5,311,170,54.66,141,45.34
2606,26,6,297,195,65.66,102,34.34
2607,26,7,334,213,63.77,121,36.23
2608,26,8,215,126,58.6,89,41.4
2609,26,9,286,186,65.03,100,34.97
2610,26,10,343,210,61.22,133,38.78
2611,26,11,320,191,59.69,129,40.31
2612,26,12,340,209,61.47,131,38.53
2613,26,13,188,129,68.62,59,31.38
2614,26,14,274,170,62.04,104,37.96
2615,26,15,214,132,61.68,82,38.32
2616,26,16,183,117,63.93,66,36.07
2617,26,17,310,221,71.29,89,28.71
2618,26,18,258,173,67.05,85,32.95
2619,26,19,202,127,62.87,75,37.13
2620,26,20,296,185,62.5,111,37.5
2621,26,21,422,256,60.66,166,39.34
2622,26,22,188,123,65.43,65,34.57
2623,26,23,245,160,65.31,85,34.69
2624,26,24,269,162,60.22,107,39.78
2625,26,25,242,152,62.81,90,37.19
2626,26,26,248,136,54.84,112,45.16
2627,26,27,369,218,59.08,151,40.92
2628,26,28,441,305,69.16,136,30.84
2629,26,29,176,107,60.8,69,39.2
2630,26,30,274,158,57.66,116,42.34
2631,26,31,153,80,52.29,73,47.71
2632,26,32,400,277,69.25,123,30.75
2633,26,33,371,235,63.34,136,36.66
2634,26,34,349,214,61.32,135,38.68
2635,26,35,273,168,61.54,105,38.46
2636,26,36,332,201,60.54,131,39.46
2637,26,37,351,238,67.81,113,32.19
2638,26,38,169,109,64.5,60,35.5
2639,26,39,389,238,61.18,151,38.82
2640,26,40,197,101,51.27,96,48.73
2641,26,41,387,250,64.6,137,35.4
2642,26,42,270,164,60.74,106,39.26
2643,26,43,222,155,69.82,67,30.18
2644,26,44,181,126,69.61,55,30.39
2645,26,45,175,99,56.57,76,43.43
2646,26,46,247,150,60.73,97,39.27
2647,26,47,244,166,68.03,78,31.97
2648,26,48,347,226,65.13,121,34.87
2649,26,49,211,146,69.19,65,30.81
2701,27,1,876,653,74.54,223,25.46
2702,27,2,408,300,73.53,108,26.47
2703,27,3,182,125,68.68,57,31.32
2704,27,4,202,112,55.45,90,44.55
2705,27,5,292,182,62.33,110,37.67
2706,27,6,447,323,72.26,124,27.74
2707,27,7,564,395,70.04,169,29.96
2708,27,8,317,209,65.93,108,34.07
2709,27,9,181,136,75.14,45,24.86
2710,27,10,263,196,74.52,67,25.48
2711,27,11,450,348,77.33,102,22.67
2712,27,12,300,236,78.67,64,21.33
2713,27,13,532,387,72.74,145,27.26
2714,27,14,187,113,60.43,74,39.57
2715,27,15,182,105,57.69,77,42.31
2716,27,16,451,334,74.06,117,25.94
2717,27,17,398,259,65.08,139,34.92
2718,27,18,238,150,63.03,88,36.97
2719,27,19,177,120,67.8,57,32.2
2720,27,20,265,167,63.02,98,36.98
2721,27,21,358,261,72.91,97,27.09
2722,27,22,155,101,65.16,54,34.84
2723,27,23,213,141,66.2,72,33.8
2724,27,24,253,179,70.75,74,29.25
2725,27,25,341,216,63.34,125,36.66
2726,27,26,244,160,65.57,84,34.43
2727,27,27,489,325,66.46,164,33.54
2728,27,28,507,378,74.56,129,25.44
2729,27,29,254,158,62.2,96,37.8
2730,27,30,170,113,66.47,57,33.53
2731,27,31,269,159,59.11,110,40.89
2732,27,32,353,234,66.29,119,33.71
2733,27,33,544,409,75.18,135,24.82
2734,27,34,195,119,61.03,76,38.97
2735,27,35,515,375,72.82,140,27.18
2736,27,36,261,165,63.22,96,36.78
2737,27,37,335,251,74.93,84,25.07
2738,27,38,505,376,74.46,129,25.54
2739,27,39,257,155,60.31,102,39.69
2740,27,40,533,369,69.23,164,30.77
2741,27,41,250,172,68.8,78,31.2
2742,27,42,249,172,69.08,77,30.92
2743,27,43,315,222,70.48,93,29.52
2744,27,44,264,147,55.68,117,44.32
2745,27,45,1091,833,76.35,258,23.65
2746,27,46,339,266,78.47,73,21.53
2747,27,47,227,178,78.41,49,21.59
2748,27,48,673,477,70.88,196,29.12
2749,27,49,264,185,70.08,79,29.92
2750,27,50,313,200,63.9,113,36.1
2801,28,1,208,137,65.87,71,34.13
2802,28,2,249,161,64.66,88,35.34
2803,28,3,217,136,62.67,81,37.33
2804,28,4,281,209,74.38,72,25.62
2805,28,5,174,113,64.94,61,35.06
2806,28,6,165,126,76.36,39,23.64
2807,28,7,270,185,68.52,85,31.48
2808,28,8,477,362,75.89,115,24.11
2809,28,9,286,205,71.68,81,28.32
2810,28,10,372,243,65.32,129,34.68
2811,28,11,692,439,63.44,253,36.56
2812,28,12,255,185,72.55,70,27.45
2813,28,13,273,198,72.53,75,27.47
2814,28,14,272,175,64.34,97,35.66
2815,28,15,52,39,75.0,13,25.0
2816,28,16,184,120,65.22,64,34.78
2817,28,17,244,165,67.62,79,32.38
2818,28,18,238,152,63.87,86,36.13
2819,28,19,279,186,66.67,93,33.33
2820,28,20,230,154,66.96,76,33.04
2821,28,21,248,163,65.73,85,34.27
2822,28,22,259,168,64.86,91,35.14
2823,28,23,330,222,67.27,108,32.73
2824,28,24,247,154,62.35,93,37.65
2825,28,25,428,288,67.29,140,32.71
2826,28,26,252,160,63.49,92,36.51
2827,28,27,305,226,74.1,79,25.9
2828,28,28,396,292,73.74,104,26.26
2829,28,29,149,94,63.09,55,36.91
2830,28,30,46,34,73.91,12,26.09
2831,28,31,301,215,71.43,86,28.57
2832,28,32,273,178,65.2,95,34.8
2833,28,33,295,183,62.03,112,37.97
2834,28,34,499,317,63.53,182,36.47
2835,28,35,299,200,66.89,99,33.11
2836,28,36,130,95,73.08,35,26.92
2837,28,37,307,204,66.45,103,33.55
2838,28,38,116,85,73.28,31,26.72
2839,28,39,209,132,63.16,77,36.84
2840,28,40,351,236,67.24,115,32.76
2841,28,41,182,114,62.64,68,37.36
2842,28,42,280,179,63.93,101,36.07
2843,28,43,329,229,69.6,100,30.4
2844,28,44,216,133,61.57,83,38.43
2845,28,45,459,331,72.11,128,27.89
2846,28,46,576,376,65.28,200,34.72
2901,29,1,516,359,69.57,157,30.43
2902,29,2,430,294,68.37,136,31.63
2903,29,3,302,190,62.91,112,37.09
2904,29,4,420,294,70.0,126,30.0
2905,29,5,266,167,62.78,99,37.22
2906,29,6,259,172,66.41,87,33.59
2907,29,7,385,253,65.71,132,34.29
2908,29,8,341,207,60.7,134,39.3
2909,29,9,420,293,69.76,127,30.24
2910,29,10,477,334,70.02,143,29.98
2911,29,11,189,130,68.78,59,31.22
2912,29,12,452,314,69.47,138,30.53
2913,29,13,326,205,62.88,121,37.12
2914,29,14,313,224,71.57,89,28.43
2915,29,15,412,285,69.17,127,30.83
2916,29,16,344,224,65.12,120,34.88
2917,29,17,356,270,75.84,86,24.16
2918,29,18,330,219,66.36,111,33.64
2919,29,19,348,233,66.95,115,33.05
2920,29,20,379,247,65.17,132,34.83
2921,29,21,441,268,60.77,173,39.23
2922,29,22,261,167,63.98,94,36.02
2923,29,23,437,300,68.65,137,31.35
2924,29,24,356,246,69.1,110,30.9
2925,29,25,419,288,68.74,131,31.26
2926,29,26,340,243,71.47,97,28.53
2927,29,27,336,220,65.48,116,34.52
2928,29,28,419,284,67.78,135,32.22
2929,29,29,437,293,67.05,144,32.95
2930,29,30,508,348,68.5,160,31.5
2931,29,31,395,250,63.29,145,36.71
2932,29,32,404,273,67.57,131,32.43
2933,29,33,239,175,73.22,64,26.78
2934,29,34,254,167,65.75,87,34.25
2935,29,35,278,170,61.15,108,38.85
2936,29,36,326,230,70.55,96,29.45
2937,29,37,343,218,63.56,125,36.44
2938,29,38,477,330,69.18,147,30.82
2939,29,39,400,281,70.25,119,29.75
2940,29,40,397,268,67.51,129,32.49
2941,29,41,306,204,66.67,102,33.33
2942,29,42,389,273,70.18,116,29.82
2943,29,43,457,328,71.77,129,28.23
2944,29,44,386,249,64.51,137,35.49
3001,30,1,459,312,67.97,147,32.03
3002,30,2,410,286,69.76,124,30.24
3003,30,3,351,233,66.38,118,33.62
3004,30,4,407,263,64.62,144,35.38
3005,30,5,330,210,63.64,120,36.36
3006,30,6,284,190,66.9,94,33.1
3007,30,7,461,297,64.43,164,35.57
3008,30,8,507,315,62.13,192,37.87
3009,30,9,352,236,67.05,116,32.95
3010,30,10,392,279,71.17,113,28.83
3011,30,11,419,283,67.54,136,32.46
3012,30,12,375,255,68.0,120,32.0
3013,30,13,421,286,67.93,135,32.07
3014,30,14,302,199,65.89,103,34.11
3015,30,15,364,262,71.98,102,28.02
3016,30,16,222,146,65.77,76,34.23
3017,30,17,427,305,71.43,122,28.57
3018,30,18,520,336,64.62,184,35.38
3019,30,19,442,294,66.52,148,33.48
3020,30,20,433,280,64.67,153,35.33
3021,30,21,290,204,70.34,86,29.66
3022,30,22,625,398,63.68,227,36.32
3023,30,23,531,342,64.41,189,35.59
3024,30,24,606,356,58.75,250,41.25
3025,30,25,619,372,60.1,247,39.9
3026,30,26,262,172,65.65,90,34.35
3027,30,27,299,204,68.23,95,31.77
3028,30,28,435,293,67.36,142,32.64
3029,30,29,293,198,67.58,95,32.42
3030,30,30,180,114,63.33,66,36.67
3031,30,31,266,177,66.54,89,33.46
3032,30,32,339,228,67.26,111,32.74
3101,31,1,268,158,58.96,110,41.04
3102,31,2,254,180,70.87,74,29.13
3103,31,3,268,176,65.67,92,34.33
3104,31,4,352,221,62.78,131,37.22
3105,31,5,309,212,68.61,97,31.39
3106,31,6,193,133,68.91,60,31.09
3107,31,7,403,279,69.23,124,30.77
3108,31,8,265,175,66.04,90,33.96
3109,31,9,317,210,66.25,107,33.75
3110,31,10,340,246,72.35,94,27.65
3111,31,11,213,144,67.61,69,32.39
3112,31,12,231,157,67.97,74,32.03
3113,31,13,311,208,66.88,103,33.12
3114,31,14,268,184,68.66,84,31.34
3115,31,15,282,184,65.25,98,34.75
3116,31,16,345,198,57.39,147,42.61
3117,31,17,262,202,77.1,60,22.9
3118,31,18,266,179,67.29,87,32.71
3119,31,19,258,160,62.02,98,37.98
3120,31,20,244,152,62.3,92,37.7
3121,31,21,253,182,71.94,71,28.06
3122,31,22,244,161,65.98,83,34.02
3123,31,23,311,213,68.49,98,31.51
3124,31,24,291,190,65.29,101,34.71
3125,31,25,292,188,64.38,104,35.62
3126,31,26,285,200,70.18,85,29.82
3127,31,27,301,202,67.11,99,32.89
3128,31,28,272,187,68.75,85,31.25
3129,31,29,272,179,65.81,93,34.19
3130,31,30,235,169,71.91,66,28.09
3131,31,31,233,150,64.38,83,35.62
3132,31,32,228,148,64.91,80,35.09
3133,31,33,262,187,71.37,75,28.63
3134,31,34,286,174,60.84,112,39.16
3135,31,35,341,223,65.4,118,34.6
3136,31,36,279,180,64.52,99,35.48
3137,31,37,270,179,66.3,91,33.7
3138,31,38,256,169,66.02,87,33.98
3139,31,39,315,205,65.08,110,34.92
3140,31,40,321,186,57.94,135,42.06
3141,31,41,266,183,68.8,83,31.2
3201,32,1,643,459,71.38,184,28.62
3202,32,2,569,419,73.64,150,26.36
3203,32,3,538,361,67.1,177,32.9
3204,32,4,456,343,75.22,113,24.78
3205,32,5,539,388,71.99,151,28.01
3206,32,6,607,468,77.1,139,22.9
3207,32,7,587,422,71.89,165,28.11
3208,32,8,628,498,79.3,130,20.7
3209,32,9,516,370,71.71,146,28.29
3210,32,10,570,414,72.63,156,27.37
3211,32,11,455,285,62.64,170,37.36
3212,32,12,346,222,64.16,124,35.84
3213,32,13,556,416,74.82,140,25.18
3214,32,14,540,355,65.74,185,34.26
3215,32,15,480,330,68.75,150,31.25
3216,32,16,480,337,70.21,143,29.79
3217,32,17,495,308,62.22,187,37.78
3218,32,18,488,379,77.66,109,22.34
3219,32,19,472,358,75.85,114,24.15
3220,32,20,485,321,66.19,164,33.81
3221,32,21,511,395,77.3,116,22.7
3222,32,22,632,431,68.2,201,31.8
3223,32,23,542,427,78.78,115,21.22
3224,32,24,438,334,76.26,104,23.74
3225,32,25,507,391,77.12,116,22.88
3226,32,26,524,350,66.79,174,33.21
3227,32,27,520,400,76.92,120,23.08
3228,32,28,528,344,65.15,184,34.85
3229,32,29,529,396,74.86,133,25.14
3230,32,30,493,389,78.9,104,21.1
3231,32,31,542,391,72.14,151,27.86
3232,32,32,605,458,75.7,147,24.3
3233,32,33,455,351,77.14,104,22.86
3234,32,34,566,396,69.96,170,30.04
3235,32,35,493,369,74.85,124,25.15
3236,32,36,521,395,75.82,126,24.18
3237,32,37,587,412,70.19,175,29.81
3238,32,38,491,356,72.51,135,27.49
3239,32,39,567,438,77.25,129,22.75
3240,32,40,516,391,75.78,125,24.22
3241,32,41,539,401,74.4,138,25.6
3242,32,42,475,362,76.21,113,23.79
3243,32,43,463,305,65.87,158,34.13
3301,33,1,564,363,64.36,201,35.64
3302,33,2,692,459,66.33,233,33.67
3303,33,3,748,501,66.98,247,33.02
3304,33,4,707,461,65.21,246,34.79
3305,33,5,510,346,67.84,164,32.16
3306,33,6,483,325,67.29,158,32.71
3307,33,7,564,383,67.91,181,32.09
3308,33,8,664,504,75.9,160,24.1
3309,33,9,598,417,69.73,181,30.27
3310,33,10,456,329,72.15,127,27.85
3311,33,11,540,375,69.44,165,30.56
3312,33,12,552,393,71.2,159,28.8
3313,33,13,523,329,62.91,194,37.09
3314,33,14,257,165,64.2,92,35.8
3315,33,15,559,393,70.3,166,29.7
3316,33,16,727,518,71.25,209,28.75
3317,33,17,557,372,66.79,185,33.21
3318,33,18,759,525,69.17,234,30.83
3319,33,19,637,416,65.31,221,34.69
3320,33,20,677,461,68.09,216,31.91
3321,33,21,601,397,66.06,204,33.94
3322,33,22,505,346,68.51,159,31.49
3323,33,23,608,426,70.07,182,29.93
3324,33,24,673,514,76.37,159,23.63
3325,33,25,646,475,73.53,171,26.47
3326,33,26,393,234,59.54,159,40.46
3327,33,27,632,409,64.72,223,35.28
3328,33,28,502,322,64.14,180,35.86
3401,34,1,396,255,64.39,141,35.61
3402,34,2,310,229,73.87,81,26.13
3403,34,3,352,233,66.19,119,33.81
3404,34,4,273,196,71.79,77,28.21
3405,34,5,302,206,68.21,96,31.79
3406,34,6,394,268,68.02,126,31.98
3407,34,7,377,273,72.41,104,27.59
3408,34,8,297,192,64.65,105,35.35
3409,34,9,229,143,62.45,86,37.55
3410,34,10,303,216,71.29,87,28.71
3411,34,11,310,204,65.81,106,34.19
3412,34,12,375,261,69.6,114,30.4
3413,34,13,370,246,66.49,124,33.51
3414,34,14,276,198,71.74,78,28.26
3415,34,15,324,218,67.28,106,32.72
3416,34,16,327,226,69.11,101,30.89
3417,34,17,439,310,70.62,129,29.38
3418,34,18,216,149,68.98,67,31.02
3419,34,19,379,259,68.34,120,31.66
3420,34,20,404,279,69.06,125,30.94
3421,34,21,418,288,68.9,130,31.1
3422,34,22,360,243,67.5,117,32.5
3423,34,23,304,195,64.14,109,35.86
3424,34,24,306,213,69.61,93,30.39
3425,34,25,529,372,70.32,157,29.68
3426,34,26,419,297,70.88,122,29.12
3427,34,27,284,195,68.66,89,31.34
3428,34,28,219,148,67.58,71,32.42
3429,34,29,284,180,63.38,104,36.62
3430,34,30,338,249,73.67,89,26.33
3431,34,31,277,197,71.12,80,28.88
3432,34,32,348,232,66.67,116,33.33
3433,34,33,303,195,64.36,108,35.64
3434,34,34,413,293,70.94,120,29.06
3435,34,35,439,298,67.88,141,32.12
3436,34,36,305,219,71.8,86,28.2
3437,34,37,209,128,61.24,81,38.76
3438,34,38,177,112,63.28,65,36.72
3439,34,39,265,166,62.64,99,37.36
3440,34,40,378,246,65.08,132,34.92
3441,34,41,216,127,58.8,89,41.2
3442,34,42,357,258,72.27,99,27.73
3443,34,43,332,249,75.0,83,25.0
3444,34,44,304,219,72.04,85,27.96
3445,34,45,354,256,72.32,98,27.68
3446,34,46,243,174,71.6,69,28.4
3447,34,47,313,243,77.64,70,22.36
3448,34,48,363,257,70.8,106,29.2
3449,34,49,322,238,73.91,84,26.09
3450,34,50,285,202,70.88,83,29.12
3451,34,51,411,288,70.07,123,29.93
3452,34,52,281,200,71.17,81,28.83
3453,34,53,245,172,70.2,73,29.8
3501,35,1,453,275,60.71,178,39.29
3502,35,2,468,307,65.6,161,34.4
3503,35,3,427,261,61.12,166,38.88
3504,35,4,472,314,66.53,158,33.47
3505,35,5,388,245,63.14,143,36.86
3506,35,6,482,328,68.05,154,31.95
3507,35,7,465,294,63.23,171,36.77
3508,35,8,461,303,65.73,158,34.27
3509,35,9,398,262,65.83,136,34.17
3510,35,10,523,326,62.33,197,37.67
3511,35,11,507,326,64.3,181,35.7
3512,35,12,311,194,62.38,117,37.62
3513,35,13,327,210,64.22,117,35.78
3514,35,14,364,237,65.11,127,34.89
3515,35,15,561,373,66.49,188,33.51
3516,35,16,242,151,62.4,91,37.6
3517,35,17,455,283,62.2,172,37.8
3518,35,18,319,202,63.32,117,36.68
3519,35,19,285,190,66.67,95,33.33
3520,35,20,466,316,67.81,150,32.19
3521,35,21,464,290,62.5,174,37.5
3522,35,22,579,377,65.11,202,34.89
3523,35,23,469,318,67.8,151,32.2
3524,35,24,414,270,65.22,144,34.78
3525,35,25,469,302,64.39,167,35.61
3526,35,26,404,268,66.34,136,33.66
3527,35,27,412,294,71.36,118,28.64
3528,35,28,458,298,65.07,160,34.93
3529,35,29,447,311,69.57,136,30.43
3530,35,30,418,267,63.88,151,36.12
3531,35,31,490,335,68.37,155,31.63
3601,36,1,383,266,69.45,117,30.55
3602,36,2,368,243,66.03,125,33.97
3603,36,3,343,222,64.72,121,35.28
3604,36,4,438,301,68.72,137,31.28
3605,36,5,348,225,64.66,123,35.34
3606,36,6,346,230,66.47,116,33.53
3607,36,7,385,252,65.45,133,34.55
3608,36,8,321,212,66.04,109,33.96
3609,36,9,385,245,63.64,140,36.36
3610,36,10,493,346,70.18,147,29.82
3611,36,11,272,172,63.24,100,36.76
3612,36,12,241,157,65.15,84,34.85
3613,36,13,267,178,66.67,89,33.33
3614,36,14,426,285,66.9,141,33.1
3615,36,15,375,276,73.6,99,26.4
3616,36,16,383,262,68.41,121,31.59
3617,36,17,466,323,69.31,143,30.69
3618,36,18,400,259,64.75,141,35.25
3619,36,19,496,334,67.34,162,32.66
3620,36,20,438,304,69.41,134,30.59
3621,36,21,346,206,59.54,140,40.46
3622,36,22,355,221,62.25,134,37.75
3623,36,23,349,214,61.32,135,38.68
3624,36,24,450,303,67.33,147,32.67
3625,36,25,404,266,65.84,138,34.16
3626,36,26,365,244,66.85,121,33.15
3627,36,27,327,224,68.5,103,31.5
3628,36,28,348,237,68.1,111,31.9
3629,36,29,411,280,68.13,131,31.87
3630,36,30,363,232,63.91,131,36.09
3701,37,1,202,147,72.77,55,27.23
3702,37,2,300,190,63.33,110,36.67
3703,37,3,226,134,59.29,92,40.71
3704,37,4,266,154,57.89,112,42.11
3705,37,5,320,220,68.75,100,31.25
3706,37,6,216,151,69.91,65,30.09
3707,37,7,247,182,73.68,65,26.32
3708,37,8,226,152,67.26,74,32.74
3709,37,9,299,198,66.22,101,33.78
3710,37,10,392,278,70.92,114,29.08
3711,37,11,207,138,66.67,69,33.33
3712,37,12,297,200,67.34,97,32.66
3713,37,13,235,160,68.09,75,31.91
3714,37,14,365,238,65.21,127,34.79
3715,37,15,335,237,70.75,98,29.25
3716,37,16,347,226,65.13,121,34.87
3717,37,17,233,156,66.95,77,33.05
3718,37,18,272,185,68.01,87,31.99
3719,37,19,235,160,68.09,75,31.91
3720,37,20,281,188,66.9,93,33.1
3721,37,21,244,163,66.8,81,33.2
3722,37,22,283,177,62.54,106,37.46
3723,37,23,303,187,61.72,116,38.28
3724,37,24,298,201,67.45,97,32.55
3725,37,25,265,147,55.47,118,44.53
3726,37,26,423,259,61.23,164,38.77
3727,37,27,315,210,66.67,105,33.33
3728,37,28,270,171,63.33,99,36.67
3729,37,29,263,183,69.58,80,30.42
3730,37,30,279,183,65.59,96,34.41
3731,37,31,366,249,68.03,117,31.97
3732,37,32,282,195,69.15,87,30.85
3733,37,33,236,162,68.64,74,31.36
3734,37,34,278,175,62.95,103,37.05
3735,37,35,320,206,64.38,114,35.63
3736,37,36,220,144,65.45,76,34.55
3737,37,37,318,217,68.24,101,31.76
3738,37,38,327,225,68.81,102,31.19
3739,37,39,257,172,66.93,85,33.07
3740,37,40,325,229,70.46,96,29.54
3741,37,41,305,209,68.52,96,31.48
3801,38,1,382,270,70.68,112,29.32
3802,38,2,375,233,62.13,142,37.87
3803,38,3,398,256,64.32,142,35.68
3804,38,4,359,236,65.74,123,34.26
3805,38,5,366,250,68.31,116,31.69
3806,38,6,382,247,64.66,135,35.34
3807,38,7,370,249,67.3,121,32.7
3808,38,8,383,244,63.71,139,36.29
3809,38,9,460,316,68.7,144,31.3
3810,38,10,351,226,64.39,125,35.61
3811,38,11,357,268,75.07,89,24.93
3812,38,12,347,222,63.98,125,36.02
3813,38,13,438,295,67.35,143,32.65
3814,38,14,425,283,66.59,142,33.41
3815,38,15,362,249,68.78,113,31.22
3816,38,16,381,252,66.14,129,33.86
3817,38,17,468,299,63.89,169,36.11
3818,38,18,401,273,68.08,128,31.92
3819,38,19,423,309,73.05,114,26.95
3820,38,20,396,261,65.91,135,34.09
3821,38,21,391,271,69.31,120,30.69
3822,38,22,359,245,68.25,114,31.75
3823,38,23,409,274,66.99,135,33.01
3824,38,24,385,256,66.49,129,33.51
3825,38,25,365,246,67.4,119,32.6
3826,38,26,402,296,73.63,106,26.37
3827,38,27,382,239,62.57,143,37.43
3828,38,28,484,299,61.78,185,38.22
3829,38,29,407,263,64.62,144,35.38
3830,38,30,398,265,66.58,133,33.42
3831,38,31,410,281,68.54,129,31.46
3832,38,32,381,258,67.72,123,32.28
3833,38,33,334,228,68.26,106,31.74
3834,38,34,364,229,62.91,135,37.09
3835,38,35,377,253,67.11,124,32.89
3836,38,36,368,260,70.65,108,29.35
3837,38,37,379,236,62.27,143,37.73
3838,38,38,389,262,67.35,127,32.65
3839,38,39,426,289,67.84,137,32.16
3840,38,40,410,279,68.05,131,31.95
3841,38,41,351,253,72.08,98,27.92
3901,39,1,383,261,68.15,122,31.85
3902,39,2,248,200,80.65,48,19.35
3903,39,3,464,326,70.26,138,29.74
3904,39,4,397,266,67.0,131,33.0
3905,39,5,426,304,71.36,122,28.64
3906,39,6,436,278,63.76,158,36.24
3907,39,7,373,281,75.34,92,24.66
3908,39,8,419,299,71.36,120,28.64
3909,39,9,375,279,74.4,96,25.6
3910,39,10,193,151,78.24,42,21.76
3911,39,11,391,274,70.08,117,29.92
3912,39,12,559,366,65.47,193,34.53
3913,39,13,334,234,70.06,100,29.94
3914,39,14,417,282,67.63,135,32.37
3915,39,15,467,334,71.52,133,28.48
3916,39,16,377,265,70.29,112,29.71
3917,39,17,411,282,68.61,129,31.39
3918,39,18,404,298,73.76,106,26.24
3919,39,19,394,283,71.83,111,28.17
3920,39,20,516,346,67.05,170,32.95
3921,39,21,406,252,62.07,154,37.93
3922,39,22,411,275,66.91,136,33.09
3923,39,23,413,289,69.98,124,30.02
3924,39,24,505,334,66.14,171,33.86
3925,39,25,348,247,70.98,101,29.02
3926,39,26,365,258,70.68,107,29.32
3927,39,27,57,47,82.46,10,17.54
3928,39,28,519,366,70.52,153,29.48
3929,39,29,220,145,65.91,75,34.09
3930,39,30,516,375,72.67,141,27.33
3931,39,31,365,253,69.32,112,30.68
3932,39,32,301,198,65.78,103,34.22
3933,39,33,415,289,69.64,126,30.36
3934,39,34,484,296,61.16,188,38.84
3935,39,35,410,305,74.39,105,25.61
3936,39,36,99,82,82.83,17,17.17
3937,39,37,366,287,78.42,79,21.58
3938,39,38,210,154,73.33,56,26.67
3939,39,39,255,192,75.29,63,24.71
3940,39,40,411,281,68.37,130,31.63
3941,39,41,416,299,71.88,117,28.13
3942,39,42,424,315,74.29,109,25.71
3943,39,43,417,273,65.47,144,34.53
3944,39,44,319,219,68.65,100,31.35
3945,39,45,353,246,69.69,107,30.31
4001,40,1,409,306,74.82,103,25.18
4002,40,2,486,354,72.84,132,27.16
4003,40,3,603,416,68.99,187,31.01
4004,40,4,286,219,76.57,67,23.43
4005,40,5,533,386,72.42,147,27.58
4006,40,6,557,383,68.76,174,31.24
4007,40,7,451,330,73.17,121,26.83
4008,40,8,622,439,70.58,183,29.42
4009,40,9,369,280,75.88,89,24.12
4010,40,10,528,360,68.18,168,31.82
4011,40,11,491,354,72.1,137,27.9
4012,40,12,398,288,72.36,110,27.64
4013,40,13,700,494,70.57,206,29.43
4014,40,14,426,296,69.48,130,30.52
4015,40,15,448,334,74.55,114,25.45
4016,40,16,635,425,66.93,210,33.07
4017,40,17,386,283,73.32,103,26.68
4018,40,18,373,279,74.8,94,25.2
4019,40,19,574,386,67.25,188,32.75
4020,40,20,490,343,70.0,147,30.0
4021,40,21,545,432,79.27,113,20.73
4022,40,22,586,450,76.79,136,23.21
4023,40,23,578,425,73.53,153,26.47
4024,40,24,438,335,76.48,103,23.52
4025,40,25,559,375,67.08,184,32.92
4026,40,26,494,367,74.29,127,25.71
4027,40,27,581,400,68.85,181,31.15
4028,40,28,517,352,68.09,165,31.91
4029,40,29,489,339,69.33,150,30.67
4030,40,30,383,283,73.89,100,26.11
4031,40,31,536,381,71.08,155,28.92
4032,40,32,531,410,77.21,121,22.79
4033,40,33,463,332,71.71,131,28.29
4034,40,34,401,292,72.82,109,27.18
4035,40,35,319,246,77.12,73,22.88
4036,40,36,407,298,73.22,109,26.78
4037,40,37,502,355,70.72,147,29.28
4038,40,38,596,424,71.14,172,28.86
4039,40,39,189,139,73.54,50,26.46
4101,41,1,412,239,58.01,173,41.99
4102,41,2,448,283,63.17,165,36.83
4103,41,3,419,279,66.59,140,33.41
4104,41,4,408,286,70.1,122,29.9
4105,41,5,498,340,68.27,158,31.73
4106,41,6,487,350,71.87,137,28.13
4107,41,7,443,288,65.01,155,34.99
4108,41,8,427,260,60.89,167,39.11
4109,41,9,366,237,64.75,129,35.25
4110,41,10,424,288,67.92,136,32.08
4111,41,11,454,263,57.93,191,42.07
4112,41,12,453,316,69.76,137,30.24
4113,41,13,471,304,64.54,167,35.46
4114,41,14,444,298,67.12,146,32.88
4115,41,15,512,355,69.34,157,30.66
4116,41,16,409,272,66.5,137,33.5
4117,41,17,369,246,66.67,123,33.33
4118,41,18,374,243,64.97,131,35.03
4119,41,19,438,334,76.26,104,23.74
4120,41,20,318,210,66.04,108,33.96
4121,41,21,454,297,65.42,157,34.58
4122,41,22,488,307,62.91,181,37.09
4123,41,23,396,253,63.89,143,36.11
4124,41,24,406,258,63.55,148,36.45
4125,41,25,387,248,64.08,139,35.92
4126,41,26,394,258,65.48,136,34.52
4127,41,27,369,241,65.31,128,34.69
4128,41,28,409,274,66.99,135,33.01
4129,41,29,331,214,64.65,117,35.35
4130,41,30,375,242,64.53,133,35.47
4131,41,31,370,250,67.57,120,32.43
4132,41,32,368,251,68.21,117,31.79
4133,41,33,398,253,63.57,145,36.43
4134,41,34,385,241,62.6,144,37.4
4135,41,35,483,307,63.56,176,36.44
4136,41,36,426,258,60.56,168,39.44
4137,41,37,475,337,70.95,138,29.05
4138,41,38,414,251,60.63,163,39.37
4139,41,39,418,252,60.29,166,39.71
4140,41,40,472,264,55.93,208,44.07
4141,41,41,448,292,65.18,156,34.82
4142,41,42,416,273,65.63,143,34.38
4143,41,43,402,262,65.17,140,34.83
4144,41,44,425,256,60.24,169,39.76
4145,41,45,426,281,65.96,145,34.04
4146,41,46,417,264,63.31,153,36.69
4147,41,47,416,285,68.51,131,31.49
4201,42,1,402,336,83.58,66,16.42
4202,42,2,591,459,77.66,132,22.34
4203,42,3,510,389,76.27,121,23.73
4204,42,4,1119,875,78.19,244,21.81
4205,42,5,387,313,80.88,74,19.12
4206,42,6,444,350,78.83,94,21.17
4207,42,7,572,459,80.24,113,19.76
4208,42,8,372,266,71.51,106,28.49
4209,42,9,663,505,76.17,158,23.83
4210,42,10,695,517,74.39,178,25.61
4211,42,11,313,264,84.35,49,15.65
4212,42,12,387,313,80.88,74,19.12
4213,42,13,374,295,78.88,79,21.12
4214,42,14,668,528,79.04,140,20.96
4215,42,15,643,504,78.38,139,21.62
4216,42,16,504,362,71.83,142,28.17
4217,42,17,768,603,78.52,165,21.48
4218,42,18,640,506,79.06,134,20.94
4219,42,19,597,473,79.23,124,20.77
4220,42,20,584,437,74.83,147,25.17
4221,42,21,617,497,80.55,120,19.45
4222,42,22,276,217,78.62,59,21.38
4223,42,23,493,373,75.66,120,24.34
4224,42,24,427,340,79.63,87,20.37
4225,42,25,568,420,73.94,148,26.06
4226,42,26,777,615,79.15,162,20.85
4227,42,27,338,233,68.93,105,31.07
4228,42,28,532,401,75.38,131,24.62
4229,42,29,587,438,74.62,149,25.38
4230,42,30,368,297,80.71,71,19.29
4231,42,31,564,443,78.55,121,21.45
4232,42,32,594,447,75.25,147,24.75
4233,42,33,562,417,74.2,145,25.8
4234,42,34,380,297,78.16,83,21.84
4235,42,35,594,453,76.26,141,23.74
4236,42,36,894,647,72.37,247,27.63
4237,42,37,380,284,74.74,96,25.26
4238,42,38,484,368,76.03,116,23.97
4239,42,39,870,704,80.92,166,19.08
4240,42,40,729,580,79.56,149,20.44
4241,42,41,519,387,74.57,132,25.43
4242,42,42,875,683,78.06,192,21.94
4301,43,1,245,199,81.22,46,18.78
4302,43,2,524,415,79.2,109,20.8
4303,43,3,456,356,78.07,100,21.93
4304,43,4,555,446,80.36,109,19.64
4305,43,5,444,360,81.08,84,18.92
4306,43,6,379,308,81.27,71,18.73
4307,43,7,282,238,84.4,44,15.6
4308,43,8,369,298,80.76,71,19.24
4309,43,9,464,371,79.96,93,20.04
4310,43,10,579,462,79.79,117,20.21
4311,43,11,453,367,81.02,86,18.98
4312,43,12,313,238,76.04,75,23.96
4313,43,13,488,366,75.0,122,25.0
4314,43,14,487,393,80.7,94,19.3
4315,43,15,462,341,73.81,121,26.19
4316,43,16,646,493,76.32,153,23.68
4317,43,17,388,325,83.76,63,16.24
4318,43,18,531,426,80.23,105,19.77
4319,43,19,465,377,81.08,88,18.92
4320,43,20,580,472,81.38,108,18.62
4321,43,21,546,419,76.74,127,23.26
4322,43,22,334,262,78.44,72,21.56
4323,43,23,338,273,80.77,65,19.23
4324,43,24,353,273,77.34,80,22.66
4325,43,25,400,301,75.25,99,24.75
4326,43,26,286,238,83.22,48,16.78
4327,43,27,444,351,79.05,93,20.95
4328,43,28,578,480,83.04,98,16.96
4329,43,29,676,546,80.77,130,19.23
4330,43,30,510,394,77.25,116,22.75
4331,43,31,445,338,75.96,107,24.04
4332,43,32,490,403,82.24,87,17.76
4333,43,33,448,373,83.26,75,16.74
4334,43,34,312,249,79.81,63,20.19
4335,43,35,502,402,80.08,100,19.92
4336,43,36,320,249,77.81,71,22.19
4337,43,37,571,435,76.18,136,23.82
4338,43,38,321,256,79.75,65,20.25
4339,43,39,360,252,70.0,108,30.0
4340,43,40,363,265,73.0,98,27.0
4341,43,41,589,475,80.65,114,19.35
4342,43,42,454,343,75.55,111,24.45
4343,43,43,453,382,84.33,71,15.67
4344,43,44,452,361,79.87,91,20.13
4345,43,45,297,236,79.46,61,20.54
4346,43,46,290,229,78.97,61,21.03
4401,44,1,801,609,76.03,192,23.97
4402,44,2,523,415,79.35,108,20.65
4403,44,3,270,226,83.7,44,16.3
4404,44,4,384,315,82.03,69,17.97
4405,44,5,526,408,77.57,118,22.43
4406,44,6,649,485,74.73,164,25.27
4407,44,7,311,251,80.71,60,19.29
4408,44,8,720,539,74.86,181,25.14
4409,44,9,554,419,75.63,135,24.37
4410,44,10,563,439,77.98,124,22.02
4411,44,11,614,442,71.99,172,28.01
4412,44,12,554,437,78.88,117,21.12
4413,44,13,471,382,81.1,89,18.9
4414,44,14,524,393,75.0,131,25.0
4415,44,15,490,370,75.51,120,24.49
4416,44,16,627,451,71.93,176,28.07
4417,44,17,710,536,75.49,174,24.51
4418,44,18,574,443,77.18,131,22.82
4419,44,19,625,472,75.52,153,24.48
4420,44,20,669,509,76.08,160,23.92
4421,44,21,621,477,76.81,144,23.19
4422,44,22,506,401,79.25,105,20.75
4423,44,23,520,419,80.58,101,19.42
4424,44,24,350,298,85.14,52,14.86
4425,44,25,545,433,79.45,112,20.55
4426,44,26,708,498,70.34,210,29.66
4427,44,27,608,465,76.48,143,23.52
4428,44,28,584,449,76.88,135,23.12
4429,44,29,611,460,75.29,151,24.71
4430,44,30,646,505,78.17,141,21.83
4431,44,31,491,369,75.15,122,24.85
4432,44,32,623,443,71.11,180,28.89
4433,44,33,603,453,75.12,150,24.88
4434,44,34,547,446,81.54,101,18.46
4435,44,35,541,425,78.56,116,21.44
4436,44,36,626,501,80.03,125,19.97
4437,44,37,612,444,72.55,168,27.45
4438,44,38,649,493,75.96,156,24.04
4439,44,39,593,474,79.93,119,20.07
4440,44,40,504,404,80.16,100,19.84
4441,44,41,695,516,74.24,179,25.76
4501,45,1,365,259,70.96,106,29.04
4502,45,2,441,309,70.07,132,29.93
4503,45,3,388,283,72.94,105,27.06
4504,45,4,518,343,66.22,175,33.78
4505,45,5,450,337,74.89,113,25.11
4506,45,6,594,407,68.52,187,31.48
4507,45,7,617,486,78.77,131,21.23
4508,45,8,443,317,71.56,126,28.44
4509,45,9,435,296,68.05,139,31.95
4510,45,10,415,288,69.4,127,30.6
4511,45,11,345,229,66.38,116,33.62
4512,45,12,385,251,65.19,134,34.81
4513,45,13,347,253,72.91,94,27.09
4514,45,14,608,439,72.2,169,27.8
4515,45,15,527,370,70.21,157,29.79
4516,45,16,352,242,68.75,110,31.25
4517,45,17,455,308,67.69,147,32.31
4518,45,18,464,325,70.04,139,29.96
4519,45,19,240,170,70.83,70,29.17
4520,45,20,297,206,69.36,91,30.64
4521,45,21,362,236,65.19,126,34.81
4522,45,22,390,276,70.77,114,29.23
4523,45,23,392,261,66.58,131,33.42
4524,45,24,336,220,65.48,116,34.52
4525,45,25,279,182,65.23,97,34.77
4526,45,26,236,166,70.34,70,29.66
4527,45,27,405,266,65.68,139,34.32
4528,45,28,342,241,70.47,101,29.53
4529,45,29,268,200,74.63,68,25.37
4530,45,30,421,274,65.08,147,34.92
4531,45,31,338,240,71.01,98,28.99
4532,45,32,396,269,67.93,127,32.07
4533,45,33,300,203,67.67,97,32.33
4534,45,34,442,297,67.19,145,32.81
4535,45,35,461,319,69.2,142,30.8
4536,45,36,435,287,65.98,148,34.02
4537,45,37,402,256,63.68,146,36.32
4538,45,38,408,270,66.18,138,33.82
4539,45,39,418,278,66.51,140,33.49
4540,45,40,394,252,63.96,142,36.04
4541,45,41,372,238,63.98,134,36.02
4542,45,42,399,274,68.67,125,31.33
4543,45,43,443,290,65.46,153,34.54
4544,45,44,384,250,65.1,134,34.9
4545,45,45,263,164,62.36,99,37.64
4546,45,46,337,209,62.02,128,37.98
4547,45,47,299,195,65.22,104,34.78
4548,45,48,323,203,62.85,120,37.15
4601,46,1,399,272,68.17,127,31.83
4602,46,2,503,361,71.77,142,28.23
4603,46,3,581,475,81.76,106,18.24
4604,46,4,489,361,73.82,128,26.18
4605,46,5,676,484,71.6,192,28.4
4606,46,6,438,291,66.44,147,33.56
4607,46,7,473,382,80.76,91,19.24
4608,46,8,336,232,69.05,104,30.95
4609,46,9,576,416,72.22,160,27.78
4610,46,10,873,650,74.46,223,25.54
4611,46,11,478,336,70.29,142,29.71
4612,46,12,546,377,69.05,169,30.95
4613,46,13,533,407,76.36,126,23.64
4614,46,14,518,376,72.59,142,27.41
4615,46,15,513,392,76.41,121,23.59
4616,46,16,586,422,72.01,164,27.99
4617,46,17,538,418,77.7,120,22.3
4618,46,18,575,402,69.91,173,30.09
4619,46,19,334,251,75.15,83,24.85
4620,46,20,430,326,75.81,104,24.19
4621,46,21,390,272,69.74,118,30.26
4622,46,22,365,245,67.12,120,32.88
4623,46,23,477,345,72.33,132,27.67
4624,46,24,637,487,76.45,150,23.55
4625,46,25,499,349,69.94,150,30.06
4626,46,26,714,489,68.49,225,31.51
4627,46,27,672,478,71.13,194,28.87
4628,46,28,465,363,78.06,102,21.94
4629,46,29,407,324,79.61,83,20.39
4630,46,30,528,386,73.11,142,26.89
4631,46,31,525,400,76.19,125,23.81
4632,46,32,483,323,66.87,160,33.13
4633,46,33,516,399,77.33,117,22.67
4634,46,34,669,485,72.5,184,27.5
4635,46,35,584,427,73.12,157,26.88
4636,46,36,474,370,78.06,104,21.94
4637,46,37,404,301,74.5,103,25.5
4638,46,38,590,437,74.07,153,25.93
4639,46,39,459,317,69.06,142,30.94
4640,46,40,429,320,74.59,109,25.41
4701,47,1,370,272,73.51,98,26.49
4702,47,2,519,409,78.81,110,21.19
4703,47,3,484,401,82.85,83,17.15
4704,47,4,630,503,79.84,127,20.16
4705,47,5,577,415,71.92,162,28.08
4706,47,6,640,513,80.16,127,19.84
4707,47,7,496,347,69.96,149,30.04
4708,47,8,531,417,78.53,114,21.47
4709,47,9,503,375,74.55,128,25.45
4710,47,10,643,460,71.54,183,28.46
4711,47,11,536,416,77.61,120,22.39
4712,47,12,580,424,73.1,156,26.9
4713,47,13,528,377,71.4,151,28.6
4714,47,14,489,402,82.21,87,17.79
4715,47,15,666,420,63.06,246,36.94
4716,47,16,534,417,78.09,117,21.91
4717,47,17,522,378,72.41,144,27.59
4718,47,18,514,360,70.04,154,29.96
4719,47,19,829,585,70.57,244,29.43
4720,47,20,565,421,74.51,144,25.49
4721,47,21,506,370,73.12,136,26.88
4722,47,22,587,430,73.25,157,26.75
4723,47,23,603,442,73.3,161,26.7
4724,47,24,546,419,76.74,127,23.26
4725,47,25,653,475,72.74,178,27.26
4726,47,26,724,549,75.83,175,24.17
4727,47,27,458,345,75.33,113,24.67
4728,47,28,496,376,75.81,120,24.19
4729,47,29,630,484,76.83,146,23.17
4730,47,30,675,509,75.41,166,24.59
4731,47,31,583,424,72.73,159,27.27
4732,47,32,653,478,73.2,175,26.8
4733,47,33,516,390,75.58,126,24.42
4734,47,34,552,426,77.17,126,22.83
4735,47,35,525,406,77.33,119,22.67
4736,47,36,630,452,71.75,178,28.25
4737,47,37,495,367,74.14,128,25.86
4738,47,38,543,399,73.48,144,26.52
4739,47,39,543,381,70.17,162,29.83
4740,47,40,503,391,77.73,112,22.27
4741,47,41,593,419,70.66,174,29.34
4742,47,42,515,361,70.1,154,29.9
4743,47,43,482,387,80.29,95,19.71
4744,47,44,456,339,74.34,117,25.66
4745,47,45,508,387,76.18,121,23.82
4746,47,46,547,414,75.69,133,24.31
4747,47,47,657,494,75.19,163,24.81
4748,47,48,32,24,75.0,8,25.0
4801,48,1,499,344,68.94,155,31.06
4802,48,2,211,166,78.67,45,21.33
4803,48,3,567,406,71.6,161,28.4
4804,48,4,447,326,72.93,121,27.07
4805,48,5,244,190,77.87,54,22.13
4806,48,6,589,437,74.19,152,25.81
4807,48,7,535,421,78.69,114,21.31
4808,48,8,243,183,75.31,60,24.69
4809,48,9,315,243,77.14,72,22.86
4810,48,10,694,504,72.62,190,27.38
4811,48,11,400,297,74.25,103,25.75
4812,48,12,583,405,69.47,178,30.53
4813,48,13,606,470,77.56,136,22.44
4814,48,14,197,151,76.65,46,23.35
4815,48,15,325,251,77.23,74,22.77
4816,48,16,554,376,67.87,178,32.13
4817,48,17,423,319,75.41,104,24.59
4818,48,18,332,236,71.08,96,28.92
4819,48,19,350,258,73.71,92,26.29
4820,48,20,540,356,65.93,184,34.07
4821,48,21,630,411,65.24,219,34.76
4822,48,22,366,285,77.87,81,22.13
4823,48,23,426,333,78.17,93,21.83
4824,48,24,565,351,62.12,214,37.88
4825,48,25,430,330,76.74,100,23.26
4826,48,26,237,176,74.26,61,25.74
4827,48,27,493,356,72.21,137,27.79
4828,48,28,512,371,72.46,141,27.54
4829,48,29,177,153,86.44,24,13.56
4830,48,30,422,301,71.33,121,28.67
4831,48,31,727,502,69.05,225,30.95
4832,48,32,539,376,69.76,163,30.24
4833,48,33,254,209,82.28,45,17.72
4834,48,34,417,302,72.42,115,27.58
4835,48,35,290,201,69.31,89,30.69
4836,48,36,270,218,80.74,52,19.26
4837,48,37,516,362,70.16,154,29.84
4838,48,38,500,393,78.6,107,21.4
4839,48,39,362,277,76.52,85,23.48
4840,48,40,452,322,71.24,130,28.76
4841,48,41,644,423,65.68,221,34.32
4842,48,42,579,416,71.85,163,28.15
4843,48,43,582,413,70.96,169,29.04
4844,48,44,635,454,71.5,181,28.5
4845,48,45,375,263,70.13,112,29.87
4846,48,46,275,203,73.82,72,26.18
4901,49,1,338,215,63.61,123,36.39
4902,49,2,314,224,71.34,90,28.66
4903,49,3,634,454,71.61,180,28.39
4904,49,4,677,454,67.06,223,32.94
4905,49,5,491,360,73.32,131,26.68
4906,49,6,434,306,70.51,128,29.49
4907,49,7,402,293,72.89,109,27.11
4908,49,8,451,350,77.61,101,22.39
4909,49,9,508,367,72.24,141,27.76
4910,49,10,584,417,71.4,167,28.6
4911,49,11,660,470,71.21,190,28.79
4912,49,12,630,437,69.37,193,30.63
4913,49,13,584,400,68.49,184,31.51
4914,49,14,384,269,70.05,115,29.95
4915,49,15,377,277,73.47,100,26.53
4916,49,16,459,320,69.72,139,30.28
4917,49,17,388,285,73.45,103,26.55
4918,49,18,652,447,68.56,205,31.44
4919,49,19,469,327,69.72,142,30.28
4920,49,20,766,533,69.58,233,30.42
4921,49,21,312,232,74.36,80,25.64
4922,49,22,532,366,68.8,166,31.2
4923,49,23,670,443,66.12,227,33.88
4924,49,24,393,281,71.5,112,28.5
4925,49,25,642,430,66.98,212,33.02
4926,49,26,574,395,68.82,179,31.18
4927,49,27,585,406,69.4,179,30.6
4928,49,28,729,467,64.06,262,35.94
4929,49,29,581,391,67.3,190,32.7
4930,49,30,535,380,71.03,155,28.97
4931,49,31,345,244,70.72,101,29.28
4932,49,32,493,288,58.42,205,41.58
4933,49,33,398,278,69.85,120,30.15
5001,50,1,316,238,75.32,78,24.68
5002,50,2,217,162,74.65,55,25.35
5003,50,3,293,217,74.06,76,25.94
5004,50,4,406,310,76.35,96,23.65
5005,50,5,204,154,75.49,50,24.51
5006,50,6,397,303,76.32,94,23.68
5007,50,7,484,373,77.07,111,22.93
5008,50,8,369,269,72.9,100,27.1
5009,50,9,305,215,70.49,90,29.51
5010,50,10,367,250,68.12,117,31.88
5011,50,11,175,117,66.86,58,33.14
5012,50,12,142,107,75.35,35,24.65
5013,50,13,465,330,70.97,135,29.03
5014,50,14,106,75,70.75,31,29.25
5015,50,15,475,353,74.32,122,25.68
5016,50,16,98,69,70.41,29,29.59
5017,50,17,376,283,75.27,93,24.73
5018,50,18,43,31,72.09,12,27.91
5019,50,19,325,233,71.69,92,28.31
5020,50,20,418,305,72.97,113,27.03
5021,50,21,343,250,72.89,93,27.11
5022,50,22,325,242,74.46,83,25.54
5023,50,23,246,173,70.33,73,29.67
5024,50,24,204,138,67.65,66,32.35
5025,50,25,280,187,66.79,93,33.21
5026,50,26,403,288,71.46,115,28.54
5027,50,27,93,61,65.59,32,34.41
5028,50,28,418,311,74.4,107,25.6
5029,50,29,390,289,74.1,101,25.9
5030,50,30,317,242,76.34,75,23.66
5031,50,31,542,382,70.48,160,29.52
5032,50,32,437,322,73.68,115,26.32
5033,50,33,219,165,75.34,54,24.66
5034,50,34,452,329,72.79,123,27.21
5035,50,35,529,401,75.8,128,24.2
5036,50,36,385,284,73.77,101,26.23
5037,50,37,398,298,74.87,100,25.13
5038,50,38,113,85,75.22,28,24.78
5039,50,39,221,157,71.04,64,28.96
5040,50,40,240,151,62.92,89,37.08
