id,ward,precinct,total,Yes,Yes Percent,No,No Percent
0101,1,1,507,430,84.81,77,15.19
0102,1,2,463,382,82.51,81,17.49
0103,1,3,597,532,89.11,65,10.89
0104,1,4,566,501,88.52,65,11.48
0105,1,5,506,453,89.53,53,10.47
0106,1,6,431,380,88.17,51,11.83
0107,1,7,367,321,87.47,46,12.53
0108,1,8,418,357,85.41,61,14.59
0109,1,9,353,305,86.4,48,13.6
0110,1,10,619,542,87.56,77,12.44
0111,1,11,570,517,90.7,53,9.3
0112,1,12,590,501,84.92,89,15.08
0113,1,13,249,213,85.54,36,14.46
0114,1,14,453,391,86.31,62,13.69
0115,1,15,464,394,84.91,70,15.09
0116,1,16,544,456,83.82,88,16.18
0117,1,17,428,361,84.35,67,15.65
0118,1,18,496,417,84.07,79,15.93
0119,1,19,598,501,83.78,97,16.22
0120,1,20,397,347,87.41,50,12.59
0121,1,21,670,599,89.4,71,10.6
0122,1,22,333,276,82.88,57,17.12
0123,1,23,646,565,87.46,81,12.54
0124,1,24,454,372,81.94,82,18.06
0125,1,25,490,430,87.76,60,12.24
0126,1,26,335,261,77.91,74,22.09
0127,1,27,561,489,87.17,72,12.83
0128,1,28,168,135,80.36,33,19.64
0129,1,29,619,556,89.82,63,10.18
0130,1,30,568,478,84.15,90,15.85
0131,1,31,447,376,84.12,71,15.88
0132,1,32,471,397,84.29,74,15.71
0133,1,33,539,473,87.76,66,12.24
0134,1,34,415,372,89.64,43,10.36
0135,1,35,624,515,82.53,109,17.47
0136,1,36,578,511,88.41,67,11.59
0137,1,37,485,433,89.28,52,10.72
0138,1,38,482,427,88.59,55,11.41
0139,1,39,421,365,86.7,56,13.3
0140,1,40,430,371,86.28,59,13.72
0141,1,41,276,254,92.03,22,7.97
0142,1,42,174,143,82.18,31,17.82
0143,1,43,320,280,87.5,40,12.5
0144,1,44,456,394,86.4,62,13.6
0201,2,1,557,475,85.28,82,14.72
0202,2,2,338,293,86.69,45,13.31
0203,2,3,560,492,87.86,68,12.14
0204,2,4,484,432,89.26,52,10.74
0205,2,5,617,539,87.36,78,12.64
0206,2,6,526,455,86.5,71,13.5
0207,2,7,439,388,88.38,51,11.62
0208,2,8,622,541,86.98,81,13.02
0209,2,9,457,399,87.31,58,12.69
0210,2,10,329,281,85.41,48,14.59
0211,2,11,453,388,85.65,65,14.35
0212,2,12,381,332,87.14,49,12.86
0213,2,13,386,333,86.27,53,13.73
0214,2,14,481,424,88.15,57,11.85
0215,2,15,430,382,88.84,48,11.16
0216,2,16,485,431,88.87,54,11.13
0217,2,17,578,506,87.54,72,12.46
0218,2,18,407,356,87.47,51,12.53
0219,2,19,297,245,82.49,52,17.51
0220,2,20,577,498,86.31,79,13.69
0221,2,21,509,454,89.19,55,10.81
0222,2,22,457,405,88.62,52,11.38
0223,2,23,289,255,88.24,34,11.76
0224,2,24,412,369,89.56,43,10.44
0225,2,25,536,472,88.06,64,11.94
0226,2,26,374,312,83.42,62,16.58
0227,2,27,401,327,81.55,74,18.45
0228,2,28,519,464,89.4,55,10.6
0229,2,29,506,430,84.98,76,15.02
0230,2,30,404,351,86.88,53,13.12
0231,2,31,518,458,88.42,60,11.58
0232,2,32,424,355,83.73,69,16.27
0233,2,33,631,550,87.16,81,12.84
0234,2,34,326,286,87.73,40,12.27
0235,2,35,596,521,87.42,75,12.58
0236,2,36,483,421,87.16,62,12.84
0237,2,37,403,338,83.87,65,16.13
0238,2,38,399,340,85.21,59,14.79
0239,2,39,317,248,78.23,69,21.77
0240,2,40,644,552,85.71,92,14.29
0241,2,41,547,471,86.11,76,13.89
0242,2,42,523,460,87.95,63,12.05
0243,2,43,611,528,86.42,83,13.58
0244,2,44,287,254,88.5,33,11.5
0245,2,45,534,463,86.7,71,13.3
0246,2,46,248,207,83.47,41,16.53
0301,3,1,630,480,76.19,150,23.81
0302,3,2,457,376,82.28,81,17.72
0303,3,3,367,278,75.75,89,24.25
0304,3,4,528,422,79.92,106,20.08
0305,3,5,265,205,77.36,60,22.64
0306,3,6,652,550,84.36,102,15.64
0307,3,7,254,203,79.92,51,20.08
0308,3,8,356,247,69.38,109,30.62
0309,3,9,526,395,75.1,131,24.9
0310,3,10,207,146,70.53,61,29.47
0311,3,11,524,387,73.85,137,26.15
0312,3,12,416,328,78.85,88,21.15
0313,3,13,535,462,86.36,73,13.64
0314,3,14,530,455,85.85,75,14.15
0315,3,15,438,312,71.23,126,28.77
0316,3,16,381,289,75.85,92,24.15
0317,3,17,674,555,82.34,119,17.66
0318,3,18,604,447,74.01,157,25.99
0319,3,19,568,497,87.5,71,12.5
0320,3,20,498,373,74.9,125,25.1
0321,3,21,485,422,87.01,63,12.99
0322,3,22,665,550,82.71,115,17.29
0323,3,23,378,290,76.72,88,23.28
0324,3,24,407,312,76.66,95,23.34
0325,3,25,784,674,85.97,110,14.03
0326,3,26,507,440,86.79,67,13.21
0327,3,27,605,516,85.29,89,14.71
0328,3,28,219,159,72.6,60,27.4
0329,3,29,475,333,70.11,142,29.89
0330,3,30,381,283,74.28,98,25.72
0331,3,31,530,410,77.36,120,22.64
0332,3,32,748,637,85.16,111,14.84
0333,3,33,588,509,86.56,79,13.44
0334,3,34,700,591,84.43,109,15.57
0335,3,35,245,195,79.59,50,20.41
0336,3,36,220,157,71.36,63,28.64
0337,3,37,445,321,72.13,124,27.87
0338,3,38,324,279,86.11,45,13.89
0339,3,39,932,797,85.52,135,14.48
0340,3,40,493,387,78.5,106,21.5
0341,3,41,322,254,78.88,68,21.12
0401,4,1,690,585,84.78,105,15.22
0402,4,2,643,563,87.56,80,12.44
0403,4,3,393,305,77.61,88,22.39
0404,4,4,640,461,72.03,179,27.97
0405,4,5,502,395,78.69,107,21.31
0406,4,6,517,421,81.43,96,18.57
0407,4,7,618,502,81.23,116,18.77
0408,4,8,524,405,77.29,119,22.71
0409,4,9,512,444,86.72,68,13.28
0410,4,10,615,488,79.35,127,20.65
0411,4,11,473,362,76.53,111,23.47
0412,4,12,644,499,77.48,145,22.52
0413,4,13,629,545,86.65,84,13.35
0414,4,14,482,381,79.05,101,20.95
0415,4,15,557,444,79.71,113,20.29
0416,4,16,850,743,87.41,107,12.59
0417,4,17,563,503,89.34,60,10.66
0418,4,18,460,350,76.09,110,23.91
0419,4,19,318,213,66.98,105,33.02
0420,4,20,368,326,88.59,42,11.41
0421,4,21,541,458,84.66,83,15.34
0422,4,22,433,366,84.53,67,15.47
0423,4,23,587,506,86.2,81,13.8
0424,4,24,456,377,82.68,79,17.32
0425,4,25,600,516,86.0,84,14.0
0426,4,26,429,346,80.65,83,19.35
0427,4,27,644,538,83.54,106,16.46
0428,4,28,428,337,78.74,91,21.26
0429,4,29,463,368,79.48,95,20.52
0430,4,30,668,501,75.0,167,25.0
0431,4,31,406,339,83.5,67,16.5
0432,4,32,542,420,77.49,122,22.51
0433,4,33,447,362,80.98,85,19.02
0434,4,34,432,342,79.17,90,20.83
0435,4,35,575,455,79.13,120,20.87
0436,4,36,584,465,79.62,119,20.38
0437,4,37,924,828,89.61,96,10.39
0438,4,38,541,444,82.07,97,17.93
0501,5,1,430,305,70.93,125,29.07
0502,5,2,341,255,74.78,86,25.22
0503,5,3,441,401,90.93,40,9.07
0504,5,4,588,503,85.54,85,14.46
0505,5,5,396,303,76.52,93,23.48
0506,5,6,340,249,73.24,91,26.76
0507,5,7,425,337,79.29,88,20.71
0508,5,8,423,394,93.14,29,6.86
0509,5,9,521,460,88.29,61,11.71
0510,5,10,363,262,72.18,101,27.82
0511,5,11,437,379,86.73,58,13.27
0512,5,12,279,209,74.91,70,25.09
0513,5,13,400,285,71.25,115,28.75
0514,5,14,356,289,81.18,67,18.82
0515,5,15,414,353,85.27,61,14.73
0516,5,16,434,309,71.2,125,28.8
0517,5,17,347,255,73.49,92,26.51
0518,5,18,408,350,85.78,58,14.22
0519,5,19,410,380,92.68,30,7.32
0520,5,20,473,415,87.74,58,12.26
0521,5,21,439,382,87.02,57,12.98
0522,5,22,511,440,86.11,71,13.89
0523,5,23,766,669,87.34,97,12.66
0524,5,24,561,469,83.6,92,16.4
0525,5,25,380,308,81.05,72,18.95
0526,5,26,447,337,75.39,110,24.61
0527,5,27,397,363,91.44,34,8.56
0528,5,28,452,364,80.53,88,19.47
0529,5,29,459,342,74.51,117,25.49
0530,5,30,290,200,68.97,90,31.03
0531,5,31,339,264,77.88,75,22.12
0532,5,32,490,392,80.0,98,20.0
0533,5,33,405,298,73.58,107,26.42
0534,5,34,427,388,90.87,39,9.13
0535,5,35,541,481,88.91,60,11.09
0536,5,36,252,197,78.17,55,21.83
0537,5,37,454,417,91.85,37,8.15
0538,5,38,409,292,71.39,117,28.61
0539,5,39,362,329,90.88,33,9.12
0540,5,40,353,260,73.65,93,26.35
0541,5,41,187,170,90.91,17,9.09
0601,6,1,368,296,80.43,72,19.57
0602,6,2,368,290,78.8,78,21.2
0603,6,3,357,295,82.63,62,17.37
0604,6,4,264,187,70.83,77,29.17
0605,6,5,232,165,71.12,67,28.88
0606,6,6,433,326,75.29,107,24.71
0607,6,7,361,257,71.19,104,28.81
0608,6,8,360,288,80.0,72,20.0
0609,6,9,385,281,72.99,104,27.01
0610,6,10,248,171,68.95,77,31.05
0611,6,11,314,237,75.48,77,24.52
0612,6,12,273,184,67.4,89,32.6
0613,6,13,276,205,74.28,71,25.72
0614,6,14,330,234,70.91,96,29.09
0615,6,15,307,211,68.73,96,31.27
0616,6,16,384,284,73.96,100,26.04
0617,6,17,240,165,68.75,75,31.25
0618,6,18,266,211,79.32,55,20.68
0619,6,19,290,193,66.55,97,33.45
0620,6,20,237,180,75.95,57,24.05
0621,6,21,173,114,65.9,59,34.1
0622,6,22,209,142,67.94,67,32.06
0623,6,23,162,110,67.9,52,32.1
0624,6,24,190,125,65.79,65,34.21
0625,6,25,184,128,69.57,56,30.43
0626,6,26,258,186,72.09,72,27.91
0627,6,27,217,160,73.73,57,26.27
0628,6,28,168,119,70.83,49,29.17
0629,6,29,353,273,77.34,80,22.66
0630,6,30,313,226,72.2,87,27.8
0631,6,31,318,273,85.85,45,14.15
0632,6,32,373,274,73.46,99,26.54
0633,6,33,371,282,76.01,89,23.99
0634,6,34,363,277,76.31,86,23.69
0635,6,35,330,249,75.45,81,24.55
0636,6,36,393,300,76.34,93,23.66
0637,6,37,403,313,77.67,90,22.33
0638,6,38,391,297,75.96,94,24.04
0639,6,39,294,212,72.11,82,27.89
0640,6,40,314,234,74.52,80,25.48
0641,6,41,366,267,72.95,99,27.05
0642,6,42,333,243,72.97,90,27.03
0643,6,43,327,244,74.62,83,25.38
0644,6,44,377,275,72.94,102,27.06
0645,6,45,368,268,72.83,100,27.17
0646,6,46,276,196,71.01,80,28.99
0647,6,47,244,185,75.82,59,24.18
0648,6,48,345,272,78.84,73,21.16
0701,7,1,344,255,74.13,89,25.87
0702,7,2,338,243,71.89,95,28.11
0703,7,3,332,258,77.71,74,22.29
0704,7,4,342,263,76.9,79,23.1
0705,7,5,309,220,71.2,89,28.8
0706,7,6,429,322,75.06,107,24.94
0707,7,7,343,245,71.43,98,28.57
0708,7,8,206,157,76.21,49,23.79
0709,7,9,589,437,74.19,152,25.81
0710,7,10,341,279,81.82,62,18.18
0711,7,11,377,275,72.94,102,27.06
0712,7,12,315,229,72.7,86,27.3
0713,7,13,203,159,78.33,44,21.67
0714,7,14,398,283,71.11,115,28.89
0715,7,15,316,245,77.53,71,22.47
0716,7,16,338,239,70.71,99,29.29
0717,7,17,277,187,67.51,90,32.49
0718,7,18,310,229,73.87,81,26.13
0719,7,19,334,254,76.05,80,23.95
0720,7,20,276,186,67.39,90,32.61
0721,7,21,261,185,70.88,76,29.12
0722,7,22,299,215,71.91,84,28.09
0723,7,23,313,242,77.32,71,22.68
0724,7,24,279,204,73.12,75,26.88
0725,7,25,283,204,72.08,79,27.92
0726,7,26,268,197,73.51,71,26.49
0727,7,27,258,194,75.19,64,24.81
0728,7,28,252,169,67.06,83,32.94
0729,7,29,321,232,72.27,89,27.73
0730,7,30,280,234,83.57,46,16.43
0731,7,31,249,182,73.09,67,26.91
0732,7,32,436,338,77.52,98,22.48
0733,7,33,414,331,79.95,83,20.05
0734,7,34,427,324,75.88,103,24.12
0735,7,35,379,287,75.73,92,24.27
0736,7,36,444,339,76.35,105,23.65
0737,7,37,342,274,80.12,68,19.88
0738,7,38,313,231,73.8,82,26.2
0739,7,39,318,235,73.9,83,26.1
0740,7,40,272,209,76.84,63,23.16
0741,7,41,331,265,80.06,66,19.94
0742,7,42,341,270,79.18,71,20.82
0743,7,43,324,263,81.17,61,18.83
0744,7,44,301,233,77.41,68,22.59
0745,7,45,319,234,73.35,85,26.65
0746,7,46,83,67,80.72,16,19.28
0801,8,1,318,225,70.75,93,29.25
0802,8,2,334,243,72.75,91,27.25
0803,8,3,374,304,81.28,70,18.72
0804,8,4,412,327,79.37,85,20.63
0805,8,5,305,259,84.92,46,15.08
0806,8,6,341,266,78.01,75,21.99
0807,8,7,402,312,77.61,90,22.39
0808,8,8,362,294,81.22,68,18.78
0809,8,9,232,174,75.0,58,25.0
0810,8,10,452,367,81.19,85,18.81
0811,8,11,302,219,72.52,83,27.48
0812,8,12,315,241,76.51,74,23.49
0813,8,13,408,303,74.26,105,25.74
0814,8,14,286,189,66.08,97,33.92
0815,8,15,226,180,79.65,46,20.35
0816,8,16,106,78,73.58,28,26.42
0817,8,17,286,223,77.97,63,22.03
0818,8,18,316,230,72.78,86,27.22
0819,8,19,387,314,81.14,73,18.86
0820,8,20,413,305,73.85,108,26.15
0821,8,21,449,344,76.61,105,23.39
0822,8,22,328,255,77.74,73,22.26
0823,8,23,276,207,75.0,69,25.0
0824,8,24,182,135,74.18,47,25.82
0825,8,25,348,261,75.0,87,25.0
0826,8,26,294,210,71.43,84,28.57
0827,8,27,386,295,76.42,91,23.58
0828,8,28,362,291,80.39,71,19.61
0829,8,29,367,279,76.02,88,23.98
0830,8,30,387,313,80.88,74,19.12
0831,8,31,285,217,76.14,68,23.86
0832,8,32,276,210,76.09,66,23.91
0833,8,33,257,181,70.43,76,29.57
0834,8,34,316,245,77.53,71,22.47
0835,8,35,405,293,72.35,112,27.65
0836,8,36,351,261,74.36,90,25.64
0837,8,37,268,206,76.87,62,23.13
0838,8,38,263,199,75.67,64,24.33
0839,8,39,332,260,78.31,72,21.69
0840,8,40,280,220,78.57,60,21.43
0841,8,41,373,266,71.31,107,28.69
0842,8,42,456,348,76.32,108,23.68
0843,8,43,191,131,68.59,60,31.41
0844,8,44,247,192,77.73,55,22.27
0845,8,45,303,221,72.94,82,27.06
0846,8,46,290,219,75.52,71,24.48
0847,8,47,286,216,75.52,70,24.48
0848,8,48,313,241,77.0,72,23.0
0849,8,49,335,246,73.43,89,26.57
0850,8,50,332,247,74.4,85,25.6
0851,8,51,327,267,81.65,60,18.35
0852,8,52,442,345,78.05,97,21.95
0853,8,53,204,162,79.41,42,20.59
0854,8,54,295,198,67.12,97,32.88
0855,8,55,252,198,78.57,54,21.43
0856,8,56,369,282,76.42,87,23.58
0901,9,1,321,246,76.64,75,23.36
0902,9,2,272,200,73.53,72,26.47
0903,9,3,205,124,60.49,81,39.51
0904,9,4,250,193,77.2,57,22.8
0905,9,5,335,258,77.01,77,22.99
0906,9,6,316,224,70.89,92,29.11
0907,9,7,260,192,73.85,68,26.15
0908,9,8,353,256,72.52,97,27.48
0909,9,9,375,279,74.4,96,25.6
0910,9,10,251,189,75.3,62,24.7
0911,9,11,241,185,76.76,56,23.24
0912,9,12,367,291,79.29,76,20.71
0913,9,13,373,298,79.89,75,20.11
0914,9,14,380,301,79.21,79,20.79
0915,9,15,342,210,61.4,132,38.6
0916,9,16,341,252,73.9,89,26.1
0917,9,17,215,177,82.33,38,17.67
0918,9,18,239,174,72.8,65,27.2
0919,9,19,349,268,76.79,81,23.21
0920,9,20,313,240,76.68,73,23.32
0921,9,21,308,230,74.68,78,25.32
0922,9,22,371,278,74.93,93,25.07
0923,9,23,362,269,74.31,93,25.69
0924,9,24,347,267,76.95,80,23.05
0925,9,25,284,213,75.0,71,25.0
0926,9,26,295,215,72.88,80,27.12
0927,9,27,270,212,78.52,58,21.48
0928,9,28,221,161,72.85,60,27.15
0929,9,29,290,212,73.1,78,26.9
0930,9,30,279,205,73.48,74,26.52
0931,9,31,281,208,74.02,73,25.98
0932,9,32,341,262,76.83,79,23.17
0933,9,33,243,183,75.31,60,24.69
0934,9,34,282,215,76.24,67,23.76
0935,9,35,308,245,79.55,63,20.45
0936,9,36,291,212,72.85,79,27.15
0937,9,37,505,375,74.26,130,25.74
0938,9,38,320,217,67.81,103,32.19
0939,9,39,350,277,79.14,73,20.86
0940,9,40,369,298,80.76,71,19.24
0941,9,41,271,199,73.43,72,26.57
0942,9,42,352,273,77.56,79,22.44
0943,9,43,299,223,74.58,76,25.42
0944,9,44,316,245,77.53,71,22.47
0945,9,45,247,182,73.68,65,26.32
0946,9,46,329,260,79.03,69,20.97
0947,9,47,352,288,81.82,64,18.18
0948,9,48,330,262,79.39,68,20.61
0949,9,49,354,273,77.12,81,22.88
0950,9,50,446,340,76.23,106,23.77
0951,9,51,332,262,78.92,70,21.08
1001,10,1,279,216,77.42,63,22.58
1002,10,2,330,219,66.36,111,33.64
1003,10,3,375,242,64.53,133,35.47
1004,10,4,266,187,70.3,79,29.7
1005,10,5,285,210,73.68,75,26.32
1006,10,6,286,223,77.97,63,22.03
1007,10,7,272,202,74.26,70,25.74
1008,10,8,183,115,62.84,68,37.16
1009,10,9,345,249,72.17,96,27.83
1010,10,10,400,290,72.5,110,27.5
1011,10,11,463,340,73.43,123,26.57
1012,10,12,256,185,72.27,71,27.73
1013,10,13,321,242,75.39,79,24.61
1014,10,14,465,352,75.7,113,24.3
1015,10,15,617,466,75.53,151,24.47
1016,10,16,306,214,69.93,92,30.07
1017,10,17,466,325,69.74,141,30.26
1018,10,18,202,142,70.3,60,29.7
1019,10,19,370,266,71.89,104,28.11
1020,10,20,364,271,74.45,93,25.55
1021,10,21,353,268,75.92,85,24.08
1022,10,22,215,163,75.81,52,24.19
1023,10,23,305,242,79.34,63,20.66
1024,10,24,328,237,72.26,91,27.74
1025,10,25,104,81,77.88,23,22.12
1026,10,26,260,203,78.08,57,21.92
1027,10,27,297,216,72.73,81,27.27
1028,10,28,399,304,76.19,95,23.81
1029,10,29,382,286,74.87,96,25.13
1030,10,30,319,234,73.35,85,26.65
1031,10,31,315,235,74.6,80,25.4
1032,10,32,379,266,70.18,113,29.82
1033,10,33,286,201,70.28,85,29.72
1034,10,34,237,161,67.93,76,32.07
1035,10,35,378,274,72.49,104,27.51
1036,10,36,85,70,82.35,15,17.65
1101,11,1,372,292,78.49,80,21.51
1102,11,2,32,16,50.0,16,50.0
1103,11,3,420,361,85.95,59,14.05
1104,11,4,295,242,82.03,53,17.97
1105,11,5,559,420,75.13,139,24.87
1106,11,6,652,544,83.44,108,16.56
1107,11,7,393,334,84.99,59,15.01
1108,11,8,386,303,78.5,83,21.5
1109,11,9,373,293,78.55,80,21.45
1110,11,10,396,318,80.3,78,19.7
1111,11,11,464,347,74.78,117,25.22
1112,11,12,551,442,80.22,109,19.78
1113,11,13,506,388,76.68,118,23.32
1114,11,14,201,161,80.1,40,19.9
1115,11,15,152,125,82.24,27,17.76
1116,11,16,284,231,81.34,53,18.66
1117,11,17,502,397,79.08,105,20.92
1118,11,18,316,241,76.27,75,23.73
1119,11,19,560,440,78.57,120,21.43
1120,11,20,278,224,80.58,54,19.42
1121,11,21,480,383,79.79,97,20.21
1122,11,22,527,395,74.95,132,25.05
1123,11,23,209,168,80.38,41,19.62
1124,11,24,468,379,80.98,89,19.02
1125,11,25,499,376,75.35,123,24.65
1126,11,26,432,353,81.71,79,18.29
1127,11,27,167,133,79.64,34,20.36
1128,11,28,202,154,76.24,48,23.76
1129,11,29,492,375,76.22,117,23.78
1130,11,30,209,159,76.08,50,23.92
1131,11,31,372,293,78.76,79,21.24
1132,11,32,169,126,74.56,43,25.44
1133,11,33,533,454,85.18,79,14.82
1134,11,34,121,94,77.69,27,22.31
1135,11,35,66,51,77.27,15,22.73
1136,11,36,179,148,82.68,31,17.32
1137,11,37,113,84,74.34,29,25.66
1138,11,38,217,173,79.72,44,20.28
1201,12,1,358,270,75.42,88,24.58
1202,12,2,301,230,76.41,71,23.59
1203,12,3,452,341,75.44,111,24.56
1204,12,4,438,332,75.8,106,24.2
1205,12,5,318,235,73.9,83,26.1
1206,12,6,416,316,75.96,100,24.04
1207,12,7,356,280,78.65,76,21.35
1208,12,8,365,276,75.62,89,24.38
1209,12,9,311,251,80.71,60,19.29
1210,12,10,504,384,76.19,120,23.81
1211,12,11,402,288,71.64,114,28.36
1212,12,12,370,282,76.22,88,23.78
1213,12,13,402,325,80.85,77,19.15
1214,12,14,331,238,71.9,93,28.1
1215,12,15,330,230,69.7,100,30.3
1216,12,16,328,246,75.0,82,25.0
1217,12,17,447,336,75.17,111,24.83
1218,12,18,359,256,71.31,103,28.69
1219,12,19,363,265,73.0,98,27.0
1220,12,20,471,364,77.28,107,22.72
1221,12,21,400,306,76.5,94,23.5
1222,12,22,376,271,72.07,105,27.93
1223,12,23,387,301,77.78,86,22.22
1301,13,1,308,220,71.43,88,28.57
1302,13,2,251,174,69.32,77,30.68
1303,13,3,282,211,74.82,71,25.18
1304,13,4,367,247,67.3,120,32.7
1305,13,5,412,320,77.67,92,22.33
1306,13,6,278,192,69.06,86,30.94
1307,13,7,294,219,74.49,75,25.51
1308,13,8,265,181,68.3,84,31.7
1309,13,9,385,292,75.84,93,24.16
1310,13,10,279,176,63.08,103,36.92
1311,13,11,347,238,68.59,109,31.41
1312,13,12,313,225,71.88,88,28.12
1313,13,13,334,258,77.25,76,22.75
1314,13,14,336,256,76.19,80,23.81
1315,13,15,483,352,72.88,131,27.12
1316,13,16,257,202,78.6,55,21.4
1317,13,17,302,215,71.19,87,28.81
1318,13,18,279,195,69.89,84,30.11
1319,13,19,443,327,73.81,116,26.19
1320,13,20,229,152,66.38,77,33.62
1321,13,21,357,225,63.03,132,36.97
1322,13,22,349,259,74.21,90,25.79
1323,13,23,289,217,75.09,72,24.91
1324,13,24,348,243,69.83,105,30.17
1325,13,25,348,249,71.55,99,28.45
1326,13,26,346,259,74.86,87,25.14
1327,13,27,314,227,72.29,87,27.71
1328,13,28,264,199,75.38,65,24.62
1329,13,29,299,216,72.24,83,27.76
1330,13,30,275,223,81.09,52,18.91
1331,13,31,363,248,68.32,115,31.68
1332,13,32,293,188,64.16,105,35.84
1333,13,33,331,238,71.9,93,28.1
1334,13,34,346,271,78.32,75,21.68
1335,13,35,299,229,76.59,70,23.41
1336,13,36,256,189,73.83,67,26.17
1337,13,37,333,258,77.48,75,22.52
1338,13,38,279,189,67.74,90,32.26
1339,13,39,327,263,80.43,64,19.57
1340,13,40,314,240,76.43,74,23.57
1341,13,41,424,315,74.29,109,25.71
1342,13,42,326,216,66.26,110,33.74
1343,13,43,327,228,69.72,99,30.28
1344,13,44,353,275,77.9,78,22.1
1345,13,45,365,268,73.42,97,26.58
1346,13,46,402,293,72.89,109,27.11
1347,13,47,370,279,75.41,91,24.59
1348,13,48,269,190,70.63,79,29.37
1401,14,1,362,246,67.96,116,32.04
1402,14,2,524,420,80.15,104,19.85
1403,14,3,368,289,78.53,79,21.47
1404,14,4,351,230,65.53,121,34.47
1405,14,5,539,381,70.69,158,29.31
1406,14,6,206,152,73.79,54,26.21
1407,14,7,507,384,75.74,123,24.26
1408,14,8,467,341,73.02,126,26.98
1409,14,9,449,295,65.7,154,34.3
1410,14,10,284,210,73.94,74,26.06
1411,14,11,226,170,75.22,56,24.78
1412,14,12,403,305,75.68,98,24.32
1413,14,13,356,275,77.25,81,22.75
1414,14,14,359,266,74.09,93,25.91
1415,14,15,382,291,76.18,91,23.82
1416,14,16,268,197,73.51,71,26.49
1417,14,17,330,229,69.39,101,30.61
1418,14,18,182,137,75.27,45,24.73
1419,14,19,362,283,78.18,79,21.82
1420,14,20,310,244,78.71,66,21.29
1421,14,21,370,279,75.41,91,24.59
1422,14,22,496,370,74.6,126,25.4
1423,14,23,268,191,71.27,77,28.73
1424,14,24,411,299,72.75,112,27.25
1425,14,25,189,138,73.02,51,26.98
1426,14,26,286,211,73.78,75,26.22
1427,14,27,352,267,75.85,85,24.15
1428,14,28,336,254,75.6,82,24.4
1429,14,29,282,212,75.18,70,24.82
1430,14,30,264,211,79.92,53,20.08
1431,14,31,213,161,75.59,52,24.41
1501,15,1,325,218,67.08,107,32.92
1502,15,2,198,145,73.23,53,26.77
1503,15,3,206,155,75.24,51,24.76
1504,15,4,361,281,77.84,80,22.16
1505,15,5,342,246,71.93,96,28.07
1506,15,6,375,285,76.0,90,24.0
1507,15,7,178,126,70.79,52,29.21
1508,15,8,362,264,72.93,98,27.07
1509,15,9,474,366,77.22,108,22.78
1510,15,10,491,357,72.71,134,27.29
1511,15,11,434,321,73.96,113,26.04
1512,15,12,458,360,78.6,98,21.4
1513,15,13,369,264,71.54,105,28.46
1514,15,14,329,243,73.86,86,26.14
1515,15,15,312,222,71.15,90,28.85
1516,15,16,416,301,72.36,115,27.64
1517,15,17,188,143,76.06,45,23.94
1518,15,18,135,91,67.41,44,32.59
1519,15,19,293,227,77.47,66,22.53
1520,15,20,207,150,72.46,57,27.54
1521,15,21,159,117,73.58,42,26.42
1522,15,22,187,137,73.26,50,26.74
1523,15,23,214,154,71.96,60,28.04
1524,15,24,181,124,68.51,57,31.49
1601,16,1,443,353,79.68,90,20.32
1602,16,2,257,169,65.76,88,34.24
1603,16,3,229,174,75.98,55,24.02
1604,16,4,296,199,67.23,97,32.77
1605,16,5,199,145,72.86,54,27.14
1606,16,6,237,172,72.57,65,27.43
1607,16,7,265,202,76.23,63,23.77
1608,16,8,192,145,75.52,47,24.48
1609,16,9,260,193,74.23,67,25.77
1610,16,10,223,155,69.51,68,30.49
1611,16,11,293,193,65.87,100,34.13
1612,16,12,253,186,73.52,67,26.48
1613,16,13,331,236,71.3,95,28.7
1614,16,14,197,130,65.99,67,34.01
1615,16,15,261,178,68.2,83,31.8
1616,16,16,207,145,70.05,62,29.95
1617,16,17,381,284,74.54,97,25.46
1618,16,18,322,235,72.98,87,27.02
1619,16,19,259,188,72.59,71,27.41
1620,16,20,168,127,75.6,41,24.4
1621,16,21,226,173,76.55,53,23.45
1622,16,22,223,152,68.16,71,31.84
1623,16,23,370,265,71.62,105,28.38
1624,16,24,130,102,78.46,28,21.54
1625,16,25,300,206,68.67,94,31.33
1626,16,26,170,130,76.47,40,23.53
1627,16,27,180,130,72.22,50,27.78
1628,16,28,197,147,74.62,50,25.38
1629,16,29,197,138,70.05,59,29.95
1630,16,30,184,136,73.91,48,26.09
1631,16,31,235,165,70.21,70,29.79
1632,16,32,374,267,71.39,107,28.61
1633,16,33,188,134,71.28,54,28.72
1634,16,34,220,164,74.55,56,25.45
1635,16,35,413,299,72.4,114,27.6
1636,16,36,176,130,73.86,46,26.14
1701,17,1,361,266,73.68,95,26.32
1702,17,2,288,208,72.22,80,27.78
1703,17,3,300,220,73.33,80,26.67
1704,17,4,325,242,74.46,83,25.54
1705,17,5,242,172,71.07,70,28.93
1706,17,6,333,250,75.08,83,24.92
1707,17,7,343,247,72.01,96,27.99
1708,17,8,214,158,73.83,56,26.17
1709,17,9,244,173,70.9,71,29.1
1710,17,10,391,293,74.94,98,25.06
1711,17,11,233,178,76.39,55,23.61
1712,17,12,483,346,71.64,137,28.36
1713,17,13,225,176,78.22,49,21.78
1714,17,14,365,286,78.36,79,21.64
1715,17,15,323,239,73.99,84,26.01
1716,17,16,391,297,75.96,94,24.04
1717,17,17,330,234,70.91,96,29.09
1718,17,18,366,275,75.14,91,24.86
1719,17,19,188,136,72.34,52,27.66
1720,17,20,394,333,84.52,61,15.48
1721,17,21,370,287,77.57,83,22.43
1722,17,22,298,225,75.5,73,24.5
1723,17,23,216,157,72.69,59,27.31
1724,17,24,251,203,80.88,48,19.12
1725,17,25,256,185,72.27,71,27.73
1726,17,26,309,252,81.55,57,18.45
1727,17,27,185,145,78.38,40,21.62
1728,17,28,225,167,74.22,58,25.78
1729,17,29,286,216,75.52,70,24.48
1730,17,30,328,244,74.39,84,25.61
1731,17,31,199,161,80.9,38,19.1
1732,17,32,238,178,74.79,60,25.21
1733,17,33,189,132,69.84,57,30.16
1734,17,34,234,184,78.63,50,21.37
1735,17,35,212,167,78.77,45,21.23
1736,17,36,231,167,72.29,64,27.71
1737,17,37,252,192,76.19,60,23.81
1738,17,38,345,262,75.94,83,24.06
1739,17,39,288,224,77.78,64,22.22
1740,17,40,350,263,75.14,87,24.86
1741,17,41,421,323,76.72,98,23.28
1801,18,1,367,270,73.57,97,26.43
1802,18,2,430,319,74.19,111,25.81
1803,18,3,313,239,76.36,74,23.64
1804,18,4,376,284,75.53,92,24.47
1805,18,5,224,162,72.32,62,27.68
1806,18,6,343,242,70.55,101,29.45
1807,18,7,367,271,73.84,96,26.16
1808,18,8,371,286,77.09,85,22.91
1809,18,9,343,264,76.97,79,23.03
1810,18,10,460,365,79.35,95,20.65
1811,18,11,351,266,75.78,85,24.22
1812,18,12,352,279,79.26,73,20.74
1813,18,13,392,301,76.79,91,23.21
1814,18,14,378,303,80.16,75,19.84
1815,18,15,394,289,73.35,105,26.65
1816,18,16,351,268,76.35,83,23.65
1817,18,17,393,295,75.06,98,24.94
1818,18,18,273,215,78.75,58,21.25
1819,18,19,311,242,77.81,69,22.19
1820,18,20,248,192,77.42,56,22.58
1821,18,21,455,340,74.73,115,25.27
1822,18,22,385,315,81.82,70,18.18
1823,18,23,361,263,72.85,98,27.15
1824,18,24,348,257,73.85,91,26.15
1825,18,25,389,291,74.81,98,25.19
1826,18,26,456,361,79.17,95,20.83
1827,18,27,325,256,78.77,69,21.23
1828,18,28,321,239,74.45,82,25.55
1829,18,29,439,337,76.77,102,23.23
1830,18,30,453,322,71.08,131,28.92
1831,18,31,393,280,71.25,113,28.75
1832,18,32,364,277,76.1,87,23.9
1833,18,33,270,215,79.63,55,20.37
1834,18,34,394,312,79.19,82,20.81
1835,18,35,423,342,80.85,81,19.15
1836,18,36,396,290,73.23,106,26.77
1837,18,37,418,328,78.47,90,21.53
1838,18,38,325,240,73.85,85,26.15
1839,18,39,309,225,72.82,84,27.18
1840,18,40,391,302,77.24,89,22.76
1841,18,41,441,336,76.19,105,23.81
1842,18,42,325,231,71.08,94,28.92
1843,18,43,330,246,74.55,84,25.45
1844,18,44,339,248,73.16,91,26.84
1845,18,45,384,292,76.04,92,23.96
1846,18,46,440,310,70.45,130,29.55
1847,18,47,287,210,73.17,77,26.83
1848,18,48,277,195,70.4,82,29.6
1849,18,49,240,176,73.33,64,26.67
1850,18,50,251,188,74.9,63,25.1
1901,19,1,336,227,67.56,109,32.44
1902,19,2,502,389,77.49,113,22.51
1903,19,3,303,172,56.77,131,43.23
1904,19,4,441,272,61.68,169,38.32
1905,19,5,417,327,78.42,90,21.58
1906,19,6,416,262,62.98,154,37.02
1907,19,7,330,238,72.12,92,27.88
1908,19,8,408,247,60.54,161,39.46
1909,19,9,272,181,66.54,91,33.46
1910,19,10,489,400,81.8,89,18.2
1911,19,11,352,191,54.26,161,45.74
1912,19,12,297,172,57.91,125,42.09
1913,19,13,475,358,75.37,117,24.63
1914,19,14,407,326,80.1,81,19.9
1915,19,15,521,333,63.92,188,36.08
1916,19,16,372,223,59.95,149,40.05
1917,19,17,339,245,72.27,94,27.73
1918,19,18,374,321,85.83,53,14.17
1919,19,19,478,388,81.17,90,18.83
1920,19,20,321,266,82.87,55,17.13
1921,19,21,405,248,61.23,157,38.77
1922,19,22,411,331,80.54,80,19.46
1923,19,23,385,292,75.84,93,24.16
1924,19,24,293,180,61.43,113,38.57
1925,19,25,373,292,78.28,81,21.72
1926,19,26,359,300,83.57,59,16.43
1927,19,27,406,312,76.85,94,23.15
1928,19,28,464,369,79.53,95,20.47
1929,19,29,401,252,62.84,149,37.16
1930,19,30,382,232,60.73,150,39.27
1931,19,31,345,285,82.61,60,17.39
1932,19,32,355,240,67.61,115,32.39
1933,19,33,420,270,64.29,150,35.71
1934,19,34,337,267,79.23,70,20.77
1935,19,35,351,286,81.48,65,18.52
1936,19,36,542,420,77.49,122,22.51
1937,19,37,398,321,80.65,77,19.35
1938,19,38,355,268,75.49,87,24.51
1939,19,39,201,151,75.12,50,24.88
1940,19,40,420,330,78.57,90,21.43
1941,19,41,367,226,61.58,141,38.42
1942,19,42,307,238,77.52,69,22.48
1943,19,43,538,401,74.54,137,25.46
1944,19,44,428,255,59.58,173,40.42
1945,19,45,418,288,68.9,130,31.1
1946,19,46,353,257,72.8,96,27.2
1947,19,47,569,452,79.44,117,20.56
1948,19,48,461,344,74.62,117,25.38
1949,19,49,485,391,80.62,94,19.38
1950,19,50,346,238,68.79,108,31.21
1951,19,51,421,302,71.73,119,28.27
1952,19,52,482,291,60.37,191,39.63
1953,19,53,355,262,73.8,93,26.2
1954,19,54,296,168,56.76,128,43.24
1955,19,55,323,203,62.85,120,37.15
1956,19,56,419,350,83.53,69,16.47
1957,19,57,337,274,81.31,63,18.69
2001,20,1,387,299,77.26,88,22.74
2002,20,2,120,81,67.5,39,32.5
2003,20,3,342,250,73.1,92,26.9
2004,20,4,157,113,71.97,44,28.03
2005,20,5,389,277,71.21,112,28.79
2006,20,6,147,99,67.35,48,32.65
2007,20,7,430,323,75.12,107,24.88
2008,20,8,317,240,75.71,77,24.29
2009,20,9,495,382,77.17,113,22.83
2010,20,10,239,173,72.38,66,27.62
2011,20,11,458,325,70.96,133,29.04
2012,20,12,348,238,68.39,110,31.61
2013,20,13,310,220,70.97,90,29.03
2014,20,14,190,148,77.89,42,22.11
2015,20,15,359,256,71.31,103,28.69
2016,20,16,431,351,81.44,80,18.56
2017,20,17,239,159,66.53,80,33.47
2018,20,18,236,169,71.61,67,28.39
2019,20,19,380,276,72.63,104,27.37
2020,20,20,276,191,69.2,85,30.8
2021,20,21,288,190,65.97,98,34.03
2022,20,22,483,370,76.6,113,23.4
2023,20,23,210,166,79.05,44,20.95
2024,20,24,437,346,79.18,91,20.82
2025,20,25,225,151,67.11,74,32.89
2026,20,26,331,266,80.36,65,19.64
2027,20,27,172,127,73.84,45,26.16
2028,20,28,220,162,73.64,58,26.36
2029,20,29,237,171,72.15,66,27.85
2030,20,30,159,120,75.47,39,24.53
2031,20,31,397,292,73.55,105,26.45
2032,20,32,265,181,68.3,84,31.7
2033,20,33,222,165,74.32,57,25.68
2034,20,34,430,359,83.49,71,16.51
2035,20,35,262,171,65.27,91,34.73
2036,20,36,116,88,75.86,28,24.14
2037,20,37,113,77,68.14,36,31.86
2038,20,38,100,73,73.0,27,27.0
2039,20,39,26,18,69.23,8,30.77
2101,21,1,387,315,81.4,72,18.6
2102,21,2,236,158,66.95,78,33.05
2103,21,3,355,271,76.34,84,23.66
2104,21,4,301,243,80.73,58,19.27
2105,21,5,360,280,77.78,80,22.22
2106,21,6,286,225,78.67,61,21.33
2107,21,7,335,274,81.79,61,18.21
2108,21,8,359,271,75.49,88,24.51
2109,21,9,354,279,78.81,75,21.19
2110,21,10,281,211,75.09,70,24.91
2111,21,11,300,234,78.0,66,22.0
2112,21,12,297,228,76.77,69,23.23
2113,21,13,368,280,76.09,88,23.91
2114,21,14,384,298,77.6,86,22.4
2115,21,15,321,241,75.08,80,24.92
2116,21,16,301,212,70.43,89,29.57
2117,21,17,285,208,72.98,77,27.02
2118,21,18,310,239,77.1,71,22.9
2119,21,19,402,299,74.38,103,25.62
2120,21,20,306,240,78.43,66,21.57
2121,21,21,303,219,72.28,84,27.72
2122,21,22,314,255,81.21,59,18.79
2123,21,23,323,255,78.95,68,21.05
2124,21,24,369,294,79.67,75,20.33
2125,21,25,291,197,67.7,94,32.3
2126,21,26,357,257,71.99,100,28.01
2127,21,27,406,317,78.08,89,21.92
2128,21,28,423,305,72.1,118,27.9
2129,21,29,378,293,77.51,85,22.49
2130,21,30,292,204,69.86,88,30.14
2131,21,31,195,168,86.15,27,13.85
2132,21,32,255,205,80.39,50,19.61
2133,21,33,282,211,74.82,71,25.18
2134,21,34,328,237,72.26,91,27.74
2135,21,35,407,316,77.64,91,22.36
2136,21,36,337,244,72.4,93,27.6
2137,21,37,240,184,76.67,56,23.33
2138,21,38,351,254,72.36,97,27.64
2139,21,39,342,242,70.76,100,29.24
2140,21,40,316,229,72.47,87,27.53
2141,21,41,366,273,74.59,93,25.41
2142,21,42,370,271,73.24,99,26.76
2143,21,43,347,272,78.39,75,21.61
2144,21,44,368,264,71.74,104,28.26
2145,21,45,328,246,75.0,82,25.0
2146,21,46,359,285,79.39,74,20.61
2147,21,47,328,236,71.95,92,28.05
2148,21,48,352,275,78.13,77,21.88
2149,21,49,386,294,76.17,92,23.83
2150,21,50,266,192,72.18,74,27.82
2151,21,51,362,281,77.62,81,22.38
2152,21,52,335,235,70.15,100,29.85
2153,21,53,297,224,75.42,73,24.58
2154,21,54,269,212,78.81,57,21.19
2201,22,1,190,139,73.16,51,26.84
2202,22,2,439,308,70.16,131,29.84
2203,22,3,548,393,71.72,155,28.28
2204,22,4,293,211,72.01,82,27.99
2205,22,5,331,243,73.41,88,26.59
2206,22,6,324,239,73.77,85,26.23
2207,22,7,288,225,78.13,63,21.88
2208,22,8,490,394,80.41,96,19.59
2209,22,9,288,223,77.43,65,22.57
2210,22,10,452,332,73.45,120,26.55
2211,22,11,241,162,67.22,79,32.78
2212,22,12,272,180,66.18,92,33.82
2213,22,13,366,261,71.31,105,28.69
2214,22,14,288,210,72.92,78,27.08
2215,22,15,307,210,68.4,97,31.6
2216,22,16,288,215,74.65,73,25.35
2217,22,17,468,343,73.29,125,26.71
2218,22,18,324,231,71.3,93,28.7
2219,22,19,167,121,72.46,46,27.54
2220,22,20,381,279,73.23,102,26.77
2221,22,21,318,230,72.33,88,27.67
2222,22,22,344,248,72.09,96,27.91
2223,22,23,347,273,78.67,74,21.33
2224,22,24,420,335,79.76,85,20.24
2225,22,25,339,256,75.52,83,24.48
2301,23,1,327,216,66.06,111,33.94
2302,23,2,358,246,68.72,112,31.28
2303,23,3,310,204,65.81,106,34.19
2304,23,4,320,227,70.94,93,29.06
2305,23,5,363,280,77.13,83,22.87
2306,23,6,346,264,76.3,82,23.7
2307,23,7,355,255,71.83,100,28.17
2308,23,8,432,312,72.22,120,27.78
2309,23,9,347,257,74.06,90,25.94
2310,23,10,414,327,78.99,87,21.01
2311,23,11,415,316,76.14,99,23.86
2312,23,12,357,241,67.51,116,32.49
2313,23,13,341,251,73.61,90,26.39
2314,23,14,294,190,64.63,104,35.37
2315,23,15,321,241,75.08,80,24.92
2316,23,16,339,224,66.08,115,33.92
2317,23,17,290,203,70.0,87,30.0
2318,23,18,322,230,71.43,92,28.57
2319,23,19,312,219,70.19,93,29.81
2320,23,20,254,190,74.8,64,25.2
2321,23,21,297,193,64.98,104,35.02
2322,23,22,337,253,75.07,84,24.93
2323,23,23,328,221,67.38,107,32.62
2324,23,24,323,226,69.97,97,30.03
2325,23,25,318,228,71.7,90,28.3
2326,23,26,355,282,79.44,73,20.56
2327,23,27,295,204,69.15,91,30.85
2328,23,28,383,264,68.93,119,31.07
2329,23,29,295,201,68.14,94,31.86
2330,23,30,441,320,72.56,121,27.44
2331,23,31,306,231,75.49,75,24.51
2332,23,32,352,263,74.72,89,25.28
2333,23,33,404,306,75.74,98,24.26
2334,23,34,391,296,75.7,95,24.3
2335,23,35,249,165,66.27,84,33.73
2336,23,36,338,235,69.53,103,30.47
2337,23,37,370,235,63.51,135,36.49
2338,23,38,313,223,71.25,90,28.75
2339,23,39,391,302,77.24,89,22.76
2401,24,1,239,173,72.38,66,27.62
2402,24,2,284,199,70.07,85,29.93
2403,24,3,348,245,70.4,103,29.6
2404,24,4,238,172,72.27,66,27.73
2405,24,5,161,127,78.88,34,21.12
2406,24,6,322,229,71.12,93,28.88
2407,24,7,226,183,80.97,43,19.03
2408,24,8,132,97,73.48,35,26.52
2409,24,9,271,179,66.05,92,33.95
2410,24,10,141,92,65.25,49,34.75
2411,24,11,284,199,70.07,85,29.93
2412,24,12,187,122,65.24,65,34.76
2413,24,13,178,114,64.04,64,35.96
2414,24,14,226,162,71.68,64,28.32
2415,24,15,153,109,71.24,44,28.76
2416,24,16,857,501,58.46,356,41.54
2417,24,17,208,138,66.35,70,33.65
2418,24,18,244,185,75.82,59,24.18
2419,24,19,311,224,72.03,87,27.97
2420,24,20,254,193,75.98,61,24.02
2421,24,21,159,104,65.41,55,34.59
2422,24,22,336,246,73.21,90,26.79
2423,24,23,255,179,70.2,76,29.8
2424,24,24,329,220,66.87,109,33.13
2425,24,25,202,142,70.3,60,29.7
2426,24,26,417,335,80.34,82,19.66
2427,24,27,309,240,77.67,69,22.33
2428,24,28,179,136,75.98,43,24.02
2429,24,29,203,151,74.38,52,25.62
2430,24,30,179,131,73.18,48,26.82
2431,24,31,291,190,65.29,101,34.71
2432,24,32,143,107,74.83,36,25.17
2433,24,33,177,136,76.84,41,23.16
2434,24,34,272,194,71.32,78,28.68
2435,24,35,258,186,72.09,72,27.91
2436,24,36,336,238,70.83,98,29.17
2437,24,37,132,103,78.03,29,21.97
2438,24,38,240,176,73.33,64,26.67
2439,24,39,267,203,76.03,64,23.97
2440,24,40,326,224,68.71,102,31.29
2441,24,41,127,93,73.23,34,26.77
2501,25,1,359,286,79.67,73,20.33
2502,25,2,534,432,80.9,102,19.1
2503,25,3,711,619,87.06,92,12.94
2504,25,4,338,258,76.33,80,23.67
2505,25,5,438,326,74.43,112,25.57
2506,25,6,137,110,80.29,27,19.71
2507,25,7,437,352,80.55,85,19.45
2508,25,8,520,403,77.5,117,22.5
2509,25,9,437,350,80.09,87,19.91
2510,25,10,579,518,89.46,61,10.54
2511,25,11,498,398,79.92,100,20.08
2512,25,12,440,357,81.14,83,18.86
2513,25,13,510,405,79.41,105,20.59
2514,25,14,284,254,89.44,30,10.56
2515,25,15,379,285,75.2,94,24.8
2516,25,16,692,609,88.01,83,11.99
2517,25,17,442,366,82.81,76,17.19
2518,25,18,218,181,83.03,37,16.97
2519,25,19,458,357,77.95,101,22.05
2520,25,20,243,149,61.32,94,38.68
2521,25,21,842,752,89.31,90,10.69
2522,25,22,459,361,78.65,98,21.35
2523,25,23,510,404,79.22,106,20.78
2524,25,24,461,364,78.96,97,21.04
2525,25,25,379,305,80.47,74,19.53
2526,25,26,466,371,79.61,95,20.39
2527,25,27,559,473,84.62,86,15.38
2528,25,28,476,379,79.62,97,20.38
2529,25,29,332,252,75.9,80,24.1
2530,25,30,439,336,76.54,103,23.46
2531,25,31,803,685,85.31,118,14.69
2532,25,32,356,250,70.22,106,29.78
2601,26,1,367,315,85.83,52,14.17
2602,26,2,269,219,81.41,50,18.59
2603,26,3,417,375,89.93,42,10.07
2604,26,4,243,163,67.08,80,32.92
2605,26,5,312,237,75.96,75,24.04
2606,26,6,294,235,79.93,59,20.07
2607,26,7,330,284,86.06,46,13.94
2608,26,8,213,156,73.24,57,26.76
2609,26,9,289,232,80.28,57,19.72
2610,26,10,344,264,76.74,80,23.26
2611,26,11,323,232,71.83,91,28.17
2612,26,12,342,285,83.33,57,16.67
2613,26,13,186,148,79.57,38,20.43
2614,26,14,274,218,79.56,56,20.44
2615,26,15,215,161,74.88,54,25.12
2616,26,16,183,133,72.68,50,27.32
2617,26,17,309,256,82.85,53,17.15
2618,26,18,252,189,75.0,63,25.0
2619,26,19,204,143,70.1,61,29.9
2620,26,20,288,243,84.38,45,15.63
2621,26,21,415,337,81.2,78,18.8
2622,26,22,182,133,73.08,49,26.92
2623,26,23,240,184,76.67,56,23.33
2624,26,24,271,216,79.7,55,20.3
2625,26,25,244,200,81.97,44,18.03
2626,26,26,248,193,77.82,55,22.18
2627,26,27,367,297,80.93,70,19.07
2628,26,28,440,374,85.0,66,15.0
2629,26,29,177,142,80.23,35,19.77
2630,26,30,270,223,82.59,47,17.41
2631,26,31,154,116,75.32,38,24.68
2632,26,32,398,323,81.16,75,18.84
2633,26,33,372,312,83.87,60,16.13
2634,26,34,348,289,83.05,59,16.95
2635,26,35,272,215,79.04,57,20.96
2636,26,36,332,276,83.13,56,16.87
2637,26,37,350,302,86.29,48,13.71
2638,26,38,167,118,70.66,49,29.34
2639,26,39,389,326,83.8,63,16.2
2640,26,40,198,152,76.77,46,23.23
2641,26,41,386,324,83.94,62,16.06
2642,26,42,272,222,81.62,50,18.38
2643,26,43,220,170,77.27,50,22.73
2644,26,44,182,133,73.08,49,26.92
2645,26,45,174,123,70.69,51,29.31
2646,26,46,243,190,78.19,53,21.81
2647,26,47,240,194,80.83,46,19.17
2648,26,48,347,283,81.56,64,18.44
2649,26,49,211,161,76.3,50,23.7
2701,27,1,873,758,86.83,115,13.17
2702,27,2,407,332,81.57,75,18.43
2703,27,3,168,138,82.14,30,17.86
2704,27,4,203,156,76.85,47,23.15
2705,27,5,298,214,71.81,84,28.19
2706,27,6,447,364,81.43,83,18.57
2707,27,7,566,498,87.99,68,12.01
2708,27,8,316,239,75.63,77,24.37
2709,27,9,177,149,84.18,28,15.82
2710,27,10,259,212,81.85,47,18.15
2711,27,11,449,397,88.42,52,11.58
2712,27,12,296,265,89.53,31,10.47
2713,27,13,527,427,81.02,100,18.98
2714,27,14,192,128,66.67,64,33.33
2715,27,15,176,114,64.77,62,35.23
2716,27,16,454,381,83.92,73,16.08
2717,27,17,395,296,74.94,99,25.06
2718,27,18,240,166,69.17,74,30.83
2719,27,19,178,133,74.72,45,25.28
2720,27,20,272,181,66.54,91,33.46
2721,27,21,356,300,84.27,56,15.73
2722,27,22,154,105,68.18,49,31.82
2723,27,23,216,160,74.07,56,25.93
2724,27,24,252,187,74.21,65,25.79
2725,27,25,344,267,77.62,77,22.38
2726,27,26,245,190,77.55,55,22.45
2727,27,27,492,381,77.44,111,22.56
2728,27,28,504,419,83.13,85,16.87
2729,27,29,252,184,73.02,68,26.98
2730,27,30,171,125,73.1,46,26.9
2731,27,31,272,191,70.22,81,29.78
2732,27,32,358,281,78.49,77,21.51
2733,27,33,541,443,81.89,98,18.11
2734,27,34,192,138,71.88,54,28.13
2735,27,35,509,441,86.64,68,13.36
2736,27,36,267,206,77.15,61,22.85
2737,27,37,336,280,83.33,56,16.67
2738,27,38,507,416,82.05,91,17.95
2739,27,39,258,185,71.71,73,28.29
2740,27,40,530,434,81.89,96,18.11
2741,27,41,248,191,77.02,57,22.98
2742,27,42,252,219,86.9,33,13.1
2743,27,43,308,237,76.95,71,23.05
2744,27,44,269,182,67.66,87,32.34
2745,27,45,1091,962,88.18,129,11.82
2746,27,46,337,305,90.5,32,9.5
2747,27,47,229,192,83.84,37,16.16
2748,27,48,675,533,78.96,142,21.04
2749,27,49,262,208,79.39,54,20.61
2750,27,50,311,230,73.95,81,26.05
2801,28,1,208,146,70.19,62,29.81
2802,28,2,241,187,77.59,54,22.41
2803,28,3,214,157,73.36,57,26.64
2804,28,4,279,239,85.66,40,14.34
2805,28,5,177,153,86.44,24,13.56
2806,28,6,166,141,84.94,25,15.06
2807,28,7,262,203,77.48,59,22.52
2808,28,8,484,415,85.74,69,14.26
2809,28,9,284,212,74.65,72,25.35
2810,28,10,373,304,81.5,69,18.5
2811,28,11,688,538,78.2,150,21.8
2812,28,12,257,205,79.77,52,20.23
2813,28,13,271,201,74.17,70,25.83
2814,28,14,273,196,71.79,77,28.21
2815,28,15,53,44,83.02,9,16.98
2816,28,16,181,131,72.38,50,27.62
2817,28,17,240,177,73.75,63,26.25
2818,28,18,235,161,68.51,74,31.49
2819,28,19,280,218,77.86,62,22.14
2820,28,20,232,174,75.0,58,25.0
2821,28,21,247,176,71.26,71,28.74
2822,28,22,259,209,80.69,50,19.31
2823,28,23,327,234,71.56,93,28.44
2824,28,24,246,158,64.23,88,35.77
2825,28,25,424,319,75.24,105,24.76
2826,28,26,251,170,67.73,81,32.27
2827,28,27,311,267,85.85,44,14.15
2828,28,28,397,342,86.15,55,13.85
2829,28,29,149,109,73.15,40,26.85
2830,28,30,44,35,79.55,9,20.45
2831,28,31,302,226,74.83,76,25.17
2832,28,32,271,196,72.32,75,27.68
2833,28,33,298,218,73.15,80,26.85
2834,28,34,500,351,70.2,149,29.8
2835,28,35,298,216,72.48,82,27.52
2836,28,36,130,99,76.15,31,23.85
2837,28,37,316,232,73.42,84,26.58
2838,28,38,111,87,78.38,24,21.62
2839,28,39,212,150,70.75,62,29.25
2840,28,40,354,276,77.97,78,22.03
2841,28,41,181,128,70.72,53,29.28
2842,28,42,286,205,71.68,81,28.32
2843,28,43,329,250,75.99,79,24.01
2844,28,44,218,155,71.1,63,28.9
2845,28,45,456,388,85.09,68,14.91
2846,28,46,571,451,78.98,120,21.02
2901,29,1,521,408,78.31,113,21.69
2902,29,2,435,326,74.94,109,25.06
2903,29,3,299,215,71.91,84,28.09
2904,29,4,423,318,75.18,105,24.82
2905,29,5,268,196,73.13,72,26.87
2906,29,6,262,198,75.57,64,24.43
2907,29,7,386,297,76.94,89,23.06
2908,29,8,342,251,73.39,91,26.61
2909,29,9,419,334,79.71,85,20.29
2910,29,10,483,399,82.61,84,17.39
2911,29,11,191,148,77.49,43,22.51
2912,29,12,450,346,76.89,104,23.11
2913,29,13,335,248,74.03,87,25.97
2914,29,14,311,230,73.95,81,26.05
2915,29,15,409,315,77.02,94,22.98
2916,29,16,347,258,74.35,89,25.65
2917,29,17,357,296,82.91,61,17.09
2918,29,18,330,253,76.67,77,23.33
2919,29,19,349,259,74.21,90,25.79
2920,29,20,382,289,75.65,93,24.35
2921,29,21,449,318,70.82,131,29.18
2922,29,22,267,188,70.41,79,29.59
2923,29,23,441,333,75.51,108,24.49
2924,29,24,354,278,78.53,76,21.47
2925,29,25,425,333,78.35,92,21.65
2926,29,26,337,270,80.12,67,19.88
2927,29,27,338,243,71.89,95,28.11
2928,29,28,420,322,76.67,98,23.33
2929,29,29,434,311,71.66,123,28.34
2930,29,30,501,392,78.24,109,21.76
2931,29,31,392,273,69.64,119,30.36
2932,29,32,398,283,71.11,115,28.89
2933,29,33,245,189,77.14,56,22.86
2934,29,34,258,177,68.6,81,31.4
2935,29,35,281,188,66.9,93,33.1
2936,29,36,327,248,75.84,79,24.16
2937,29,37,344,238,69.19,106,30.81
2938,29,38,473,355,75.05,118,24.95
2939,29,39,405,302,74.57,103,25.43
2940,29,40,402,308,76.62,94,23.38
2941,29,41,310,226,72.9,84,27.1
2942,29,42,388,291,75.0,97,25.0
2943,29,43,463,359,77.54,104,22.46
2944,29,44,386,284,73.58,102,26.42
3001,30,1,455,362,79.56,93,20.44
3002,30,2,406,307,75.62,99,24.38
3003,30,3,351,289,82.34,62,17.66
3004,30,4,407,299,73.46,108,26.54
3005,30,5,329,248,75.38,81,24.62
3006,30,6,285,213,74.74,72,25.26
3007,30,7,456,343,75.22,113,24.78
3008,30,8,511,406,79.45,105,20.55
3009,30,9,344,272,79.07,72,20.93
3010,30,10,390,293,75.13,97,24.87
3011,30,11,422,306,72.51,116,27.49
3012,30,12,372,277,74.46,95,25.54
3013,30,13,415,317,76.39,98,23.61
3014,30,14,303,221,72.94,82,27.06
3015,30,15,366,318,86.89,48,13.11
3016,30,16,223,162,72.65,61,27.35
3017,30,17,428,343,80.14,85,19.86
3018,30,18,522,439,84.1,83,15.9
3019,30,19,441,324,73.47,117,26.53
3020,30,20,437,334,76.43,103,23.57
3021,30,21,283,217,76.68,66,23.32
3022,30,22,617,505,81.85,112,18.15
3023,30,23,534,423,79.21,111,20.79
3024,30,24,601,478,79.53,123,20.47
3025,30,25,614,494,80.46,120,19.54
3026,30,26,258,195,75.58,63,24.42
3027,30,27,300,231,77.0,69,23.0
3028,30,28,435,365,83.91,70,16.09
3029,30,29,292,210,71.92,82,28.08
3030,30,30,176,128,72.73,48,27.27
3031,30,31,261,194,74.33,67,25.67
3032,30,32,341,291,85.34,50,14.66
3101,31,1,267,200,74.91,67,25.09
3102,31,2,253,190,75.1,63,24.9
3103,31,3,265,209,78.87,56,21.13
3104,31,4,361,303,83.93,58,16.07
3105,31,5,308,240,77.92,68,22.08
3106,31,6,193,154,79.79,39,20.21
3107,31,7,402,345,85.82,57,14.18
3108,31,8,270,207,76.67,63,23.33
3109,31,9,312,242,77.56,70,22.44
3110,31,10,335,269,80.3,66,19.7
3111,31,11,217,166,76.5,51,23.5
3112,31,12,236,181,76.69,55,23.31
3113,31,13,305,233,76.39,72,23.61
3114,31,14,271,210,77.49,61,22.51
3115,31,15,285,209,73.33,76,26.67
3116,31,16,337,281,83.38,56,16.62
3117,31,17,256,201,78.52,55,21.48
3118,31,18,268,203,75.75,65,24.25
3119,31,19,257,185,71.98,72,28.02
3120,31,20,242,171,70.66,71,29.34
3121,31,21,254,197,77.56,57,22.44
3122,31,22,243,188,77.37,55,22.63
3123,31,23,313,259,82.75,54,17.25
3124,31,24,289,230,79.58,59,20.42
3125,31,25,294,216,73.47,78,26.53
3126,31,26,282,218,77.3,64,22.7
3127,31,27,302,222,73.51,80,26.49
3128,31,28,271,201,74.17,70,25.83
3129,31,29,274,208,75.91,66,24.09
3130,31,30,240,187,77.92,53,22.08
3131,31,31,238,170,71.43,68,28.57
3132,31,32,227,169,74.45,58,25.55
3133,31,33,269,211,78.44,58,21.56
3134,31,34,284,210,73.94,74,26.06
3135,31,35,335,243,72.54,92,27.46
3136,31,36,279,224,80.29,55,19.71
3137,31,37,268,205,76.49,63,23.51
3138,31,38,254,194,76.38,60,23.62
3139,31,39,314,261,83.12,53,16.88
3140,31,40,324,233,71.91,91,28.09
3141,31,41,267,206,77.15,61,22.85
3201,32,1,641,538,83.93,103,16.07
3202,32,2,570,494,86.67,76,13.33
3203,32,3,540,469,86.85,71,13.15
3204,32,4,446,400,89.69,46,10.31
3205,32,5,538,482,89.59,56,10.41
3206,32,6,605,550,90.91,55,9.09
3207,32,7,583,514,88.16,69,11.84
3208,32,8,627,559,89.15,68,10.85
3209,32,9,515,443,86.02,72,13.98
3210,32,10,564,477,84.57,87,15.43
3211,32,11,451,403,89.36,48,10.64
3212,32,12,341,297,87.1,44,12.9
3213,32,13,552,477,86.41,75,13.59
3214,32,14,542,492,90.77,50,9.23
3215,32,15,483,415,85.92,68,14.08
3216,32,16,479,420,87.68,59,12.32
3217,32,17,492,430,87.4,62,12.6
3218,32,18,492,426,86.59,66,13.41
3219,32,19,479,414,86.43,65,13.57
3220,32,20,480,431,89.79,49,10.21
3221,32,21,510,447,87.65,63,12.35
3222,32,22,631,558,88.43,73,11.57
3223,32,23,538,474,88.1,64,11.9
3224,32,24,438,380,86.76,58,13.24
3225,32,25,500,440,88.0,60,12.0
3226,32,26,522,465,89.08,57,10.92
3227,32,27,514,445,86.58,69,13.42
3228,32,28,529,459,86.77,70,13.23
3229,32,29,531,457,86.06,74,13.94
3230,32,30,495,439,88.69,56,11.31
3231,32,31,544,475,87.32,69,12.68
3232,32,32,597,543,90.95,54,9.05
3233,32,33,453,412,90.95,41,9.05
3234,32,34,568,504,88.73,64,11.27
3235,32,35,483,421,87.16,62,12.84
3236,32,36,525,477,90.86,48,9.14
3237,32,37,591,504,85.28,87,14.72
3238,32,38,493,424,86.0,69,14.0
3239,32,39,567,493,86.95,74,13.05
3240,32,40,517,449,86.85,68,13.15
3241,32,41,533,456,85.55,77,14.45
3242,32,42,477,414,86.79,63,13.21
3243,32,43,463,408,88.12,55,11.88
3301,33,1,561,469,83.6,92,16.4
3302,33,2,690,560,81.16,130,18.84
3303,33,3,743,635,85.46,108,14.54
3304,33,4,702,588,83.76,114,16.24
3305,33,5,505,417,82.57,88,17.43
3306,33,6,478,390,81.59,88,18.41
3307,33,7,564,460,81.56,104,18.44
3308,33,8,662,584,88.22,78,11.78
3309,33,9,591,492,83.25,99,16.75
3310,33,10,452,381,84.29,71,15.71
3311,33,11,541,445,82.26,96,17.74
3312,33,12,545,457,83.85,88,16.15
3313,33,13,520,435,83.65,85,16.35
3314,33,14,255,214,83.92,41,16.08
3315,33,15,556,469,84.35,87,15.65
3316,33,16,722,588,81.44,134,18.56
3317,33,17,553,446,80.65,107,19.35
3318,33,18,753,634,84.2,119,15.8
3319,33,19,635,525,82.68,110,17.32
3320,33,20,678,586,86.43,92,13.57
3321,33,21,589,481,81.66,108,18.34
3322,33,22,500,399,79.8,101,20.2
3323,33,23,609,509,83.58,100,16.42
3324,33,24,668,599,89.67,69,10.33
3325,33,25,648,543,83.8,105,16.2
3326,33,26,392,333,84.95,59,15.05
3327,33,27,629,517,82.19,112,17.81
3328,33,28,501,421,84.03,80,15.97
3401,34,1,402,312,77.61,90,22.39
3402,34,2,309,258,83.5,51,16.5
3403,34,3,358,265,74.02,93,25.98
3404,34,4,275,223,81.09,52,18.91
3405,34,5,304,246,80.92,58,19.08
3406,34,6,401,309,77.06,92,22.94
3407,34,7,376,296,78.72,80,21.28
3408,34,8,305,232,76.07,73,23.93
3409,34,9,235,172,73.19,63,26.81
3410,34,10,302,239,79.14,63,20.86
3411,34,11,308,224,72.73,84,27.27
3412,34,12,377,297,78.78,80,21.22
3413,34,13,371,288,77.63,83,22.37
3414,34,14,278,222,79.86,56,20.14
3415,34,15,324,244,75.31,80,24.69
3416,34,16,323,246,76.16,77,23.84
3417,34,17,435,346,79.54,89,20.46
3418,34,18,211,157,74.41,54,25.59
3419,34,19,381,298,78.22,83,21.78
3420,34,20,407,326,80.1,81,19.9
3421,34,21,419,323,77.09,96,22.91
3422,34,22,358,285,79.61,73,20.39
3423,34,23,306,236,77.12,70,22.88
3424,34,24,304,228,75.0,76,25.0
3425,34,25,534,406,76.03,128,23.97
3426,34,26,418,319,76.32,99,23.68
3427,34,27,285,209,73.33,76,26.67
3428,34,28,222,164,73.87,58,26.13
3429,34,29,281,205,72.95,76,27.05
3430,34,30,335,279,83.28,56,16.72
3431,34,31,274,223,81.39,51,18.61
3432,34,32,354,272,76.84,82,23.16
3433,34,33,294,220,74.83,74,25.17
3434,34,34,410,332,80.98,78,19.02
3435,34,35,444,330,74.32,114,25.68
3436,34,36,306,235,76.8,71,23.2
3437,34,37,207,152,73.43,55,26.57
3438,34,38,181,128,70.72,53,29.28
3439,34,39,266,190,71.43,76,28.57
3440,34,40,382,288,75.39,94,24.61
3441,34,41,217,147,67.74,70,32.26
3442,34,42,356,284,79.78,72,20.22
3443,34,43,325,266,81.85,59,18.15
3444,34,44,301,245,81.4,56,18.6
3445,34,45,353,274,77.62,79,22.38
3446,34,46,239,192,80.33,47,19.67
3447,34,47,318,259,81.45,59,18.55
3448,34,48,360,299,83.06,61,16.94
3449,34,49,325,270,83.08,55,16.92
3450,34,50,285,218,76.49,67,23.51
3451,34,51,411,319,77.62,92,22.38
3452,34,52,283,240,84.81,43,15.19
3453,34,53,248,193,77.82,55,22.18
3501,35,1,457,371,81.18,86,18.82
3502,35,2,469,404,86.14,65,13.86
3503,35,3,420,335,79.76,85,20.24
3504,35,4,469,385,82.09,84,17.91
3505,35,5,386,322,83.42,64,16.58
3506,35,6,485,408,84.12,77,15.88
3507,35,7,462,386,83.55,76,16.45
3508,35,8,461,393,85.25,68,14.75
3509,35,9,398,295,74.12,103,25.88
3510,35,10,525,474,90.29,51,9.71
3511,35,11,513,419,81.68,94,18.32
3512,35,12,309,225,72.82,84,27.18
3513,35,13,324,250,77.16,74,22.84
3514,35,14,368,289,78.53,79,21.47
3515,35,15,556,475,85.43,81,14.57
3516,35,16,247,188,76.11,59,23.89
3517,35,17,458,394,86.03,64,13.97
3518,35,18,315,255,80.95,60,19.05
3519,35,19,282,220,78.01,62,21.99
3520,35,20,467,378,80.94,89,19.06
3521,35,21,466,380,81.55,86,18.45
3522,35,22,579,483,83.42,96,16.58
3523,35,23,469,382,81.45,87,18.55
3524,35,24,417,334,80.1,83,19.9
3525,35,25,471,407,86.41,64,13.59
3526,35,26,406,326,80.3,80,19.7
3527,35,27,411,343,83.45,68,16.55
3528,35,28,455,381,83.74,74,16.26
3529,35,29,438,354,80.82,84,19.18
3530,35,30,423,329,77.78,94,22.22
3531,35,31,493,407,82.56,86,17.44
3601,36,1,383,290,75.72,93,24.28
3602,36,2,371,270,72.78,101,27.22
3603,36,3,346,252,72.83,94,27.17
3604,36,4,432,327,75.69,105,24.31
3605,36,5,348,254,72.99,94,27.01
3606,36,6,341,248,72.73,93,27.27
3607,36,7,381,273,71.65,108,28.35
3608,36,8,317,230,72.56,87,27.44
3609,36,9,382,274,71.73,108,28.27
3610,36,10,494,376,76.11,118,23.89
3611,36,11,272,191,70.22,81,29.78
3612,36,12,240,182,75.83,58,24.17
3613,36,13,272,201,73.9,71,26.1
3614,36,14,424,317,74.76,107,25.24
3615,36,15,380,307,80.79,73,19.21
3616,36,16,380,290,76.32,90,23.68
3617,36,17,462,348,75.32,114,24.68
3618,36,18,403,305,75.68,98,24.32
3619,36,19,486,357,73.46,129,26.54
3620,36,20,441,337,76.42,104,23.58
3621,36,21,346,236,68.21,110,31.79
3622,36,22,357,251,70.31,106,29.69
3623,36,23,347,237,68.3,110,31.7
3624,36,24,458,339,74.02,119,25.98
3625,36,25,407,300,73.71,107,26.29
3626,36,26,355,265,74.65,90,25.35
3627,36,27,326,255,78.22,71,21.78
3628,36,28,339,249,73.45,90,26.55
3629,36,29,418,307,73.44,111,26.56
3630,36,30,364,266,73.08,98,26.92
3701,37,1,199,148,74.37,51,25.63
3702,37,2,295,214,72.54,81,27.46
3703,37,3,227,143,63.0,84,37.0
3704,37,4,263,177,67.3,86,32.7
3705,37,5,321,244,76.01,77,23.99
3706,37,6,214,163,76.17,51,23.83
3707,37,7,248,199,80.24,49,19.76
3708,37,8,229,182,79.48,47,20.52
3709,37,9,303,223,73.6,80,26.4
3710,37,10,392,294,75.0,98,25.0
3711,37,11,205,144,70.24,61,29.76
3712,37,12,295,204,69.15,91,30.85
3713,37,13,237,184,77.64,53,22.36
3714,37,14,366,275,75.14,91,24.86
3715,37,15,330,254,76.97,76,23.03
3716,37,16,350,252,72.0,98,28.0
3717,37,17,231,174,75.32,57,24.68
3718,37,18,265,193,72.83,72,27.17
3719,37,19,231,162,70.13,69,29.87
3720,37,20,281,209,74.38,72,25.62
3721,37,21,243,178,73.25,65,26.75
3722,37,22,282,205,72.7,77,27.3
3723,37,23,302,229,75.83,73,24.17
3724,37,24,294,218,74.15,76,25.85
3725,37,25,266,192,72.18,74,27.82
3726,37,26,421,311,73.87,110,26.13
3727,37,27,313,244,77.96,69,22.04
3728,37,28,273,205,75.09,68,24.91
3729,37,29,270,202,74.81,68,25.19
3730,37,30,280,204,72.86,76,27.14
3731,37,31,364,272,74.73,92,25.27
3732,37,32,280,210,75.0,70,25.0
3733,37,33,235,173,73.62,62,26.38
3734,37,34,274,193,70.44,81,29.56
3735,37,35,322,243,75.47,79,24.53
3736,37,36,218,162,74.31,56,25.69
3737,37,37,321,241,75.08,80,24.92
3738,37,38,330,240,72.73,90,27.27
3739,37,39,262,185,70.61,77,29.39
3740,37,40,321,241,75.08,80,24.92
3741,37,41,302,232,76.82,70,23.18
3801,38,1,375,298,79.47,77,20.53
3802,38,2,371,252,67.92,119,32.08
3803,38,3,393,273,69.47,120,30.53
3804,38,4,358,247,68.99,111,31.01
3805,38,5,360,250,69.44,110,30.56
3806,38,6,384,260,67.71,124,32.29
3807,38,7,365,255,69.86,110,30.14
3808,38,8,377,266,70.56,111,29.44
3809,38,9,466,333,71.46,133,28.54
3810,38,10,352,256,72.73,96,27.27
3811,38,11,351,288,82.05,63,17.95
3812,38,12,352,242,68.75,110,31.25
3813,38,13,441,327,74.15,114,25.85
3814,38,14,421,307,72.92,114,27.08
3815,38,15,360,276,76.67,84,23.33
3816,38,16,382,261,68.32,121,31.68
3817,38,17,463,317,68.47,146,31.53
3818,38,18,403,308,76.43,95,23.57
3819,38,19,421,328,77.91,93,22.09
3820,38,20,396,277,69.95,119,30.05
3821,38,21,394,307,77.92,87,22.08
3822,38,22,362,295,81.49,67,18.51
3823,38,23,409,303,74.08,106,25.92
3824,38,24,377,263,69.76,114,30.24
3825,38,25,372,278,74.73,94,25.27
3826,38,26,398,309,77.64,89,22.36
3827,38,27,383,257,67.1,126,32.9
3828,38,28,482,325,67.43,157,32.57
3829,38,29,408,290,71.08,118,28.92
3830,38,30,390,270,69.23,120,30.77
3831,38,31,411,332,80.78,79,19.22
3832,38,32,378,298,78.84,80,21.16
3833,38,33,336,264,78.57,72,21.43
3834,38,34,361,284,78.67,77,21.33
3835,38,35,369,291,78.86,78,21.14
3836,38,36,371,293,78.98,78,21.02
3837,38,37,383,257,67.1,126,32.9
3838,38,38,391,287,73.4,104,26.6
3839,38,39,426,326,76.53,100,23.47
3840,38,40,404,302,74.75,102,25.25
3841,38,41,354,291,82.2,63,17.8
3901,39,1,380,286,75.26,94,24.74
3902,39,2,252,219,86.9,33,13.1
3903,39,3,466,389,83.48,77,16.52
3904,39,4,393,295,75.06,98,24.94
3905,39,5,421,343,81.47,78,18.53
3906,39,6,435,327,75.17,108,24.83
3907,39,7,376,313,83.24,63,16.76
3908,39,8,418,345,82.54,73,17.46
3909,39,9,373,305,81.77,68,18.23
3910,39,10,196,171,87.24,25,12.76
3911,39,11,389,307,78.92,82,21.08
3912,39,12,564,456,80.85,108,19.15
3913,39,13,330,265,80.3,65,19.7
3914,39,14,418,328,78.47,90,21.53
3915,39,15,470,363,77.23,107,22.77
3916,39,16,373,289,77.48,84,22.52
3917,39,17,412,339,82.28,73,17.72
3918,39,18,406,345,84.98,61,15.02
3919,39,19,396,323,81.57,73,18.43
3920,39,20,516,376,72.87,140,27.13
3921,39,21,411,284,69.1,127,30.9
3922,39,22,410,344,83.9,66,16.1
3923,39,23,410,309,75.37,101,24.63
3924,39,24,503,368,73.16,135,26.84
3925,39,25,348,299,85.92,49,14.08
3926,39,26,365,275,75.34,90,24.66
3927,39,27,59,48,81.36,11,18.64
3928,39,28,521,438,84.07,83,15.93
3929,39,29,218,184,84.4,34,15.6
3930,39,30,518,452,87.26,66,12.74
3931,39,31,365,291,79.73,74,20.27
3932,39,32,298,229,76.85,69,23.15
3933,39,33,420,356,84.76,64,15.24
3934,39,34,482,384,79.67,98,20.33
3935,39,35,406,340,83.74,66,16.26
3936,39,36,101,86,85.15,15,14.85
3937,39,37,369,309,83.74,60,16.26
3938,39,38,206,172,83.5,34,16.5
3939,39,39,254,203,79.92,51,20.08
3940,39,40,409,314,76.77,95,23.23
3941,39,41,417,339,81.29,78,18.71
3942,39,42,430,350,81.4,80,18.6
3943,39,43,419,307,73.27,112,26.73
3944,39,44,323,247,76.47,76,23.53
3945,39,45,354,268,75.71,86,24.29
4001,40,1,413,335,81.11,78,18.89
4002,40,2,477,398,83.44,79,16.56
4003,40,3,597,525,87.94,72,12.06
4004,40,4,286,247,86.36,39,13.64
4005,40,5,533,464,87.05,69,12.95
4006,40,6,558,507,90.86,51,9.14
4007,40,7,453,403,88.96,50,11.04
4008,40,8,631,570,90.33,61,9.67
4009,40,9,366,301,82.24,65,17.76
4010,40,10,524,412,78.63,112,21.37
4011,40,11,481,423,87.94,58,12.06
4012,40,12,398,358,89.95,40,10.05
4013,40,13,698,629,90.11,69,9.89
4014,40,14,430,337,78.37,93,21.63
4015,40,15,443,368,83.07,75,16.93
4016,40,16,629,550,87.44,79,12.56
4017,40,17,389,336,86.38,53,13.62
4018,40,18,381,306,80.31,75,19.69
4019,40,19,571,449,78.63,122,21.37
4020,40,20,485,404,83.3,81,16.7
4021,40,21,549,491,89.44,58,10.56
4022,40,22,585,527,90.09,58,9.91
4023,40,23,580,520,89.66,60,10.34
4024,40,24,435,355,81.61,80,18.39
4025,40,25,566,487,86.04,79,13.96
4026,40,26,502,452,90.04,50,9.96
4027,40,27,579,506,87.39,73,12.61
4028,40,28,515,433,84.08,82,15.92
4029,40,29,487,389,79.88,98,20.12
4030,40,30,384,320,83.33,64,16.67
4031,40,31,536,487,90.86,49,9.14
4032,40,32,531,465,87.57,66,12.43
4033,40,33,470,419,89.15,51,10.85
4034,40,34,400,338,84.5,62,15.5
4035,40,35,326,270,82.82,56,17.18
4036,40,36,403,353,87.59,50,12.41
4037,40,37,496,428,86.29,68,13.71
4038,40,38,595,530,89.08,65,10.92
4039,40,39,191,152,79.58,39,20.42
4101,41,1,418,258,61.72,160,38.28
4102,41,2,457,297,64.99,160,35.01
4103,41,3,417,296,70.98,121,29.02
4104,41,4,407,306,75.18,101,24.82
4105,41,5,500,367,73.4,133,26.6
4106,41,6,486,377,77.57,109,22.43
4107,41,7,436,298,68.35,138,31.65
4108,41,8,428,290,67.76,138,32.24
4109,41,9,370,265,71.62,105,28.38
4110,41,10,422,308,72.99,114,27.01
4111,41,11,453,279,61.59,174,38.41
4112,41,12,458,327,71.4,131,28.6
4113,41,13,468,321,68.59,147,31.41
4114,41,14,449,341,75.95,108,24.05
4115,41,15,515,387,75.15,128,24.85
4116,41,16,414,290,70.05,124,29.95
4117,41,17,369,258,69.92,111,30.08
4118,41,18,380,253,66.58,127,33.42
4119,41,19,437,353,80.78,84,19.22
4120,41,20,317,221,69.72,96,30.28
4121,41,21,459,329,71.68,130,28.32
4122,41,22,483,334,69.15,149,30.85
4123,41,23,394,263,66.75,131,33.25
4124,41,24,402,257,63.93,145,36.07
4125,41,25,387,270,69.77,117,30.23
4126,41,26,395,275,69.62,120,30.38
4127,41,27,366,239,65.3,127,34.7
4128,41,28,402,289,71.89,113,28.11
4129,41,29,335,238,71.04,97,28.96
4130,41,30,370,271,73.24,99,26.76
4131,41,31,379,287,75.73,92,24.27
4132,41,32,374,264,70.59,110,29.41
4133,41,33,397,269,67.76,128,32.24
4134,41,34,388,260,67.01,128,32.99
4135,41,35,476,318,66.81,158,33.19
4136,41,36,425,290,68.24,135,31.76
4137,41,37,474,369,77.85,105,22.15
4138,41,38,412,292,70.87,120,29.13
4139,41,39,423,282,66.67,141,33.33
4140,41,40,462,288,62.34,174,37.66
4141,41,41,444,317,71.4,127,28.6
4142,41,42,416,291,69.95,125,30.05
4143,41,43,400,273,68.25,127,31.75
4144,41,44,427,279,65.34,148,34.66
4145,41,45,421,293,69.6,128,30.4
4146,41,46,412,286,69.42,126,30.58
4147,41,47,408,287,70.34,121,29.66
4201,42,1,405,356,87.9,49,12.1
4202,42,2,588,514,87.41,74,12.59
4203,42,3,510,442,86.67,68,13.33
4204,42,4,1124,975,86.74,149,13.26
4205,42,5,386,343,88.86,43,11.14
4206,42,6,457,393,86.0,64,14.0
4207,42,7,567,489,86.24,78,13.76
4208,42,8,372,308,82.8,64,17.2
4209,42,9,667,555,83.21,112,16.79
4210,42,10,699,591,84.55,108,15.45
4211,42,11,316,272,86.08,44,13.92
4212,42,12,379,335,88.39,44,11.61
4213,42,13,382,325,85.08,57,14.92
4214,42,14,666,583,87.54,83,12.46
4215,42,15,648,549,84.72,99,15.28
4216,42,16,488,414,84.84,74,15.16
4217,42,17,772,658,85.23,114,14.77
4218,42,18,644,558,86.65,86,13.35
4219,42,19,596,507,85.07,89,14.93
4220,42,20,583,489,83.88,94,16.12
4221,42,21,616,559,90.75,57,9.25
4222,42,22,274,238,86.86,36,13.14
4223,42,23,495,414,83.64,81,16.36
4224,42,24,424,370,87.26,54,12.74
4225,42,25,561,451,80.39,110,19.61
4226,42,26,774,674,87.08,100,12.92
4227,42,27,334,267,79.94,67,20.06
4228,42,28,527,438,83.11,89,16.89
4229,42,29,589,501,85.06,88,14.94
4230,42,30,370,318,85.95,52,14.05
4231,42,31,562,476,84.7,86,15.3
4232,42,32,597,504,84.42,93,15.58
4233,42,33,563,471,83.66,92,16.34
4234,42,34,370,310,83.78,60,16.22
4235,42,35,597,510,85.43,87,14.57
4236,42,36,891,751,84.29,140,15.71
4237,42,37,374,319,85.29,55,14.71
4238,42,38,483,416,86.13,67,13.87
4239,42,39,871,763,87.6,108,12.4
4240,42,40,726,636,87.6,90,12.4
4241,42,41,518,447,86.29,71,13.71
4242,42,42,878,785,89.41,93,10.59
4301,43,1,244,210,86.07,34,13.93
4302,43,2,517,461,89.17,56,10.83
4303,43,3,451,392,86.92,59,13.08
4304,43,4,554,493,88.99,61,11.01
4305,43,5,444,395,88.96,49,11.04
4306,43,6,382,335,87.7,47,12.3
4307,43,7,280,252,90.0,28,10.0
4308,43,8,369,328,88.89,41,11.11
4309,43,9,466,400,85.84,66,14.16
4310,43,10,576,512,88.89,64,11.11
4311,43,11,451,403,89.36,48,10.64
4312,43,12,313,274,87.54,39,12.46
4313,43,13,485,430,88.66,55,11.34
4314,43,14,494,436,88.26,58,11.74
4315,43,15,465,402,86.45,63,13.55
4316,43,16,644,574,89.13,70,10.87
4317,43,17,384,348,90.63,36,9.38
4318,43,18,530,469,88.49,61,11.51
4319,43,19,463,419,90.5,44,9.5
4320,43,20,582,517,88.83,65,11.17
4321,43,21,549,472,85.97,77,14.03
4322,43,22,331,293,88.52,38,11.48
4323,43,23,340,304,89.41,36,10.59
4324,43,24,353,306,86.69,47,13.31
4325,43,25,395,341,86.33,54,13.67
4326,43,26,286,260,90.91,26,9.09
4327,43,27,441,391,88.66,50,11.34
4328,43,28,583,520,89.19,63,10.81
4329,43,29,675,599,88.74,76,11.26
4330,43,30,507,448,88.36,59,11.64
4331,43,31,439,368,83.83,71,16.17
4332,43,32,488,449,92.01,39,7.99
4333,43,33,446,400,89.69,46,10.31
4334,43,34,317,279,88.01,38,11.99
4335,43,35,502,431,85.86,71,14.14
4336,43,36,321,281,87.54,40,12.46
4337,43,37,573,514,89.7,59,10.3
4338,43,38,325,276,84.92,49,15.08
4339,43,39,361,307,85.04,54,14.96
4340,43,40,367,320,87.19,47,12.81
4341,43,41,585,528,90.26,57,9.74
4342,43,42,451,401,88.91,50,11.09
4343,43,43,454,413,90.97,41,9.03
4344,43,44,451,399,88.47,52,11.53
4345,43,45,297,257,86.53,40,13.47
4346,43,46,289,257,88.93,32,11.07
4401,44,1,795,705,88.68,90,11.32
4402,44,2,523,459,87.76,64,12.24
4403,44,3,269,241,89.59,28,10.41
4404,44,4,390,363,93.08,27,6.92
4405,44,5,525,478,91.05,47,8.95
4406,44,6,655,599,91.45,56,8.55
4407,44,7,317,279,88.01,38,11.99
4408,44,8,722,655,90.72,67,9.28
4409,44,9,553,499,90.24,54,9.76
4410,44,10,571,500,87.57,71,12.43
4411,44,11,615,536,87.15,79,12.85
4412,44,12,550,492,89.45,58,10.55
4413,44,13,465,420,90.32,45,9.68
4414,44,14,518,449,86.68,69,13.32
4415,44,15,487,438,89.94,49,10.06
4416,44,16,625,545,87.2,80,12.8
4417,44,17,710,627,88.31,83,11.69
4418,44,18,572,507,88.64,65,11.36
4419,44,19,626,554,88.5,72,11.5
4420,44,20,667,599,89.81,68,10.19
4421,44,21,626,574,91.69,52,8.31
4422,44,22,505,447,88.51,58,11.49
4423,44,23,520,484,93.08,36,6.92
4424,44,24,351,329,93.73,22,6.27
4425,44,25,542,492,90.77,50,9.23
4426,44,26,710,635,89.44,75,10.56
4427,44,27,610,541,88.69,69,11.31
4428,44,28,585,519,88.72,66,11.28
4429,44,29,613,558,91.03,55,8.97
4430,44,30,644,582,90.37,62,9.63
4431,44,31,493,431,87.42,62,12.58
4432,44,32,620,535,86.29,85,13.71
4433,44,33,608,557,91.61,51,8.39
4434,44,34,553,505,91.32,48,8.68
4435,44,35,544,478,87.87,66,12.13
4436,44,36,623,571,91.65,52,8.35
4437,44,37,604,541,89.57,63,10.43
4438,44,38,650,556,85.54,94,14.46
4439,44,39,592,554,93.58,38,6.42
4440,44,40,506,458,90.51,48,9.49
4441,44,41,698,618,88.54,80,11.46
4501,45,1,363,306,84.3,57,15.7
4502,45,2,439,385,87.7,54,12.3
4503,45,3,391,336,85.93,55,14.07
4504,45,4,514,421,81.91,93,18.09
4505,45,5,445,374,84.04,71,15.96
4506,45,6,595,496,83.36,99,16.64
4507,45,7,603,507,84.08,96,15.92
4508,45,8,444,358,80.63,86,19.37
4509,45,9,431,329,76.33,102,23.67
4510,45,10,417,322,77.22,95,22.78
4511,45,11,340,261,76.76,79,23.24
4512,45,12,383,299,78.07,84,21.93
4513,45,13,350,301,86.0,49,14.0
4514,45,14,609,500,82.1,109,17.9
4515,45,15,523,432,82.6,91,17.4
4516,45,16,354,291,82.2,63,17.8
4517,45,17,451,336,74.5,115,25.5
4518,45,18,461,368,79.83,93,20.17
4519,45,19,235,189,80.43,46,19.57
4520,45,20,290,227,78.28,63,21.72
4521,45,21,363,268,73.83,95,26.17
4522,45,22,383,306,79.9,77,20.1
4523,45,23,395,290,73.42,105,26.58
4524,45,24,331,227,68.58,104,31.42
4525,45,25,278,204,73.38,74,26.62
4526,45,26,237,179,75.53,58,24.47
4527,45,27,406,297,73.15,109,26.85
4528,45,28,339,263,77.58,76,22.42
4529,45,29,270,214,79.26,56,20.74
4530,45,30,420,336,80.0,84,20.0
4531,45,31,336,270,80.36,66,19.64
4532,45,32,395,296,74.94,99,25.06
4533,45,33,296,247,83.45,49,16.55
4534,45,34,443,358,80.81,85,19.19
4535,45,35,462,361,78.14,101,21.86
4536,45,36,433,327,75.52,106,24.48
4537,45,37,401,292,72.82,109,27.18
4538,45,38,404,305,75.5,99,24.5
4539,45,39,416,314,75.48,102,24.52
4540,45,40,394,272,69.04,122,30.96
4541,45,41,371,267,71.97,104,28.03
4542,45,42,392,300,76.53,92,23.47
4543,45,43,443,330,74.49,113,25.51
4544,45,44,383,282,73.63,101,26.37
4545,45,45,265,175,66.04,90,33.96
4546,45,46,333,224,67.27,109,32.73
4547,45,47,302,217,71.85,85,28.15
4548,45,48,329,226,68.69,103,31.31
4601,46,1,392,330,84.18,62,15.82
4602,46,2,503,440,87.48,63,12.52
4603,46,3,580,524,90.34,56,9.66
4604,46,4,487,425,87.27,62,12.73
4605,46,5,677,590,87.15,87,12.85
4606,46,6,427,359,84.07,68,15.93
4607,46,7,473,414,87.53,59,12.47
4608,46,8,337,289,85.76,48,14.24
4609,46,9,574,513,89.37,61,10.63
4610,46,10,877,791,90.19,86,9.81
4611,46,11,482,416,86.31,66,13.69
4612,46,12,554,496,89.53,58,10.47
4613,46,13,533,484,90.81,49,9.19
4614,46,14,523,425,81.26,98,18.74
4615,46,15,514,462,89.88,52,10.12
4616,46,16,585,521,89.06,64,10.94
4617,46,17,538,472,87.73,66,12.27
4618,46,18,573,495,86.39,78,13.61
4619,46,19,337,289,85.76,48,14.24
4620,46,20,435,379,87.13,56,12.87
4621,46,21,386,307,79.53,79,20.47
4622,46,22,357,305,85.43,52,14.57
4623,46,23,477,410,85.95,67,14.05
4624,46,24,647,578,89.34,69,10.66
4625,46,25,497,442,88.93,55,11.07
4626,46,26,710,621,87.46,89,12.54
4627,46,27,666,575,86.34,91,13.66
4628,46,28,465,420,90.32,45,9.68
4629,46,29,404,348,86.14,56,13.86
4630,46,30,525,457,87.05,68,12.95
4631,46,31,532,489,91.92,43,8.08
4632,46,32,482,397,82.37,85,17.63
4633,46,33,520,470,90.38,50,9.62
4634,46,34,666,571,85.74,95,14.26
4635,46,35,580,507,87.41,73,12.59
4636,46,36,483,416,86.13,67,13.87
4637,46,37,407,356,87.47,51,12.53
4638,46,38,588,508,86.39,80,13.61
4639,46,39,466,385,82.62,81,17.38
4640,46,40,431,380,88.17,51,11.83
4701,47,1,369,321,86.99,48,13.01
4702,47,2,512,467,91.21,45,8.79
4703,47,3,491,451,91.85,40,8.15
4704,47,4,624,561,89.9,63,10.1
4705,47,5,579,511,88.26,68,11.74
4706,47,6,639,577,90.3,62,9.7
4707,47,7,491,409,83.3,82,16.7
4708,47,8,532,461,86.65,71,13.35
4709,47,9,497,431,86.72,66,13.28
4710,47,10,646,584,90.4,62,9.6
4711,47,11,532,470,88.35,62,11.65
4712,47,12,574,508,88.5,66,11.5
4713,47,13,520,458,88.08,62,11.92
4714,47,14,488,439,89.96,49,10.04
4715,47,15,665,597,89.77,68,10.23
4716,47,16,532,470,88.35,62,11.65
4717,47,17,521,442,84.84,79,15.16
4718,47,18,512,439,85.74,73,14.26
4719,47,19,825,745,90.3,80,9.7
4720,47,20,569,514,90.33,55,9.67
4721,47,21,514,448,87.16,66,12.84
4722,47,22,581,519,89.33,62,10.67
4723,47,23,604,559,92.55,45,7.45
4724,47,24,546,490,89.74,56,10.26
4725,47,25,649,569,87.67,80,12.33
4726,47,26,733,673,91.81,60,8.19
4727,47,27,458,403,87.99,55,12.01
4728,47,28,493,437,88.64,56,11.36
4729,47,29,629,570,90.62,59,9.38
4730,47,30,670,608,90.75,62,9.25
4731,47,31,583,514,88.16,69,11.84
4732,47,32,657,598,91.02,59,8.98
4733,47,33,514,461,89.69,53,10.31
4734,47,34,558,508,91.04,50,8.96
4735,47,35,527,456,86.53,71,13.47
4736,47,36,626,559,89.3,67,10.7
4737,47,37,497,441,88.73,56,11.27
4738,47,38,538,485,90.15,53,9.85
4739,47,39,535,482,90.09,53,9.91
4740,47,40,499,446,89.38,53,10.62
4741,47,41,592,526,88.85,66,11.15
4742,47,42,526,460,87.45,66,12.55
4743,47,43,483,441,91.3,42,8.7
4744,47,44,446,388,87.0,58,13.0
4745,47,45,510,462,90.59,48,9.41
4746,47,46,546,475,87.0,71,13.0
4747,47,47,655,586,89.47,69,10.53
4748,47,48,35,23,65.71,12,34.29
4801,48,1,499,449,89.98,50,10.02
4802,48,2,211,194,91.94,17,8.06
4803,48,3,567,488,86.07,79,13.93
4804,48,4,443,391,88.26,52,11.74
4805,48,5,249,224,89.96,25,10.04
4806,48,6,581,507,87.26,74,12.74
4807,48,7,533,479,89.87,54,10.13
4808,48,8,241,211,87.55,30,12.45
4809,48,9,319,275,86.21,44,13.79
4810,48,10,695,642,92.37,53,7.63
4811,48,11,398,358,89.95,40,10.05
4812,48,12,580,528,91.03,52,8.97
4813,48,13,614,528,85.99,86,14.01
4814,48,14,195,162,83.08,33,16.92
4815,48,15,318,272,85.53,46,14.47
4816,48,16,546,471,86.26,75,13.74
4817,48,17,421,371,88.12,50,11.88
4818,48,18,322,263,81.68,59,18.32
4819,48,19,345,314,91.01,31,8.99
4820,48,20,546,475,87.0,71,13.0
4821,48,21,632,516,81.65,116,18.35
4822,48,22,363,323,88.98,40,11.02
4823,48,23,429,382,89.04,47,10.96
4824,48,24,575,422,73.39,153,26.61
4825,48,25,423,395,93.38,28,6.62
4826,48,26,243,205,84.36,38,15.64
4827,48,27,491,416,84.73,75,15.27
4828,48,28,513,429,83.63,84,16.37
4829,48,29,179,168,93.85,11,6.15
4830,48,30,416,372,89.42,44,10.58
4831,48,31,717,596,83.12,121,16.88
4832,48,32,540,477,88.33,63,11.67
4833,48,33,257,235,91.44,22,8.56
4834,48,34,410,370,90.24,40,9.76
4835,48,35,289,243,84.08,46,15.92
4836,48,36,272,250,91.91,22,8.09
4837,48,37,516,454,87.98,62,12.02
4838,48,38,501,463,92.42,38,7.58
4839,48,39,360,316,87.78,44,12.22
4840,48,40,454,424,93.39,30,6.61
4841,48,41,652,559,85.74,93,14.26
4842,48,42,576,514,89.24,62,10.76
4843,48,43,584,512,87.67,72,12.33
4844,48,44,637,580,91.05,57,8.95
4845,48,45,374,333,89.04,41,10.96
4846,48,46,283,243,85.87,40,14.13
4901,49,1,332,259,78.01,73,21.99
4902,49,2,309,280,90.61,29,9.39
4903,49,3,633,533,84.2,100,15.8
4904,49,4,672,575,85.57,97,14.43
4905,49,5,490,428,87.35,62,12.65
4906,49,6,430,372,86.51,58,13.49
4907,49,7,403,344,85.36,59,14.64
4908,49,8,452,406,89.82,46,10.18
4909,49,9,515,441,85.63,74,14.37
4910,49,10,588,494,84.01,94,15.99
4911,49,11,655,579,88.4,76,11.6
4912,49,12,627,555,88.52,72,11.48
4913,49,13,578,493,85.29,85,14.71
4914,49,14,389,329,84.58,60,15.42
4915,49,15,375,314,83.73,61,16.27
4916,49,16,453,383,84.55,70,15.45
4917,49,17,383,320,83.55,63,16.45
4918,49,18,650,573,88.15,77,11.85
4919,49,19,472,394,83.47,78,16.53
4920,49,20,762,672,88.19,90,11.81
4921,49,21,310,255,82.26,55,17.74
4922,49,22,526,445,84.6,81,15.4
4923,49,23,675,581,86.07,94,13.93
4924,49,24,388,329,84.79,59,15.21
4925,49,25,641,551,85.96,90,14.04
4926,49,26,575,494,85.91,81,14.09
4927,49,27,583,499,85.59,84,14.41
4928,49,28,726,620,85.4,106,14.6
4929,49,29,590,512,86.78,78,13.22
4930,49,30,532,465,87.41,67,12.59
4931,49,31,348,288,82.76,60,17.24
4932,49,32,487,383,78.64,104,21.36
4933,49,33,396,332,83.84,64,16.16
5001,50,1,318,261,82.08,57,17.92
5002,50,2,213,167,78.4,46,21.6
5003,50,3,287,248,86.41,39,13.59
5004,50,4,401,338,84.29,63,15.71
5005,50,5,208,165,79.33,43,20.67
5006,50,6,395,322,81.52,73,18.48
5007,50,7,481,413,85.86,68,14.14
5008,50,8,372,291,78.23,81,21.77
5009,50,9,305,256,83.93,49,16.07
5010,50,10,366,280,76.5,86,23.5
5011,50,11,171,120,70.18,51,29.82
5012,50,12,142,113,79.58,29,20.42
5013,50,13,462,392,84.85,70,15.15
5014,50,14,105,78,74.29,27,25.71
5015,50,15,474,408,86.08,66,13.92
5016,50,16,98,74,75.51,24,24.49
5017,50,17,375,311,82.93,64,17.07
5018,50,18,45,33,73.33,12,26.67
5019,50,19,321,268,83.49,53,16.51
5020,50,20,418,337,80.62,81,19.38
5021,50,21,344,282,81.98,62,18.02
5022,50,22,325,258,79.38,67,20.62
5023,50,23,246,184,74.8,62,25.2
5024,50,24,208,144,69.23,64,30.77
5025,50,25,286,222,77.62,64,22.38
5026,50,26,403,306,75.93,97,24.07
5027,50,27,96,73,76.04,23,23.96
5028,50,28,410,342,83.41,68,16.59
5029,50,29,390,323,82.82,67,17.18
5030,50,30,318,274,86.16,44,13.84
5031,50,31,538,451,83.83,87,16.17
5032,50,32,435,361,82.99,74,17.01
5033,50,33,219,170,77.63,49,22.37
5034,50,34,450,360,80.0,90,20.0
5035,50,35,530,456,86.04,74,13.96
5036,50,36,382,313,81.94,69,18.06
5037,50,37,396,336,84.85,60,15.15
5038,50,38,113,90,79.65,23,20.35
5039,50,39,221,174,78.73,47,21.27
5040,50,40,239,172,71.97,67,28.03
