id,ward,precinct,total,Yes,Yes Percent,No,No Percent
0101,1,1,543,175,32.23,368,67.77
0102,1,2,482,227,47.1,255,52.9
0103,1,3,632,205,32.44,427,67.56
0104,1,4,602,224,37.21,378,62.79
0105,1,5,547,162,29.62,385,70.38
0106,1,6,467,176,37.69,291,62.31
0107,1,7,375,137,36.53,238,63.47
0108,1,8,448,160,35.71,288,64.29
0109,1,9,378,157,41.53,221,58.47
0110,1,10,643,210,32.66,433,67.34
0111,1,11,603,188,31.18,415,68.82
0112,1,12,638,193,30.25,445,69.75
0113,1,13,268,100,37.31,168,62.69
0114,1,14,496,156,31.45,340,68.55
0115,1,15,484,177,36.57,307,63.43
0116,1,16,593,204,34.4,389,65.6
0117,1,17,464,168,36.21,296,63.79
0118,1,18,538,200,37.17,338,62.83
0119,1,19,644,231,35.87,413,64.13
0120,1,20,435,134,30.8,301,69.2
0121,1,21,726,233,32.09,493,67.91
0122,1,22,361,143,39.61,218,60.39
0123,1,23,709,206,29.06,503,70.94
0124,1,24,485,185,38.14,300,61.86
0125,1,25,521,184,35.32,337,64.68
0126,1,26,351,178,50.71,173,49.29
0127,1,27,593,193,32.55,400,67.45
0128,1,28,169,94,55.62,75,44.38
0129,1,29,672,197,29.32,475,70.68
0130,1,30,608,220,36.18,388,63.82
0131,1,31,483,195,40.37,288,59.63
0132,1,32,530,188,35.47,342,64.53
0133,1,33,573,210,36.65,363,63.35
0134,1,34,445,143,32.13,302,67.87
0135,1,35,667,210,31.48,457,68.52
0136,1,36,619,186,30.05,433,69.95
0137,1,37,516,186,36.05,330,63.95
0138,1,38,504,166,32.94,338,67.06
0139,1,39,448,171,38.17,277,61.83
0140,1,40,456,207,45.39,249,54.61
0141,1,41,307,102,33.22,205,66.78
0142,1,42,178,55,30.9,123,69.1
0143,1,43,352,123,34.94,229,65.06
0144,1,44,502,149,29.68,353,70.32
0201,2,1,586,199,33.96,387,66.04
0202,2,2,364,113,31.04,251,68.96
0203,2,3,620,177,28.55,443,71.45
0204,2,4,523,161,30.78,362,69.22
0205,2,5,652,236,36.2,416,63.8
0206,2,6,565,210,37.17,355,62.83
0207,2,7,476,180,37.82,296,62.18
0208,2,8,667,235,35.23,432,64.77
0209,2,9,477,184,38.57,293,61.43
0210,2,10,366,131,35.79,235,64.21
0211,2,11,481,192,39.92,289,60.08
0212,2,12,399,161,40.35,238,59.65
0213,2,13,403,142,35.24,261,64.76
0214,2,14,528,152,28.79,376,71.21
0215,2,15,482,136,28.22,346,71.78
0216,2,16,522,150,28.74,372,71.26
0217,2,17,618,162,26.21,456,73.79
0218,2,18,453,183,40.4,270,59.6
0219,2,19,322,117,36.34,205,63.66
0220,2,20,628,214,34.08,414,65.92
0221,2,21,570,157,27.54,413,72.46
0222,2,22,496,167,33.67,329,66.33
0223,2,23,316,100,31.65,216,68.35
0224,2,24,437,158,36.16,279,63.84
0225,2,25,581,191,32.87,390,67.13
0226,2,26,409,152,37.16,257,62.84
0227,2,27,414,174,42.03,240,57.97
0228,2,28,553,201,36.35,352,63.65
0229,2,29,525,206,39.24,319,60.76
0230,2,30,427,170,39.81,257,60.19
0231,2,31,533,197,36.96,336,63.04
0232,2,32,427,181,42.39,246,57.61
0233,2,33,672,237,35.27,435,64.73
0234,2,34,347,105,30.26,242,69.74
0235,2,35,625,264,42.24,361,57.76
0236,2,36,500,208,41.6,292,58.4
0237,2,37,424,153,36.08,271,63.92
0238,2,38,430,148,34.42,282,65.58
0239,2,39,328,136,41.46,192,58.54
0240,2,40,672,328,48.81,344,51.19
0241,2,41,570,244,42.81,326,57.19
0242,2,42,550,245,44.55,305,55.45
0243,2,43,657,267,40.64,390,59.36
0244,2,44,295,95,32.2,200,67.8
0245,2,45,555,250,45.05,305,54.95
0246,2,46,268,84,31.34,184,68.66
0301,3,1,633,319,50.39,314,49.61
0302,3,2,459,265,57.73,194,42.27
0303,3,3,374,191,51.07,183,48.93
0304,3,4,532,257,48.31,275,51.69
0305,3,5,267,146,54.68,121,45.32
0306,3,6,687,231,33.62,456,66.38
0307,3,7,253,134,52.96,119,47.04
0308,3,8,352,180,51.14,172,48.86
0309,3,9,538,224,41.64,314,58.36
0310,3,10,209,117,55.98,92,44.02
0311,3,11,527,258,48.96,269,51.04
0312,3,12,418,229,54.78,189,45.22
0313,3,13,579,196,33.85,383,66.15
0314,3,14,551,221,40.11,330,59.89
0315,3,15,440,210,47.73,230,52.27
0316,3,16,387,194,50.13,193,49.87
0317,3,17,702,295,42.02,407,57.98
0318,3,18,616,290,47.08,326,52.92
0319,3,19,591,215,36.38,376,63.62
0320,3,20,503,244,48.51,259,51.49
0321,3,21,496,220,44.35,276,55.65
0322,3,22,689,260,37.74,429,62.26
0323,3,23,370,220,59.46,150,40.54
0324,3,24,411,237,57.66,174,42.34
0325,3,25,837,345,41.22,492,58.78
0326,3,26,550,195,35.45,355,64.55
0327,3,27,637,265,41.6,372,58.4
0328,3,28,219,118,53.88,101,46.12
0329,3,29,478,239,50.0,239,50.0
0330,3,30,395,186,47.09,209,52.91
0331,3,31,534,242,45.32,292,54.68
0332,3,32,790,340,43.04,450,56.96
0333,3,33,622,220,35.37,402,64.63
0334,3,34,732,271,37.02,461,62.98
0335,3,35,256,114,44.53,142,55.47
0336,3,36,223,124,55.61,99,44.39
0337,3,37,450,217,48.22,233,51.78
0338,3,38,328,183,55.79,145,44.21
0339,3,39,1004,379,37.75,625,62.25
0340,3,40,496,232,46.77,264,53.23
0341,3,41,326,160,49.08,166,50.92
0401,4,1,740,245,33.11,495,66.89
0402,4,2,675,244,36.15,431,63.85
0403,4,3,394,210,53.3,184,46.7
0404,4,4,638,337,52.82,301,47.18
0405,4,5,514,239,46.5,275,53.5
0406,4,6,519,278,53.56,241,46.44
0407,4,7,638,328,51.41,310,48.59
0408,4,8,543,264,48.62,279,51.38
0409,4,9,529,246,46.5,283,53.5
0410,4,10,631,280,44.37,351,55.63
0411,4,11,478,252,52.72,226,47.28
0412,4,12,659,333,50.53,326,49.47
0413,4,13,658,254,38.6,404,61.4
0414,4,14,479,252,52.61,227,47.39
0415,4,15,564,278,49.29,286,50.71
0416,4,16,893,329,36.84,564,63.16
0417,4,17,606,214,35.31,392,64.69
0418,4,18,466,268,57.51,198,42.49
0419,4,19,319,154,48.28,165,51.72
0420,4,20,384,142,36.98,242,63.02
0421,4,21,577,217,37.61,360,62.39
0422,4,22,460,169,36.74,291,63.26
0423,4,23,641,202,31.51,439,68.49
0424,4,24,467,190,40.69,277,59.31
0425,4,25,621,245,39.45,376,60.55
0426,4,26,430,246,57.21,184,42.79
0427,4,27,686,253,36.88,433,63.12
0428,4,28,433,235,54.27,198,45.73
0429,4,29,472,239,50.64,233,49.36
0430,4,30,669,370,55.31,299,44.69
0431,4,31,410,212,51.71,198,48.29
0432,4,32,556,274,49.28,282,50.72
0433,4,33,468,196,41.88,272,58.12
0434,4,34,441,199,45.12,242,54.88
0435,4,35,596,314,52.68,282,47.32
0436,4,36,598,298,49.83,300,50.17
0437,4,37,969,370,38.18,599,61.82
0438,4,38,540,275,50.93,265,49.07
0501,5,1,423,230,54.37,193,45.63
0502,5,2,346,186,53.76,160,46.24
0503,5,3,482,151,31.33,331,68.67
0504,5,4,612,226,36.93,386,63.07
0505,5,5,396,223,56.31,173,43.69
0506,5,6,343,189,55.1,154,44.9
0507,5,7,436,219,50.23,217,49.77
0508,5,8,481,104,21.62,377,78.38
0509,5,9,547,205,37.48,342,62.52
0510,5,10,373,182,48.79,191,51.21
0511,5,11,467,165,35.33,302,64.67
0512,5,12,285,146,51.23,139,48.77
0513,5,13,403,218,54.09,185,45.91
0514,5,14,361,176,48.75,185,51.25
0515,5,15,437,195,44.62,242,55.38
0516,5,16,435,208,47.82,227,52.18
0517,5,17,362,204,56.35,158,43.65
0518,5,18,439,157,35.76,282,64.24
0519,5,19,447,125,27.96,322,72.04
0520,5,20,502,218,43.43,284,56.57
0521,5,21,468,162,34.62,306,65.38
0522,5,22,550,203,36.91,347,63.09
0523,5,23,816,256,31.37,560,68.63
0524,5,24,606,212,34.98,394,65.02
0525,5,25,388,180,46.39,208,53.61
0526,5,26,445,236,53.03,209,46.97
0527,5,27,463,135,29.16,328,70.84
0528,5,28,446,231,51.79,215,48.21
0529,5,29,470,263,55.96,207,44.04
0530,5,30,292,143,48.97,149,51.03
0531,5,31,339,182,53.69,157,46.31
0532,5,32,486,251,51.65,235,48.35
0533,5,33,414,226,54.59,188,45.41
0534,5,34,484,114,23.55,370,76.45
0535,5,35,610,210,34.43,400,65.57
0536,5,36,250,163,65.2,87,34.8
0537,5,37,480,166,34.58,314,65.42
0538,5,38,413,212,51.33,201,48.67
0539,5,39,400,114,28.5,286,71.5
0540,5,40,354,180,50.85,174,49.15
0541,5,41,202,62,30.69,140,69.31
0601,6,1,380,194,51.05,186,48.95
0602,6,2,373,185,49.6,188,50.4
0603,6,3,359,197,54.87,162,45.13
0604,6,4,256,126,49.22,130,50.78
0605,6,5,229,116,50.66,113,49.34
0606,6,6,439,213,48.52,226,51.48
0607,6,7,358,173,48.32,185,51.68
0608,6,8,370,183,49.46,187,50.54
0609,6,9,388,216,55.67,172,44.33
0610,6,10,247,139,56.28,108,43.72
0611,6,11,320,179,55.94,141,44.06
0612,6,12,277,146,52.71,131,47.29
0613,6,13,273,138,50.55,135,49.45
0614,6,14,340,187,55.0,153,45.0
0615,6,15,308,164,53.25,144,46.75
0616,6,16,398,185,46.48,213,53.52
0617,6,17,236,139,58.9,97,41.1
0618,6,18,265,178,67.17,87,32.83
0619,6,19,291,145,49.83,146,50.17
0620,6,20,241,132,54.77,109,45.23
0621,6,21,175,86,49.14,89,50.86
0622,6,22,215,124,57.67,91,42.33
0623,6,23,161,77,47.83,84,52.17
0624,6,24,192,104,54.17,88,45.83
0625,6,25,181,96,53.04,85,46.96
0626,6,26,256,125,48.83,131,51.17
0627,6,27,212,116,54.72,96,45.28
0628,6,28,173,102,58.96,71,41.04
0629,6,29,370,173,46.76,197,53.24
0630,6,30,316,171,54.11,145,45.89
0631,6,31,320,180,56.25,140,43.75
0632,6,32,373,187,50.13,186,49.87
0633,6,33,371,192,51.75,179,48.25
0634,6,34,366,199,54.37,167,45.63
0635,6,35,329,169,51.37,160,48.63
0636,6,36,386,204,52.85,182,47.15
0637,6,37,402,204,50.75,198,49.25
0638,6,38,404,221,54.7,183,45.3
0639,6,39,305,154,50.49,151,49.51
0640,6,40,307,155,50.49,152,49.51
0641,6,41,368,172,46.74,196,53.26
0642,6,42,334,182,54.49,152,45.51
0643,6,43,332,173,52.11,159,47.89
0644,6,44,381,194,50.92,187,49.08
0645,6,45,365,174,47.67,191,52.33
0646,6,46,277,142,51.26,135,48.74
0647,6,47,245,143,58.37,102,41.63
0648,6,48,345,192,55.65,153,44.35
0701,7,1,343,178,51.9,165,48.1
0702,7,2,330,173,52.42,157,47.58
0703,7,3,332,151,45.48,181,54.52
0704,7,4,348,186,53.45,162,46.55
0705,7,5,306,158,51.63,148,48.37
0706,7,6,444,207,46.62,237,53.38
0707,7,7,341,180,52.79,161,47.21
0708,7,8,207,117,56.52,90,43.48
0709,7,9,587,318,54.17,269,45.83
0710,7,10,359,181,50.42,178,49.58
0711,7,11,384,212,55.21,172,44.79
0712,7,12,318,167,52.52,151,47.48
0713,7,13,206,118,57.28,88,42.72
0714,7,14,394,211,53.55,183,46.45
0715,7,15,324,154,47.53,170,52.47
0716,7,16,337,187,55.49,150,44.51
0717,7,17,284,149,52.46,135,47.54
0718,7,18,307,177,57.65,130,42.35
0719,7,19,337,192,56.97,145,43.03
0720,7,20,278,154,55.4,124,44.6
0721,7,21,267,147,55.06,120,44.94
0722,7,22,302,173,57.28,129,42.72
0723,7,23,320,166,51.88,154,48.13
0724,7,24,281,166,59.07,115,40.93
0725,7,25,287,175,60.98,112,39.02
0726,7,26,269,131,48.7,138,51.3
0727,7,27,257,142,55.25,115,44.75
0728,7,28,261,137,52.49,124,47.51
0729,7,29,326,166,50.92,160,49.08
0730,7,30,262,181,69.08,81,30.92
0731,7,31,249,143,57.43,106,42.57
0732,7,32,437,208,47.6,229,52.4
0733,7,33,420,235,55.95,185,44.05
0734,7,34,430,242,56.28,188,43.72
0735,7,35,386,213,55.18,173,44.82
0736,7,36,445,229,51.46,216,48.54
0737,7,37,349,182,52.15,167,47.85
0738,7,38,313,176,56.23,137,43.77
0739,7,39,322,170,52.8,152,47.2
0740,7,40,268,141,52.61,127,47.39
0741,7,41,332,206,62.05,126,37.95
0742,7,42,339,194,57.23,145,42.77
0743,7,43,325,195,60.0,130,40.0
0744,7,44,301,178,59.14,123,40.86
0745,7,45,325,180,55.38,145,44.62
0746,7,46,80,50,62.5,30,37.5
0801,8,1,323,197,60.99,126,39.01
0802,8,2,337,162,48.07,175,51.93
0803,8,3,396,180,45.45,216,54.55
0804,8,4,416,196,47.12,220,52.88
0805,8,5,309,147,47.57,162,52.43
0806,8,6,344,181,52.62,163,47.38
0807,8,7,405,198,48.89,207,51.11
0808,8,8,364,180,49.45,184,50.55
0809,8,9,234,116,49.57,118,50.43
0810,8,10,454,207,45.59,247,54.41
0811,8,11,297,150,50.51,147,49.49
0812,8,12,317,155,48.9,162,51.1
0813,8,13,405,231,57.04,174,42.96
0814,8,14,291,145,49.83,146,50.17
0815,8,15,226,122,53.98,104,46.02
0816,8,16,108,61,56.48,47,43.52
0817,8,17,292,141,48.29,151,51.71
0818,8,18,318,185,58.18,133,41.82
0819,8,19,397,200,50.38,197,49.62
0820,8,20,421,195,46.32,226,53.68
0821,8,21,453,223,49.23,230,50.77
0822,8,22,330,168,50.91,162,49.09
0823,8,23,275,156,56.73,119,43.27
0824,8,24,193,91,47.15,102,52.85
0825,8,25,354,171,48.31,183,51.69
0826,8,26,301,161,53.49,140,46.51
0827,8,27,391,184,47.06,207,52.94
0828,8,28,370,166,44.86,204,55.14
0829,8,29,378,193,51.06,185,48.94
0830,8,30,391,184,47.06,207,52.94
0831,8,31,285,150,52.63,135,47.37
0832,8,32,281,150,53.38,131,46.62
0833,8,33,262,135,51.53,127,48.47
0834,8,34,327,179,54.74,148,45.26
0835,8,35,401,195,48.63,206,51.37
0836,8,36,359,174,48.47,185,51.53
0837,8,37,278,131,47.12,147,52.88
0838,8,38,260,157,60.38,103,39.62
0839,8,39,335,168,50.15,167,49.85
0840,8,40,286,148,51.75,138,48.25
0841,8,41,368,181,49.18,187,50.82
0842,8,42,474,245,51.69,229,48.31
0843,8,43,202,101,50.0,101,50.0
0844,8,44,248,151,60.89,97,39.11
0845,8,45,303,167,55.12,136,44.88
0846,8,46,283,152,53.71,131,46.29
0847,8,47,290,135,46.55,155,53.45
0848,8,48,316,162,51.27,154,48.73
0849,8,49,338,167,49.41,171,50.59
0850,8,50,338,166,49.11,172,50.89
0851,8,51,335,176,52.54,159,47.46
0852,8,52,449,216,48.11,233,51.89
0853,8,53,206,109,52.91,97,47.09
0854,8,54,291,152,52.23,139,47.77
0855,8,55,250,158,63.2,92,36.8
0856,8,56,375,177,47.2,198,52.8
0901,9,1,323,180,55.73,143,44.27
0902,9,2,273,143,52.38,130,47.62
0903,9,3,208,110,52.88,98,47.12
0904,9,4,253,146,57.71,107,42.29
0905,9,5,330,178,53.94,152,46.06
0906,9,6,324,162,50.0,162,50.0
0907,9,7,263,152,57.79,111,42.21
0908,9,8,352,194,55.11,158,44.89
0909,9,9,379,187,49.34,192,50.66
0910,9,10,252,140,55.56,112,44.44
0911,9,11,237,138,58.23,99,41.77
0912,9,12,371,213,57.41,158,42.59
0913,9,13,369,195,52.85,174,47.15
0914,9,14,390,214,54.87,176,45.13
0915,9,15,338,178,52.66,160,47.34
0916,9,16,338,176,52.07,162,47.93
0917,9,17,204,124,60.78,80,39.22
0918,9,18,238,131,55.04,107,44.96
0919,9,19,347,183,52.74,164,47.26
0920,9,20,310,181,58.39,129,41.61
0921,9,21,303,170,56.11,133,43.89
0922,9,22,372,200,53.76,172,46.24
0923,9,23,356,173,48.6,183,51.4
0924,9,24,355,182,51.27,173,48.73
0925,9,25,284,149,52.46,135,47.54
0926,9,26,292,168,57.53,124,42.47
0927,9,27,264,148,56.06,116,43.94
0928,9,28,227,145,63.88,82,36.12
0929,9,29,290,154,53.1,136,46.9
0930,9,30,281,151,53.74,130,46.26
0931,9,31,283,167,59.01,116,40.99
0932,9,32,335,163,48.66,172,51.34
0933,9,33,239,150,62.76,89,37.24
0934,9,34,274,180,65.69,94,34.31
0935,9,35,307,174,56.68,133,43.32
0936,9,36,290,146,50.34,144,49.66
0937,9,37,529,234,44.23,295,55.77
0938,9,38,316,179,56.65,137,43.35
0939,9,39,346,183,52.89,163,47.11
0940,9,40,369,205,55.56,164,44.44
0941,9,41,268,133,49.63,135,50.37
0942,9,42,357,176,49.3,181,50.7
0943,9,43,294,173,58.84,121,41.16
0944,9,44,322,178,55.28,144,44.72
0945,9,45,247,135,54.66,112,45.34
0946,9,46,325,171,52.62,154,47.38
0947,9,47,354,184,51.98,170,48.02
0948,9,48,332,167,50.3,165,49.7
0949,9,49,355,202,56.9,153,43.1
0950,9,50,462,223,48.27,239,51.73
0951,9,51,333,158,47.45,175,52.55
1001,10,1,284,190,66.9,94,33.1
1002,10,2,342,212,61.99,130,38.01
1003,10,3,372,236,63.44,136,36.56
1004,10,4,280,184,65.71,96,34.29
1005,10,5,293,203,69.28,90,30.72
1006,10,6,303,204,67.33,99,32.67
1007,10,7,281,197,70.11,84,29.89
1008,10,8,187,103,55.08,84,44.92
1009,10,9,352,228,64.77,124,35.23
1010,10,10,419,262,62.53,157,37.47
1011,10,11,488,345,70.7,143,29.3
1012,10,12,266,183,68.8,83,31.2
1013,10,13,341,259,75.95,82,24.05
1014,10,14,472,322,68.22,150,31.78
1015,10,15,615,348,56.59,267,43.41
1016,10,16,308,185,60.06,123,39.94
1017,10,17,484,278,57.44,206,42.56
1018,10,18,211,134,63.51,77,36.49
1019,10,19,382,257,67.28,125,32.72
1020,10,20,379,259,68.34,120,31.66
1021,10,21,378,260,68.78,118,31.22
1022,10,22,229,177,77.29,52,22.71
1023,10,23,316,225,71.2,91,28.8
1024,10,24,331,194,58.61,137,41.39
1025,10,25,108,78,72.22,30,27.78
1026,10,26,269,209,77.7,60,22.3
1027,10,27,304,193,63.49,111,36.51
1028,10,28,414,305,73.67,109,26.33
1029,10,29,392,273,69.64,119,30.36
1030,10,30,342,241,70.47,101,29.53
1031,10,31,330,217,65.76,113,34.24
1032,10,32,386,256,66.32,130,33.68
1033,10,33,297,207,69.7,90,30.3
1034,10,34,246,172,69.92,74,30.08
1035,10,35,399,257,64.41,142,35.59
1036,10,36,86,65,75.58,21,24.42
1101,11,1,389,189,48.59,200,51.41
1102,11,2,32,15,46.88,17,53.13
1103,11,3,456,164,35.96,292,64.04
1104,11,4,300,171,57.0,129,43.0
1105,11,5,587,258,43.95,329,56.05
1106,11,6,679,277,40.8,402,59.2
1107,11,7,412,187,45.39,225,54.61
1108,11,8,408,214,52.45,194,47.55
1109,11,9,377,180,47.75,197,52.25
1110,11,10,403,212,52.61,191,47.39
1111,11,11,479,238,49.69,241,50.31
1112,11,12,521,313,60.08,208,39.92
1113,11,13,472,267,56.57,205,43.43
1114,11,14,205,106,51.71,99,48.29
1115,11,15,153,87,56.86,66,43.14
1116,11,16,289,174,60.21,115,39.79
1117,11,17,529,224,42.34,305,57.66
1118,11,18,327,167,51.07,160,48.93
1119,11,19,584,255,43.66,329,56.34
1120,11,20,283,141,49.82,142,50.18
1121,11,21,504,255,50.6,249,49.4
1122,11,22,551,236,42.83,315,57.17
1123,11,23,215,101,46.98,114,53.02
1124,11,24,470,258,54.89,212,45.11
1125,11,25,525,243,46.29,282,53.71
1126,11,26,439,207,47.15,232,52.85
1127,11,27,169,77,45.56,92,54.44
1128,11,28,203,125,61.58,78,38.42
1129,11,29,491,239,48.68,252,51.32
1130,11,30,219,103,47.03,116,52.97
1131,11,31,389,191,49.1,198,50.9
1132,11,32,177,79,44.63,98,55.37
1133,11,33,562,238,42.35,324,57.65
1134,11,34,121,52,42.98,69,57.02
1135,11,35,66,40,60.61,26,39.39
1136,11,36,182,92,50.55,90,49.45
1137,11,37,115,49,42.61,66,57.39
1138,11,38,227,96,42.29,131,57.71
1201,12,1,375,200,53.33,175,46.67
1202,12,2,319,220,68.97,99,31.03
1203,12,3,473,221,46.72,252,53.28
1204,12,4,456,234,51.32,222,48.68
1205,12,5,338,188,55.62,150,44.38
1206,12,6,437,262,59.95,175,40.05
1207,12,7,375,228,60.8,147,39.2
1208,12,8,388,243,62.63,145,37.37
1209,12,9,318,195,61.32,123,38.68
1210,12,10,528,288,54.55,240,45.45
1211,12,11,429,290,67.6,139,32.4
1212,12,12,388,264,68.04,124,31.96
1213,12,13,420,271,64.52,149,35.48
1214,12,14,346,228,65.9,118,34.1
1215,12,15,354,228,64.41,126,35.59
1216,12,16,353,249,70.54,104,29.46
1217,12,17,474,300,63.29,174,36.71
1218,12,18,373,218,58.45,155,41.55
1219,12,19,385,238,61.82,147,38.18
1220,12,20,486,310,63.79,176,36.21
1221,12,21,422,263,62.32,159,37.68
1222,12,22,392,252,64.29,140,35.71
1223,12,23,404,220,54.46,184,45.54
1301,13,1,314,179,57.01,135,42.99
1302,13,2,259,149,57.53,110,42.47
1303,13,3,283,182,64.31,101,35.69
1304,13,4,377,217,57.56,160,42.44
1305,13,5,432,307,71.06,125,28.94
1306,13,6,289,141,48.79,148,51.21
1307,13,7,303,215,70.96,88,29.04
1308,13,8,274,166,60.58,108,39.42
1309,13,9,394,273,69.29,121,30.71
1310,13,10,277,139,50.18,138,49.82
1311,13,11,351,208,59.26,143,40.74
1312,13,12,323,193,59.75,130,40.25
1313,13,13,347,247,71.18,100,28.82
1314,13,14,345,224,64.93,121,35.07
1315,13,15,499,335,67.13,164,32.87
1316,13,16,266,192,72.18,74,27.82
1317,13,17,313,185,59.11,128,40.89
1318,13,18,289,159,55.02,130,44.98
1319,13,19,451,324,71.84,127,28.16
1320,13,20,230,121,52.61,109,47.39
1321,13,21,359,199,55.43,160,44.57
1322,13,22,358,207,57.82,151,42.18
1323,13,23,301,206,68.44,95,31.56
1324,13,24,359,228,63.51,131,36.49
1325,13,25,350,219,62.57,131,37.43
1326,13,26,354,243,68.64,111,31.36
1327,13,27,317,196,61.83,121,38.17
1328,13,28,272,201,73.9,71,26.1
1329,13,29,302,202,66.89,100,33.11
1330,13,30,284,212,74.65,72,25.35
1331,13,31,372,193,51.88,179,48.12
1332,13,32,291,152,52.23,139,47.77
1333,13,33,334,202,60.48,132,39.52
1334,13,34,353,240,67.99,113,32.01
1335,13,35,310,232,74.84,78,25.16
1336,13,36,259,179,69.11,80,30.89
1337,13,37,341,241,70.67,100,29.33
1338,13,38,279,150,53.76,129,46.24
1339,13,39,341,239,70.09,102,29.91
1340,13,40,329,245,74.47,84,25.53
1341,13,41,432,322,74.54,110,25.46
1342,13,42,342,145,42.4,197,57.6
1343,13,43,333,200,60.06,133,39.94
1344,13,44,366,238,65.03,128,34.97
1345,13,45,369,231,62.6,138,37.4
1346,13,46,410,272,66.34,138,33.66
1347,13,47,385,277,71.95,108,28.05
1348,13,48,276,150,54.35,126,45.65
1401,14,1,371,208,56.06,163,43.94
1402,14,2,534,369,69.1,165,30.9
1403,14,3,372,259,69.62,113,30.38
1404,14,4,353,181,51.27,172,48.73
1405,14,5,551,398,72.23,153,27.77
1406,14,6,215,154,71.63,61,28.37
1407,14,7,519,370,71.29,149,28.71
1408,14,8,479,337,70.35,142,29.65
1409,14,9,466,252,54.08,214,45.92
1410,14,10,290,196,67.59,94,32.41
1411,14,11,238,171,71.85,67,28.15
1412,14,12,414,271,65.46,143,34.54
1413,14,13,357,223,62.46,134,37.54
1414,14,14,376,282,75.0,94,25.0
1415,14,15,400,281,70.25,119,29.75
1416,14,16,276,181,65.58,95,34.42
1417,14,17,340,216,63.53,124,36.47
1418,14,18,187,125,66.84,62,33.16
1419,14,19,371,280,75.47,91,24.53
1420,14,20,310,231,74.52,79,25.48
1421,14,21,384,264,68.75,120,31.25
1422,14,22,513,340,66.28,173,33.72
1423,14,23,271,160,59.04,111,40.96
1424,14,24,420,244,58.1,176,41.9
1425,14,25,200,142,71.0,58,29.0
1426,14,26,297,229,77.1,68,22.9
1427,14,27,374,252,67.38,122,32.62
1428,14,28,343,229,66.76,114,33.24
1429,14,29,287,207,72.13,80,27.87
1430,14,30,274,212,77.37,62,22.63
1431,14,31,222,165,74.32,57,25.68
1501,15,1,337,233,69.14,104,30.86
1502,15,2,195,115,58.97,80,41.03
1503,15,3,210,128,60.95,82,39.05
1504,15,4,375,270,72.0,105,28.0
1505,15,5,349,244,69.91,105,30.09
1506,15,6,396,269,67.93,127,32.07
1507,15,7,181,92,50.83,89,49.17
1508,15,8,374,257,68.72,117,31.28
1509,15,9,494,349,70.65,145,29.35
1510,15,10,520,357,68.65,163,31.35
1511,15,11,451,293,64.97,158,35.03
1512,15,12,476,335,70.38,141,29.62
1513,15,13,385,269,69.87,116,30.13
1514,15,14,341,244,71.55,97,28.45
1515,15,15,328,218,66.46,110,33.54
1516,15,16,433,333,76.91,100,23.09
1517,15,17,192,105,54.69,87,45.31
1518,15,18,133,67,50.38,66,49.62
1519,15,19,308,220,71.43,88,28.57
1520,15,20,209,124,59.33,85,40.67
1521,15,21,161,86,53.42,75,46.58
1522,15,22,187,94,50.27,93,49.73
1523,15,23,211,123,58.29,88,41.71
1524,15,24,183,86,46.99,97,53.01
1601,16,1,464,332,71.55,132,28.45
1602,16,2,250,143,57.2,107,42.8
1603,16,3,227,139,61.23,88,38.77
1604,16,4,295,168,56.95,127,43.05
1605,16,5,198,120,60.61,78,39.39
1606,16,6,232,122,52.59,110,47.41
1607,16,7,277,165,59.57,112,40.43
1608,16,8,190,121,63.68,69,36.32
1609,16,9,264,150,56.82,114,43.18
1610,16,10,216,127,58.8,89,41.2
1611,16,11,300,179,59.67,121,40.33
1612,16,12,258,164,63.57,94,36.43
1613,16,13,342,238,69.59,104,30.41
1614,16,14,201,111,55.22,90,44.78
1615,16,15,261,135,51.72,126,48.28
1616,16,16,215,126,58.6,89,41.4
1617,16,17,401,287,71.57,114,28.43
1618,16,18,321,218,67.91,103,32.09
1619,16,19,265,155,58.49,110,41.51
1620,16,20,174,104,59.77,70,40.23
1621,16,21,214,140,65.42,74,34.58
1622,16,22,219,130,59.36,89,40.64
1623,16,23,386,277,71.76,109,28.24
1624,16,24,131,78,59.54,53,40.46
1625,16,25,296,167,56.42,129,43.58
1626,16,26,175,98,56.0,77,44.0
1627,16,27,183,97,53.01,86,46.99
1628,16,28,206,119,57.77,87,42.23
1629,16,29,201,129,64.18,72,35.82
1630,16,30,175,99,56.57,76,43.43
1631,16,31,233,125,53.65,108,46.35
1632,16,32,388,273,70.36,115,29.64
1633,16,33,187,101,54.01,86,45.99
1634,16,34,217,135,62.21,82,37.79
1635,16,35,420,281,66.9,139,33.1
1636,16,36,176,105,59.66,71,40.34
1701,17,1,369,234,63.41,135,36.59
1702,17,2,291,165,56.7,126,43.3
1703,17,3,300,155,51.67,145,48.33
1704,17,4,327,169,51.68,158,48.32
1705,17,5,237,125,52.74,112,47.26
1706,17,6,337,204,60.53,133,39.47
1707,17,7,352,240,68.18,112,31.82
1708,17,8,219,133,60.73,86,39.27
1709,17,9,249,138,55.42,111,44.58
1710,17,10,397,227,57.18,170,42.82
1711,17,11,226,138,61.06,88,38.94
1712,17,12,486,325,66.87,161,33.13
1713,17,13,225,144,64.0,81,36.0
1714,17,14,375,267,71.2,108,28.8
1715,17,15,325,173,53.23,152,46.77
1716,17,16,393,245,62.34,148,37.66
1717,17,17,330,185,56.06,145,43.94
1718,17,18,361,192,53.19,169,46.81
1719,17,19,186,100,53.76,86,46.24
1720,17,20,394,226,57.36,168,42.64
1721,17,21,366,193,52.73,173,47.27
1722,17,22,306,158,51.63,148,48.37
1723,17,23,211,116,54.98,95,45.02
1724,17,24,245,140,57.14,105,42.86
1725,17,25,252,151,59.92,101,40.08
1726,17,26,310,197,63.55,113,36.45
1727,17,27,191,113,59.16,78,40.84
1728,17,28,224,133,59.38,91,40.63
1729,17,29,283,151,53.36,132,46.64
1730,17,30,346,239,69.08,107,30.92
1731,17,31,202,125,61.88,77,38.12
1732,17,32,237,146,61.6,91,38.4
1733,17,33,186,110,59.14,76,40.86
1734,17,34,236,146,61.86,90,38.14
1735,17,35,214,113,52.8,101,47.2
1736,17,36,223,123,55.16,100,44.84
1737,17,37,244,145,59.43,99,40.57
1738,17,38,333,186,55.86,147,44.14
1739,17,39,289,158,54.67,131,45.33
1740,17,40,356,183,51.4,173,48.6
1741,17,41,411,230,55.96,181,44.04
1801,18,1,368,232,63.04,136,36.96
1802,18,2,441,291,65.99,150,34.01
1803,18,3,325,187,57.54,138,42.46
1804,18,4,386,199,51.55,187,48.45
1805,18,5,219,111,50.68,108,49.32
1806,18,6,343,200,58.31,143,41.69
1807,18,7,371,230,61.99,141,38.01
1808,18,8,376,176,46.81,200,53.19
1809,18,9,350,179,51.14,171,48.86
1810,18,10,464,227,48.92,237,51.08
1811,18,11,352,213,60.51,139,39.49
1812,18,12,352,202,57.39,150,42.61
1813,18,13,395,224,56.71,171,43.29
1814,18,14,373,202,54.16,171,45.84
1815,18,15,402,233,57.96,169,42.04
1816,18,16,349,184,52.72,165,47.28
1817,18,17,391,236,60.36,155,39.64
1818,18,18,271,132,48.71,139,51.29
1819,18,19,308,168,54.55,140,45.45
1820,18,20,245,142,57.96,103,42.04
1821,18,21,462,220,47.62,242,52.38
1822,18,22,379,200,52.77,179,47.23
1823,18,23,369,195,52.85,174,47.15
1824,18,24,362,241,66.57,121,33.43
1825,18,25,400,237,59.25,163,40.75
1826,18,26,447,236,52.8,211,47.2
1827,18,27,323,182,56.35,141,43.65
1828,18,28,332,193,58.13,139,41.87
1829,18,29,439,237,53.99,202,46.01
1830,18,30,460,270,58.7,190,41.3
1831,18,31,400,218,54.5,182,45.5
1832,18,32,356,192,53.93,164,46.07
1833,18,33,274,149,54.38,125,45.62
1834,18,34,397,196,49.37,201,50.63
1835,18,35,423,230,54.37,193,45.63
1836,18,36,400,255,63.75,145,36.25
1837,18,37,415,205,49.4,210,50.6
1838,18,38,324,180,55.56,144,44.44
1839,18,39,309,178,57.61,131,42.39
1840,18,40,402,268,66.67,134,33.33
1841,18,41,430,222,51.63,208,48.37
1842,18,42,331,184,55.59,147,44.41
1843,18,43,337,225,66.77,112,33.23
1844,18,44,332,201,60.54,131,39.46
1845,18,45,394,269,68.27,125,31.73
1846,18,46,444,248,55.86,196,44.14
1847,18,47,286,164,57.34,122,42.66
1848,18,48,274,158,57.66,116,42.34
1849,18,49,234,109,46.58,125,53.42
1850,18,50,258,142,55.04,116,44.96
1901,19,1,352,141,40.06,211,59.94
1902,19,2,521,208,39.92,313,60.08
1903,19,3,311,116,37.3,195,62.7
1904,19,4,442,174,39.37,268,60.63
1905,19,5,441,163,36.96,278,63.04
1906,19,6,420,169,40.24,251,59.76
1907,19,7,328,133,40.55,195,59.45
1908,19,8,419,167,39.86,252,60.14
1909,19,9,261,116,44.44,145,55.56
1910,19,10,512,197,38.48,315,61.52
1911,19,11,364,114,31.32,250,68.68
1912,19,12,306,113,36.93,193,63.07
1913,19,13,488,247,50.61,241,49.39
1914,19,14,417,203,48.68,214,51.32
1915,19,15,523,216,41.3,307,58.7
1916,19,16,374,139,37.17,235,62.83
1917,19,17,339,138,40.71,201,59.29
1918,19,18,392,142,36.22,250,63.78
1919,19,19,508,168,33.07,340,66.93
1920,19,20,330,165,50.0,165,50.0
1921,19,21,402,158,39.3,244,60.7
1922,19,22,436,176,40.37,260,59.63
1923,19,23,390,182,46.67,208,53.33
1924,19,24,301,122,40.53,179,59.47
1925,19,25,396,159,40.15,237,59.85
1926,19,26,370,126,34.05,244,65.95
1927,19,27,410,174,42.44,236,57.56
1928,19,28,461,210,45.55,251,54.45
1929,19,29,406,181,44.58,225,55.42
1930,19,30,387,161,41.6,226,58.4
1931,19,31,351,145,41.31,206,58.69
1932,19,32,356,134,37.64,222,62.36
1933,19,33,428,193,45.09,235,54.91
1934,19,34,346,144,41.62,202,58.38
1935,19,35,355,123,34.65,232,65.35
1936,19,36,555,258,46.49,297,53.51
1937,19,37,413,166,40.19,247,59.81
1938,19,38,364,161,44.23,203,55.77
1939,19,39,200,125,62.5,75,37.5
1940,19,40,434,217,50.0,217,50.0
1941,19,41,363,143,39.39,220,60.61
1942,19,42,334,142,42.51,192,57.49
1943,19,43,549,264,48.09,285,51.91
1944,19,44,427,152,35.6,275,64.4
1945,19,45,414,175,42.27,239,57.73
1946,19,46,369,140,37.94,229,62.06
1947,19,47,581,257,44.23,324,55.77
1948,19,48,469,256,54.58,213,45.42
1949,19,49,507,229,45.17,278,54.83
1950,19,50,347,151,43.52,196,56.48
1951,19,51,428,165,38.55,263,61.45
1952,19,52,483,204,42.24,279,57.76
1953,19,53,361,145,40.17,216,59.83
1954,19,54,302,118,39.07,184,60.93
1955,19,55,323,135,41.8,188,58.2
1956,19,56,435,178,40.92,257,59.08
1957,19,57,355,141,39.72,214,60.28
2001,20,1,388,224,57.73,164,42.27
2002,20,2,119,71,59.66,48,40.34
2003,20,3,339,187,55.16,152,44.84
2004,20,4,160,100,62.5,60,37.5
2005,20,5,399,212,53.13,187,46.87
2006,20,6,150,88,58.67,62,41.33
2007,20,7,430,251,58.37,179,41.63
2008,20,8,318,181,56.92,137,43.08
2009,20,9,498,233,46.79,265,53.21
2010,20,10,238,114,47.9,124,52.1
2011,20,11,460,232,50.43,228,49.57
2012,20,12,342,196,57.31,146,42.69
2013,20,13,311,177,56.91,134,43.09
2014,20,14,183,95,51.91,88,48.09
2015,20,15,386,272,70.47,114,29.53
2016,20,16,431,230,53.36,201,46.64
2017,20,17,245,150,61.22,95,38.78
2018,20,18,241,123,51.04,118,48.96
2019,20,19,382,210,54.97,172,45.03
2020,20,20,289,195,67.47,94,32.53
2021,20,21,295,188,63.73,107,36.27
2022,20,22,499,218,43.69,281,56.31
2023,20,23,207,118,57.0,89,43.0
2024,20,24,451,199,44.12,252,55.88
2025,20,25,229,123,53.71,106,46.29
2026,20,26,339,167,49.26,172,50.74
2027,20,27,173,87,50.29,86,49.71
2028,20,28,218,129,59.17,89,40.83
2029,20,29,234,121,51.71,113,48.29
2030,20,30,158,92,58.23,66,41.77
2031,20,31,405,224,55.31,181,44.69
2032,20,32,265,158,59.62,107,40.38
2033,20,33,225,131,58.22,94,41.78
2034,20,34,447,191,42.73,256,57.27
2035,20,35,261,121,46.36,140,53.64
2036,20,36,115,71,61.74,44,38.26
2037,20,37,113,60,53.1,53,46.9
2038,20,38,96,52,54.17,44,45.83
2039,20,39,28,16,57.14,12,42.86
2101,21,1,393,198,50.38,195,49.62
2102,21,2,236,112,47.46,124,52.54
2103,21,3,348,181,52.01,167,47.99
2104,21,4,300,175,58.33,125,41.67
2105,21,5,362,171,47.24,191,52.76
2106,21,6,291,162,55.67,129,44.33
2107,21,7,326,172,52.76,154,47.24
2108,21,8,348,194,55.75,154,44.25
2109,21,9,363,211,58.13,152,41.87
2110,21,10,285,167,58.6,118,41.4
2111,21,11,306,148,48.37,158,51.63
2112,21,12,300,159,53.0,141,47.0
2113,21,13,370,206,55.68,164,44.32
2114,21,14,387,208,53.75,179,46.25
2115,21,15,320,188,58.75,132,41.25
2116,21,16,296,153,51.69,143,48.31
2117,21,17,289,144,49.83,145,50.17
2118,21,18,303,163,53.8,140,46.2
2119,21,19,401,233,58.1,168,41.9
2120,21,20,305,180,59.02,125,40.98
2121,21,21,305,161,52.79,144,47.21
2122,21,22,312,176,56.41,136,43.59
2123,21,23,321,191,59.5,130,40.5
2124,21,24,367,198,53.95,169,46.05
2125,21,25,294,150,51.02,144,48.98
2126,21,26,340,175,51.47,165,48.53
2127,21,27,404,231,57.18,173,42.82
2128,21,28,419,214,51.07,205,48.93
2129,21,29,376,203,53.99,173,46.01
2130,21,30,296,149,50.34,147,49.66
2131,21,31,197,111,56.35,86,43.65
2132,21,32,255,148,58.04,107,41.96
2133,21,33,282,159,56.38,123,43.62
2134,21,34,328,202,61.59,126,38.41
2135,21,35,406,229,56.4,177,43.6
2136,21,36,338,196,57.99,142,42.01
2137,21,37,249,146,58.63,103,41.37
2138,21,38,349,196,56.16,153,43.84
2139,21,39,335,201,60.0,134,40.0
2140,21,40,315,167,53.02,148,46.98
2141,21,41,358,188,52.51,170,47.49
2142,21,42,364,203,55.77,161,44.23
2143,21,43,351,176,50.14,175,49.86
2144,21,44,366,205,56.01,161,43.99
2145,21,45,327,186,56.88,141,43.12
2146,21,46,357,190,53.22,167,46.78
2147,21,47,322,167,51.86,155,48.14
2148,21,48,352,202,57.39,150,42.61
2149,21,49,383,191,49.87,192,50.13
2150,21,50,262,152,58.02,110,41.98
2151,21,51,361,193,53.46,168,46.54
2152,21,52,346,178,51.45,168,48.55
2153,21,53,300,147,49.0,153,51.0
2154,21,54,258,151,58.53,107,41.47
2201,22,1,192,117,60.94,75,39.06
2202,22,2,440,264,60.0,176,40.0
2203,22,3,592,392,66.22,200,33.78
2204,22,4,318,232,72.96,86,27.04
2205,22,5,352,237,67.33,115,32.67
2206,22,6,360,214,59.44,146,40.56
2207,22,7,301,192,63.79,109,36.21
2208,22,8,511,337,65.95,174,34.05
2209,22,9,308,216,70.13,92,29.87
2210,22,10,495,300,60.61,195,39.39
2211,22,11,279,183,65.59,96,34.41
2212,22,12,290,191,65.86,99,34.14
2213,22,13,398,260,65.33,138,34.67
2214,22,14,294,189,64.29,105,35.71
2215,22,15,324,231,71.3,93,28.7
2216,22,16,310,225,72.58,85,27.42
2217,22,17,501,332,66.27,169,33.73
2218,22,18,337,236,70.03,101,29.97
2219,22,19,176,94,53.41,82,46.59
2220,22,20,399,279,69.92,120,30.08
2221,22,21,334,178,53.29,156,46.71
2222,22,22,367,231,62.94,136,37.06
2223,22,23,355,203,57.18,152,42.82
2224,22,24,448,298,66.52,150,33.48
2225,22,25,370,248,67.03,122,32.97
2301,23,1,318,161,50.63,157,49.37
2302,23,2,373,225,60.32,148,39.68
2303,23,3,313,159,50.8,154,49.2
2304,23,4,331,192,58.01,139,41.99
2305,23,5,378,278,73.54,100,26.46
2306,23,6,365,263,72.05,102,27.95
2307,23,7,368,282,76.63,86,23.37
2308,23,8,437,268,61.33,169,38.67
2309,23,9,357,267,74.79,90,25.21
2310,23,10,425,307,72.24,118,27.76
2311,23,11,430,323,75.12,107,24.88
2312,23,12,362,184,50.83,178,49.17
2313,23,13,354,248,70.06,106,29.94
2314,23,14,294,146,49.66,148,50.34
2315,23,15,331,249,75.23,82,24.77
2316,23,16,330,159,48.18,171,51.82
2317,23,17,300,218,72.67,82,27.33
2318,23,18,327,186,56.88,141,43.12
2319,23,19,328,240,73.17,88,26.83
2320,23,20,260,202,77.69,58,22.31
2321,23,21,308,147,47.73,161,52.27
2322,23,22,346,208,60.12,138,39.88
2323,23,23,334,175,52.4,159,47.6
2324,23,24,336,215,63.99,121,36.01
2325,23,25,326,224,68.71,102,31.29
2326,23,26,370,251,67.84,119,32.16
2327,23,27,299,156,52.17,143,47.83
2328,23,28,391,215,54.99,176,45.01
2329,23,29,303,175,57.76,128,42.24
2330,23,30,449,282,62.81,167,37.19
2331,23,31,317,208,65.62,109,34.38
2332,23,32,359,237,66.02,122,33.98
2333,23,33,411,302,73.48,109,26.52
2334,23,34,397,276,69.52,121,30.48
2335,23,35,262,147,56.11,115,43.89
2336,23,36,338,190,56.21,148,43.79
2337,23,37,380,187,49.21,193,50.79
2338,23,38,321,198,61.68,123,38.32
2339,23,39,414,278,67.15,136,32.85
2401,24,1,237,121,51.05,116,48.95
2402,24,2,277,151,54.51,126,45.49
2403,24,3,347,192,55.33,155,44.67
2404,24,4,235,135,57.45,100,42.55
2405,24,5,163,101,61.96,62,38.04
2406,24,6,316,168,53.16,148,46.84
2407,24,7,233,139,59.66,94,40.34
2408,24,8,130,72,55.38,58,44.62
2409,24,9,269,150,55.76,119,44.24
2410,24,10,143,76,53.15,67,46.85
2411,24,11,295,152,51.53,143,48.47
2412,24,12,185,91,49.19,94,50.81
2413,24,13,180,90,50.0,90,50.0
2414,24,14,232,122,52.59,110,47.41
2415,24,15,154,89,57.79,65,42.21
2416,24,16,892,473,53.03,419,46.97
2417,24,17,205,100,48.78,105,51.22
2418,24,18,245,126,51.43,119,48.57
2419,24,19,319,168,52.66,151,47.34
2420,24,20,248,145,58.47,103,41.53
2421,24,21,158,78,49.37,80,50.63
2422,24,22,336,177,52.68,159,47.32
2423,24,23,260,151,58.08,109,41.92
2424,24,24,332,160,48.19,172,51.81
2425,24,25,213,127,59.62,86,40.38
2426,24,26,406,233,57.39,173,42.61
2427,24,27,308,164,53.25,144,46.75
2428,24,28,175,99,56.57,76,43.43
2429,24,29,206,105,50.97,101,49.03
2430,24,30,177,86,48.59,91,51.41
2431,24,31,297,131,44.11,166,55.89
2432,24,32,143,87,60.84,56,39.16
2433,24,33,173,97,56.07,76,43.93
2434,24,34,270,156,57.78,114,42.22
2435,24,35,259,138,53.28,121,46.72
2436,24,36,328,170,51.83,158,48.17
2437,24,37,138,78,56.52,60,43.48
2438,24,38,249,112,44.98,137,55.02
2439,24,39,277,152,54.87,125,45.13
2440,24,40,329,172,52.28,157,47.72
2441,24,41,127,63,49.61,64,50.39
2501,25,1,377,215,57.03,162,42.97
2502,25,2,572,233,40.73,339,59.27
2503,25,3,750,291,38.8,459,61.2
2504,25,4,350,183,52.29,167,47.71
2505,25,5,459,237,51.63,222,48.37
2506,25,6,140,70,50.0,70,50.0
2507,25,7,486,236,48.56,250,51.44
2508,25,8,540,280,51.85,260,48.15
2509,25,9,460,234,50.87,226,49.13
2510,25,10,616,223,36.2,393,63.8
2511,25,11,512,273,53.32,239,46.68
2512,25,12,464,236,50.86,228,49.14
2513,25,13,547,292,53.38,255,46.62
2514,25,14,295,145,49.15,150,50.85
2515,25,15,406,223,54.93,183,45.07
2516,25,16,732,268,36.61,464,63.39
2517,25,17,476,229,48.11,247,51.89
2518,25,18,227,109,48.02,118,51.98
2519,25,19,488,235,48.16,253,51.84
2520,25,20,240,108,45.0,132,55.0
2521,25,21,888,383,43.13,505,56.87
2522,25,22,486,243,50.0,243,50.0
2523,25,23,527,288,54.65,239,45.35
2524,25,24,484,258,53.31,226,46.69
2525,25,25,399,177,44.36,222,55.64
2526,25,26,468,256,54.7,212,45.3
2527,25,27,588,256,43.54,332,56.46
2528,25,28,508,246,48.43,262,51.57
2529,25,29,333,173,51.95,160,48.05
2530,25,30,469,231,49.25,238,50.75
2531,25,31,856,300,35.05,556,64.95
2532,25,32,372,202,54.3,170,45.7
2601,26,1,395,124,31.39,271,68.61
2602,26,2,285,126,44.21,159,55.79
2603,26,3,439,173,39.41,266,60.59
2604,26,4,259,177,68.34,82,31.66
2605,26,5,325,146,44.92,179,55.08
2606,26,6,312,174,55.77,138,44.23
2607,26,7,353,139,39.38,214,60.62
2608,26,8,222,114,51.35,108,48.65
2609,26,9,302,177,58.61,125,41.39
2610,26,10,363,168,46.28,195,53.72
2611,26,11,346,179,51.73,167,48.27
2612,26,12,374,167,44.65,207,55.35
2613,26,13,192,122,63.54,70,36.46
2614,26,14,291,166,57.04,125,42.96
2615,26,15,220,146,66.36,74,33.64
2616,26,16,198,131,66.16,67,33.84
2617,26,17,330,118,35.76,212,64.24
2618,26,18,272,165,60.66,107,39.34
2619,26,19,211,127,60.19,84,39.81
2620,26,20,316,130,41.14,186,58.86
2621,26,21,447,208,46.53,239,53.47
2622,26,22,199,138,69.35,61,30.65
2623,26,23,254,148,58.27,106,41.73
2624,26,24,287,143,49.83,144,50.17
2625,26,25,261,104,39.85,157,60.15
2626,26,26,259,98,37.84,161,62.16
2627,26,27,407,169,41.52,238,58.48
2628,26,28,464,184,39.66,280,60.34
2629,26,29,193,94,48.7,99,51.3
2630,26,30,297,103,34.68,194,65.32
2631,26,31,161,88,54.66,73,45.34
2632,26,32,431,183,42.46,248,57.54
2633,26,33,394,135,34.26,259,65.74
2634,26,34,376,156,41.49,220,58.51
2635,26,35,299,137,45.82,162,54.18
2636,26,36,353,115,32.58,238,67.42
2637,26,37,377,182,48.28,195,51.72
2638,26,38,178,119,66.85,59,33.15
2639,26,39,406,141,34.73,265,65.27
2640,26,40,205,108,52.68,97,47.32
2641,26,41,407,194,47.67,213,52.33
2642,26,42,294,125,42.52,169,57.48
2643,26,43,229,164,71.62,65,28.38
2644,26,44,184,135,73.37,49,26.63
2645,26,45,183,117,63.93,66,36.07
2646,26,46,257,91,35.41,166,64.59
2647,26,47,251,154,61.35,97,38.65
2648,26,48,373,132,35.39,241,64.61
2649,26,49,224,141,62.95,83,37.05
2701,27,1,934,374,40.04,560,59.96
2702,27,2,422,178,42.18,244,57.82
2703,27,3,171,101,59.06,70,40.94
2704,27,4,212,107,50.47,105,49.53
2705,27,5,296,161,54.39,135,45.61
2706,27,6,459,232,50.54,227,49.46
2707,27,7,599,236,39.4,363,60.6
2708,27,8,316,178,56.33,138,43.67
2709,27,9,193,78,40.41,115,59.59
2710,27,10,258,154,59.69,104,40.31
2711,27,11,479,205,42.8,274,57.2
2712,27,12,323,139,43.03,184,56.97
2713,27,13,544,257,47.24,287,52.76
2714,27,14,191,105,54.97,86,45.03
2715,27,15,183,103,56.28,80,43.72
2716,27,16,472,185,39.19,287,60.81
2717,27,17,399,185,46.37,214,53.63
2718,27,18,242,121,50.0,121,50.0
2719,27,19,187,109,58.29,78,41.71
2720,27,20,263,132,50.19,131,49.81
2721,27,21,379,162,42.74,217,57.26
2722,27,22,156,80,51.28,76,48.72
2723,27,23,217,122,56.22,95,43.78
2724,27,24,258,172,66.67,86,33.33
2725,27,25,353,159,45.04,194,54.96
2726,27,26,259,117,45.17,142,54.83
2727,27,27,506,232,45.85,274,54.15
2728,27,28,519,254,48.94,265,51.06
2729,27,29,249,149,59.84,100,40.16
2730,27,30,171,82,47.95,89,52.05
2731,27,31,279,145,51.97,134,48.03
2732,27,32,363,175,48.21,188,51.79
2733,27,33,555,219,39.46,336,60.54
2734,27,34,196,103,52.55,93,47.45
2735,27,35,543,184,33.89,359,66.11
2736,27,36,276,119,43.12,157,56.88
2737,27,37,357,161,45.1,196,54.9
2738,27,38,527,284,53.89,243,46.11
2739,27,39,268,123,45.9,145,54.1
2740,27,40,567,257,45.33,310,54.67
2741,27,41,255,139,54.51,116,45.49
2742,27,42,256,116,45.31,140,54.69
2743,27,43,311,177,56.91,134,43.09
2744,27,44,266,135,50.75,131,49.25
2745,27,45,1156,434,37.54,722,62.46
2746,27,46,359,140,39.0,219,61.0
2747,27,47,230,125,54.35,105,45.65
2748,27,48,701,324,46.22,377,53.78
2749,27,49,265,148,55.85,117,44.15
2750,27,50,315,160,50.79,155,49.21
2801,28,1,211,123,58.29,88,41.71
2802,28,2,249,133,53.41,116,46.59
2803,28,3,217,114,52.53,103,47.47
2804,28,4,288,147,51.04,141,48.96
2805,28,5,177,91,51.41,86,48.59
2806,28,6,175,83,47.43,92,52.57
2807,28,7,266,166,62.41,100,37.59
2808,28,8,497,183,36.82,314,63.18
2809,28,9,285,170,59.65,115,40.35
2810,28,10,387,180,46.51,207,53.49
2811,28,11,714,335,46.92,379,53.08
2812,28,12,256,162,63.28,94,36.72
2813,28,13,278,179,64.39,99,35.61
2814,28,14,273,161,58.97,112,41.03
2815,28,15,52,32,61.54,20,38.46
2816,28,16,177,93,52.54,84,47.46
2817,28,17,241,144,59.75,97,40.25
2818,28,18,234,125,53.42,109,46.58
2819,28,19,286,129,45.1,157,54.9
2820,28,20,231,122,52.81,109,47.19
2821,28,21,244,126,51.64,118,48.36
2822,28,22,270,134,49.63,136,50.37
2823,28,23,331,200,60.42,131,39.58
2824,28,24,240,129,53.75,111,46.25
2825,28,25,431,230,53.36,201,46.64
2826,28,26,252,145,57.54,107,42.46
2827,28,27,335,130,38.81,205,61.19
2828,28,28,409,164,40.1,245,59.9
2829,28,29,154,86,55.84,68,44.16
2830,28,30,47,32,68.09,15,31.91
2831,28,31,307,179,58.31,128,41.69
2832,28,32,271,151,55.72,120,44.28
2833,28,33,295,165,55.93,130,44.07
2834,28,34,505,285,56.44,220,43.56
2835,28,35,300,158,52.67,142,47.33
2836,28,36,131,75,57.25,56,42.75
2837,28,37,305,181,59.34,124,40.66
2838,28,38,115,76,66.09,39,33.91
2839,28,39,213,116,54.46,97,45.54
2840,28,40,358,209,58.38,149,41.62
2841,28,41,184,91,49.46,93,50.54
2842,28,42,284,161,56.69,123,43.31
2843,28,43,326,199,61.04,127,38.96
2844,28,44,218,116,53.21,102,46.79
2845,28,45,478,180,37.66,298,62.34
2846,28,46,603,272,45.11,331,54.89
2901,29,1,539,245,45.45,294,54.55
2902,29,2,432,239,55.32,193,44.68
2903,29,3,303,179,59.08,124,40.92
2904,29,4,424,265,62.5,159,37.5
2905,29,5,269,150,55.76,119,44.24
2906,29,6,262,156,59.54,106,40.46
2907,29,7,391,193,49.36,198,50.64
2908,29,8,342,191,55.85,151,44.15
2909,29,9,425,205,48.24,220,51.76
2910,29,10,500,241,48.2,259,51.8
2911,29,11,193,116,60.1,77,39.9
2912,29,12,459,262,57.08,197,42.92
2913,29,13,335,178,53.13,157,46.87
2914,29,14,317,167,52.68,150,47.32
2915,29,15,405,217,53.58,188,46.42
2916,29,16,348,216,62.07,132,37.93
2917,29,17,348,180,51.72,168,48.28
2918,29,18,334,193,57.78,141,42.22
2919,29,19,340,177,52.06,163,47.94
2920,29,20,382,207,54.19,175,45.81
2921,29,21,438,235,53.65,203,46.35
2922,29,22,269,143,53.16,126,46.84
2923,29,23,449,244,54.34,205,45.66
2924,29,24,359,218,60.72,141,39.28
2925,29,25,416,258,62.02,158,37.98
2926,29,26,348,181,52.01,167,47.99
2927,29,27,333,184,55.26,149,44.74
2928,29,28,426,243,57.04,183,42.96
2929,29,29,450,252,56.0,198,44.0
2930,29,30,519,292,56.26,227,43.74
2931,29,31,403,214,53.1,189,46.9
2932,29,32,406,233,57.39,173,42.61
2933,29,33,247,130,52.63,117,47.37
2934,29,34,261,139,53.26,122,46.74
2935,29,35,283,144,50.88,139,49.12
2936,29,36,331,188,56.8,143,43.2
2937,29,37,343,188,54.81,155,45.19
2938,29,38,488,315,64.55,173,35.45
2939,29,39,416,254,61.06,162,38.94
2940,29,40,399,248,62.16,151,37.84
2941,29,41,310,177,57.1,133,42.9
2942,29,42,388,200,51.55,188,48.45
2943,29,43,472,245,51.91,227,48.09
2944,29,44,389,206,52.96,183,47.04
3001,30,1,479,260,54.28,219,45.72
3002,30,2,425,256,60.24,169,39.76
3003,30,3,370,159,42.97,211,57.03
3004,30,4,420,229,54.52,191,45.48
3005,30,5,343,229,66.76,114,33.24
3006,30,6,281,188,66.9,93,33.1
3007,30,7,479,240,50.1,239,49.9
3008,30,8,523,224,42.83,299,57.17
3009,30,9,367,231,62.94,136,37.06
3010,30,10,405,271,66.91,134,33.09
3011,30,11,432,309,71.53,123,28.47
3012,30,12,395,255,64.56,140,35.44
3013,30,13,428,265,61.92,163,38.08
3014,30,14,316,227,71.84,89,28.16
3015,30,15,396,126,31.82,270,68.18
3016,30,16,238,158,66.39,80,33.61
3017,30,17,443,239,53.95,204,46.05
3018,30,18,549,255,46.45,294,53.55
3019,30,19,461,329,71.37,132,28.63
3020,30,20,461,217,47.07,244,52.93
3021,30,21,295,179,60.68,116,39.32
3022,30,22,640,306,47.81,334,52.19
3023,30,23,555,266,47.93,289,52.07
3024,30,24,639,263,41.16,376,58.84
3025,30,25,668,271,40.57,397,59.43
3026,30,26,275,158,57.45,117,42.55
3027,30,27,312,170,54.49,142,45.51
3028,30,28,469,198,42.22,271,57.78
3029,30,29,307,215,70.03,92,29.97
3030,30,30,189,131,69.31,58,30.69
3031,30,31,277,150,54.15,127,45.85
3032,30,32,352,155,44.03,197,55.97
3101,31,1,280,170,60.71,110,39.29
3102,31,2,261,181,69.35,80,30.65
3103,31,3,277,172,62.09,105,37.91
3104,31,4,383,156,40.73,227,59.27
3105,31,5,315,186,59.05,129,40.95
3106,31,6,205,144,70.24,61,29.76
3107,31,7,432,180,41.67,252,58.33
3108,31,8,271,187,69.0,84,31.0
3109,31,9,331,208,62.84,123,37.16
3110,31,10,352,199,56.53,153,43.47
3111,31,11,222,134,60.36,88,39.64
3112,31,12,242,136,56.2,106,43.8
3113,31,13,319,219,68.65,100,31.35
3114,31,14,280,190,67.86,90,32.14
3115,31,15,294,192,65.31,102,34.69
3116,31,16,369,132,35.77,237,64.23
3117,31,17,275,192,69.82,83,30.18
3118,31,18,277,189,68.23,88,31.77
3119,31,19,266,158,59.4,108,40.6
3120,31,20,252,160,63.49,92,36.51
3121,31,21,265,186,70.19,79,29.81
3122,31,22,253,151,59.68,102,40.32
3123,31,23,326,169,51.84,157,48.16
3124,31,24,295,186,63.05,109,36.95
3125,31,25,305,196,64.26,109,35.74
3126,31,26,298,176,59.06,122,40.94
3127,31,27,322,227,70.5,95,29.5
3128,31,28,277,187,67.51,90,32.49
3129,31,29,284,180,63.38,104,36.62
3130,31,30,244,170,69.67,74,30.33
3131,31,31,252,169,67.06,83,32.94
3132,31,32,238,161,67.65,77,32.35
3133,31,33,275,183,66.55,92,33.45
3134,31,34,287,164,57.14,123,42.86
3135,31,35,352,235,66.76,117,33.24
3136,31,36,290,160,55.17,130,44.83
3137,31,37,282,183,64.89,99,35.11
3138,31,38,277,194,70.04,83,29.96
3139,31,39,341,179,52.49,162,47.51
3140,31,40,344,179,52.03,165,47.97
3141,31,41,276,177,64.13,99,35.87
3201,32,1,677,292,43.13,385,56.87
3202,32,2,602,182,30.23,420,69.77
3203,32,3,586,179,30.55,407,69.45
3204,32,4,485,149,30.72,336,69.28
3205,32,5,577,188,32.58,389,67.42
3206,32,6,648,191,29.48,457,70.52
3207,32,7,617,212,34.36,405,65.64
3208,32,8,655,202,30.84,453,69.16
3209,32,9,540,214,39.63,326,60.37
3210,32,10,600,195,32.5,405,67.5
3211,32,11,480,121,25.21,359,74.79
3212,32,12,377,100,26.53,277,73.47
3213,32,13,586,217,37.03,369,62.97
3214,32,14,582,157,26.98,425,73.02
3215,32,15,508,171,33.66,337,66.34
3216,32,16,499,149,29.86,350,70.14
3217,32,17,543,150,27.62,393,72.38
3218,32,18,526,193,36.69,333,63.31
3219,32,19,500,173,34.6,327,65.4
3220,32,20,515,139,26.99,376,73.01
3221,32,21,540,151,27.96,389,72.04
3222,32,22,684,186,27.19,498,72.81
3223,32,23,582,173,29.73,409,70.27
3224,32,24,464,167,35.99,297,64.01
3225,32,25,537,174,32.4,363,67.6
3226,32,26,566,145,25.62,421,74.38
3227,32,27,544,199,36.58,345,63.42
3228,32,28,568,150,26.41,418,73.59
3229,32,29,576,177,30.73,399,69.27
3230,32,30,536,175,32.65,361,67.35
3231,32,31,584,197,33.73,387,66.27
3232,32,32,648,214,33.02,434,66.98
3233,32,33,488,143,29.3,345,70.7
3234,32,34,594,210,35.35,384,64.65
3235,32,35,516,185,35.85,331,64.15
3236,32,36,569,178,31.28,391,68.72
3237,32,37,624,242,38.78,382,61.22
3238,32,38,527,204,38.71,323,61.29
3239,32,39,608,214,35.2,394,64.8
3240,32,40,557,175,31.42,382,68.58
3241,32,41,570,198,34.74,372,65.26
3242,32,42,505,168,33.27,337,66.73
3243,32,43,490,119,24.29,371,75.71
3301,33,1,606,261,43.07,345,56.93
3302,33,2,727,314,43.19,413,56.81
3303,33,3,790,296,37.47,494,62.53
3304,33,4,753,316,41.97,437,58.03
3305,33,5,531,247,46.52,284,53.48
3306,33,6,503,248,49.3,255,50.7
3307,33,7,573,266,46.42,307,53.58
3308,33,8,721,151,20.94,570,79.06
3309,33,9,621,244,39.29,377,60.71
3310,33,10,472,210,44.49,262,55.51
3311,33,11,565,280,49.56,285,50.44
3312,33,12,569,280,49.21,289,50.79
3313,33,13,558,212,37.99,346,62.01
3314,33,14,278,132,47.48,146,52.52
3315,33,15,590,247,41.86,343,58.14
3316,33,16,759,389,51.25,370,48.75
3317,33,17,585,261,44.62,324,55.38
3318,33,18,811,352,43.4,459,56.6
3319,33,19,674,268,39.76,406,60.24
3320,33,20,704,261,37.07,443,62.93
3321,33,21,624,283,45.35,341,54.65
3322,33,22,533,252,47.28,281,52.72
3323,33,23,637,232,36.42,405,63.58
3324,33,24,698,159,22.78,539,77.22
3325,33,25,675,297,44.0,378,56.0
3326,33,26,421,151,35.87,270,64.13
3327,33,27,656,256,39.02,400,60.98
3328,33,28,526,174,33.08,352,66.92
3401,34,1,398,169,42.46,229,57.54
3402,34,2,319,165,51.72,154,48.28
3403,34,3,360,167,46.39,193,53.61
3404,34,4,285,141,49.47,144,50.53
3405,34,5,313,168,53.67,145,46.33
3406,34,6,411,184,44.77,227,55.23
3407,34,7,381,183,48.03,198,51.97
3408,34,8,300,150,50.0,150,50.0
3409,34,9,239,122,51.05,117,48.95
3410,34,10,305,141,46.23,164,53.77
3411,34,11,314,174,55.41,140,44.59
3412,34,12,378,186,49.21,192,50.79
3413,34,13,369,185,50.14,184,49.86
3414,34,14,277,156,56.32,121,43.68
3415,34,15,328,180,54.88,148,45.12
3416,34,16,332,184,55.42,148,44.58
3417,34,17,436,222,50.92,214,49.08
3418,34,18,221,120,54.3,101,45.7
3419,34,19,388,201,51.8,187,48.2
3420,34,20,406,210,51.72,196,48.28
3421,34,21,425,177,41.65,248,58.35
3422,34,22,367,170,46.32,197,53.68
3423,34,23,306,136,44.44,170,55.56
3424,34,24,307,168,54.72,139,45.28
3425,34,25,534,258,48.31,276,51.69
3426,34,26,421,208,49.41,213,50.59
3427,34,27,282,137,48.58,145,51.42
3428,34,28,227,126,55.51,101,44.49
3429,34,29,289,136,47.06,153,52.94
3430,34,30,341,163,47.8,178,52.2
3431,34,31,277,142,51.26,135,48.74
3432,34,32,352,183,51.99,169,48.01
3433,34,33,300,147,49.0,153,51.0
3434,34,34,415,190,45.78,225,54.22
3435,34,35,440,207,47.05,233,52.95
3436,34,36,306,140,45.75,166,54.25
3437,34,37,206,107,51.94,99,48.06
3438,34,38,181,99,54.7,82,45.3
3439,34,39,261,128,49.04,133,50.96
3440,34,40,378,161,42.59,217,57.41
3441,34,41,221,106,47.96,115,52.04
3442,34,42,353,176,49.86,177,50.14
3443,34,43,332,125,37.65,207,62.35
3444,34,44,308,137,44.48,171,55.52
3445,34,45,351,182,51.85,169,48.15
3446,34,46,238,107,44.96,131,55.04
3447,34,47,319,181,56.74,138,43.26
3448,34,48,370,170,45.95,200,54.05
3449,34,49,329,153,46.5,176,53.5
3450,34,50,288,149,51.74,139,48.26
3451,34,51,405,193,47.65,212,52.35
3452,34,52,280,143,51.07,137,48.93
3453,34,53,244,128,52.46,116,47.54
3501,35,1,491,197,40.12,294,59.88
3502,35,2,521,179,34.36,342,65.64
3503,35,3,443,216,48.76,227,51.24
3504,35,4,483,226,46.79,257,53.21
3505,35,5,419,181,43.2,238,56.8
3506,35,6,519,220,42.39,299,57.61
3507,35,7,510,157,30.78,353,69.22
3508,35,8,500,200,40.0,300,60.0
3509,35,9,418,220,52.63,198,47.37
3510,35,10,562,160,28.47,402,71.53
3511,35,11,554,237,42.78,317,57.22
3512,35,12,324,215,66.36,109,33.64
3513,35,13,338,207,61.24,131,38.76
3514,35,14,381,224,58.79,157,41.21
3515,35,15,597,255,42.71,342,57.29
3516,35,16,258,170,65.89,88,34.11
3517,35,17,484,170,35.12,314,64.88
3518,35,18,329,224,68.09,105,31.91
3519,35,19,300,193,64.33,107,35.67
3520,35,20,475,253,53.26,222,46.74
3521,35,21,501,245,48.9,256,51.1
3522,35,22,604,256,42.38,348,57.62
3523,35,23,492,216,43.9,276,56.1
3524,35,24,433,182,42.03,251,57.97
3525,35,25,508,157,30.91,351,69.09
3526,35,26,424,185,43.63,239,56.37
3527,35,27,438,206,47.03,232,52.97
3528,35,28,492,186,37.8,306,62.2
3529,35,29,465,248,53.33,217,46.67
3530,35,30,438,235,53.65,203,46.35
3531,35,31,518,235,45.37,283,54.63
3601,36,1,399,269,67.42,130,32.58
3602,36,2,392,275,70.15,117,29.85
3603,36,3,351,221,62.96,130,37.04
3604,36,4,443,309,69.75,134,30.25
3605,36,5,359,232,64.62,127,35.38
3606,36,6,353,246,69.69,107,30.31
3607,36,7,398,194,48.74,204,51.26
3608,36,8,329,242,73.56,87,26.44
3609,36,9,399,248,62.16,151,37.84
3610,36,10,509,336,66.01,173,33.99
3611,36,11,287,187,65.16,100,34.84
3612,36,12,250,169,67.6,81,32.4
3613,36,13,288,207,71.88,81,28.13
3614,36,14,443,221,49.89,222,50.11
3615,36,15,383,220,57.44,163,42.56
3616,36,16,397,212,53.4,185,46.6
3617,36,17,481,292,60.71,189,39.29
3618,36,18,416,229,55.05,187,44.95
3619,36,19,507,339,66.86,168,33.14
3620,36,20,453,274,60.49,179,39.51
3621,36,21,363,247,68.04,116,31.96
3622,36,22,369,257,69.65,112,30.35
3623,36,23,369,247,66.94,122,33.06
3624,36,24,465,282,60.65,183,39.35
3625,36,25,427,313,73.3,114,26.7
3626,36,26,366,209,57.1,157,42.9
3627,36,27,341,209,61.29,132,38.71
3628,36,28,355,207,58.31,148,41.69
3629,36,29,424,246,58.02,178,41.98
3630,36,30,384,218,56.77,166,43.23
3701,37,1,203,142,69.95,61,30.05
3702,37,2,305,190,62.3,115,37.7
3703,37,3,223,139,62.33,84,37.67
3704,37,4,264,154,58.33,110,41.67
3705,37,5,327,184,56.27,143,43.73
3706,37,6,211,128,60.66,83,39.34
3707,37,7,252,169,67.06,83,32.94
3708,37,8,230,138,60.0,92,40.0
3709,37,9,302,175,57.95,127,42.05
3710,37,10,396,249,62.88,147,37.12
3711,37,11,205,124,60.49,81,39.51
3712,37,12,299,190,63.55,109,36.45
3713,37,13,241,141,58.51,100,41.49
3714,37,14,359,204,56.82,155,43.18
3715,37,15,333,209,62.76,124,37.24
3716,37,16,348,196,56.32,152,43.68
3717,37,17,228,135,59.21,93,40.79
3718,37,18,269,144,53.53,125,46.47
3719,37,19,232,142,61.21,90,38.79
3720,37,20,282,187,66.31,95,33.69
3721,37,21,248,156,62.9,92,37.1
3722,37,22,291,198,68.04,93,31.96
3723,37,23,301,182,60.47,119,39.53
3724,37,24,297,175,58.92,122,41.08
3725,37,25,274,142,51.82,132,48.18
3726,37,26,426,218,51.17,208,48.83
3727,37,27,306,172,56.21,134,43.79
3728,37,28,276,158,57.25,118,42.75
3729,37,29,269,167,62.08,102,37.92
3730,37,30,273,166,60.81,107,39.19
3731,37,31,375,240,64.0,135,36.0
3732,37,32,273,172,63.0,101,37.0
3733,37,33,232,129,55.6,103,44.4
3734,37,34,272,157,57.72,115,42.28
3735,37,35,316,187,59.18,129,40.82
3736,37,36,215,105,48.84,110,51.16
3737,37,37,320,200,62.5,120,37.5
3738,37,38,334,190,56.89,144,43.11
3739,37,39,259,155,59.85,104,40.15
3740,37,40,323,200,61.92,123,38.08
3741,37,41,310,179,57.74,131,42.26
3801,38,1,400,198,49.5,202,50.5
3802,38,2,372,163,43.82,209,56.18
3803,38,3,403,202,50.12,201,49.88
3804,38,4,367,187,50.95,180,49.05
3805,38,5,379,189,49.87,190,50.13
3806,38,6,396,208,52.53,188,47.47
3807,38,7,378,201,53.17,177,46.83
3808,38,8,385,212,55.06,173,44.94
3809,38,9,469,255,54.37,214,45.63
3810,38,10,359,171,47.63,188,52.37
3811,38,11,364,195,53.57,169,46.43
3812,38,12,351,176,50.14,175,49.86
3813,38,13,451,232,51.44,219,48.56
3814,38,14,426,212,49.77,214,50.23
3815,38,15,372,191,51.34,181,48.66
3816,38,16,392,192,48.98,200,51.02
3817,38,17,468,240,51.28,228,48.72
3818,38,18,425,188,44.24,237,55.76
3819,38,19,423,216,51.06,207,48.94
3820,38,20,407,203,49.88,204,50.12
3821,38,21,400,218,54.5,182,45.5
3822,38,22,377,191,50.66,186,49.34
3823,38,23,429,196,45.69,233,54.31
3824,38,24,390,226,57.95,164,42.05
3825,38,25,373,188,50.4,185,49.6
3826,38,26,399,211,52.88,188,47.12
3827,38,27,385,200,51.95,185,48.05
3828,38,28,485,231,47.63,254,52.37
3829,38,29,416,225,54.09,191,45.91
3830,38,30,402,227,56.47,175,43.53
3831,38,31,427,183,42.86,244,57.14
3832,38,32,387,193,49.87,194,50.13
3833,38,33,354,200,56.5,154,43.5
3834,38,34,364,169,46.43,195,53.57
3835,38,35,385,196,50.91,189,49.09
3836,38,36,382,192,50.26,190,49.74
3837,38,37,391,194,49.62,197,50.38
3838,38,38,402,224,55.72,178,44.28
3839,38,39,440,198,45.0,242,55.0
3840,38,40,422,198,46.92,224,53.08
3841,38,41,371,156,42.05,215,57.95
3901,39,1,403,142,35.24,261,64.76
3902,39,2,255,138,54.12,117,45.88
3903,39,3,482,173,35.89,309,64.11
3904,39,4,395,165,41.77,230,58.23
3905,39,5,448,197,43.97,251,56.03
3906,39,6,453,225,49.67,228,50.33
3907,39,7,392,174,44.39,218,55.61
3908,39,8,425,230,54.12,195,45.88
3909,39,9,379,213,56.2,166,43.8
3910,39,10,207,95,45.89,112,54.11
3911,39,11,406,201,49.51,205,50.49
3912,39,12,575,252,43.83,323,56.17
3913,39,13,346,171,49.42,175,50.58
3914,39,14,442,189,42.76,253,57.24
3915,39,15,477,230,48.22,247,51.78
3916,39,16,379,216,56.99,163,43.01
3917,39,17,426,178,41.78,248,58.22
3918,39,18,432,175,40.51,257,59.49
3919,39,19,413,178,43.1,235,56.9
3920,39,20,521,218,41.84,303,58.16
3921,39,21,413,186,45.04,227,54.96
3922,39,22,423,222,52.48,201,47.52
3923,39,23,419,159,37.95,260,62.05
3924,39,24,512,227,44.34,285,55.66
3925,39,25,357,169,47.34,188,52.66
3926,39,26,377,163,43.24,214,56.76
3927,39,27,63,16,25.4,47,74.6
3928,39,28,542,201,37.08,341,62.92
3929,39,29,227,122,53.74,105,46.26
3930,39,30,541,246,45.47,295,54.53
3931,39,31,385,187,48.57,198,51.43
3932,39,32,314,158,50.32,156,49.68
3933,39,33,425,184,43.29,241,56.71
3934,39,34,506,202,39.92,304,60.08
3935,39,35,423,182,43.03,241,56.97
3936,39,36,103,52,50.49,51,49.51
3937,39,37,380,148,38.95,232,61.05
3938,39,38,211,75,35.55,136,64.45
3939,39,39,265,123,46.42,142,53.58
3940,39,40,428,191,44.63,237,55.37
3941,39,41,452,152,33.63,300,66.37
3942,39,42,430,193,44.88,237,55.12
3943,39,43,429,149,34.73,280,65.27
3944,39,44,331,126,38.07,205,61.93
3945,39,45,372,131,35.22,241,64.78
4001,40,1,417,222,53.24,195,46.76
4002,40,2,500,246,49.2,254,50.8
4003,40,3,626,207,33.07,419,66.93
4004,40,4,298,151,50.67,147,49.33
4005,40,5,553,184,33.27,369,66.73
4006,40,6,597,139,23.28,458,76.72
4007,40,7,482,131,27.18,351,72.82
4008,40,8,674,194,28.78,480,71.22
4009,40,9,384,213,55.47,171,44.53
4010,40,10,529,277,52.36,252,47.64
4011,40,11,519,152,29.29,367,70.71
4012,40,12,419,120,28.64,299,71.36
4013,40,13,747,174,23.29,573,76.71
4014,40,14,440,225,51.14,215,48.86
4015,40,15,458,221,48.25,237,51.75
4016,40,16,676,158,23.37,518,76.63
4017,40,17,418,152,36.36,266,63.64
4018,40,18,385,219,56.88,166,43.12
4019,40,19,595,321,53.95,274,46.05
4020,40,20,509,243,47.74,266,52.26
4021,40,21,579,201,34.72,378,65.28
4022,40,22,619,203,32.79,416,67.21
4023,40,23,615,200,32.52,415,67.48
4024,40,24,453,231,50.99,222,49.01
4025,40,25,595,158,26.55,437,73.45
4026,40,26,526,145,27.57,381,72.43
4027,40,27,624,265,42.47,359,57.53
4028,40,28,536,163,30.41,373,69.59
4029,40,29,515,197,38.25,318,61.75
4030,40,30,406,145,35.71,261,64.29
4031,40,31,585,187,31.97,398,68.03
4032,40,32,551,183,33.21,368,66.79
4033,40,33,495,130,26.26,365,73.74
4034,40,34,416,178,42.79,238,57.21
4035,40,35,329,192,58.36,137,41.64
4036,40,36,426,143,33.57,283,66.43
4037,40,37,512,233,45.51,279,54.49
4038,40,38,627,168,26.79,459,73.21
4039,40,39,195,120,61.54,75,38.46
4101,41,1,428,171,39.95,257,60.05
4102,41,2,453,180,39.74,273,60.26
4103,41,3,433,181,41.8,252,58.2
4104,41,4,422,157,37.2,265,62.8
4105,41,5,501,219,43.71,282,56.29
4106,41,6,498,190,38.15,308,61.85
4107,41,7,451,165,36.59,286,63.41
4108,41,8,435,173,39.77,262,60.23
4109,41,9,389,153,39.33,236,60.67
4110,41,10,446,162,36.32,284,63.68
4111,41,11,454,181,39.87,273,60.13
4112,41,12,462,231,50.0,231,50.0
4113,41,13,474,214,45.15,260,54.85
4114,41,14,462,147,31.82,315,68.18
4115,41,15,539,223,41.37,316,58.63
4116,41,16,411,189,45.99,222,54.01
4117,41,17,384,171,44.53,213,55.47
4118,41,18,389,178,45.76,211,54.24
4119,41,19,474,136,28.69,338,71.31
4120,41,20,320,139,43.44,181,56.56
4121,41,21,461,203,44.03,258,55.97
4122,41,22,495,189,38.18,306,61.82
4123,41,23,412,209,50.73,203,49.27
4124,41,24,409,207,50.61,202,49.39
4125,41,25,384,210,54.69,174,45.31
4126,41,26,404,155,38.37,249,61.63
4127,41,27,374,204,54.55,170,45.45
4128,41,28,413,229,55.45,184,44.55
4129,41,29,342,186,54.39,156,45.61
4130,41,30,372,167,44.89,205,55.11
4131,41,31,389,167,42.93,222,57.07
4132,41,32,377,164,43.5,213,56.5
4133,41,33,403,191,47.39,212,52.61
4134,41,34,397,168,42.32,229,57.68
4135,41,35,492,205,41.67,287,58.33
4136,41,36,443,170,38.37,273,61.63
4137,41,37,482,224,46.47,258,53.53
4138,41,38,422,183,43.36,239,56.64
4139,41,39,440,171,38.86,269,61.14
4140,41,40,471,181,38.43,290,61.57
4141,41,41,449,190,42.32,259,57.68
4142,41,42,430,155,36.05,275,63.95
4143,41,43,409,193,47.19,216,52.81
4144,41,44,432,153,35.42,279,64.58
4145,41,45,437,199,45.54,238,54.46
4146,41,46,439,158,35.99,281,64.01
4147,41,47,447,177,39.6,270,60.4
4201,42,1,427,157,36.77,270,63.23
4202,42,2,625,296,47.36,329,52.64
4203,42,3,542,220,40.59,322,59.41
4204,42,4,1188,521,43.86,667,56.14
4205,42,5,414,138,33.33,276,66.67
4206,42,6,472,224,47.46,248,52.54
4207,42,7,607,230,37.89,377,62.11
4208,42,8,407,129,31.7,278,68.3
4209,42,9,692,320,46.24,372,53.76
4210,42,10,733,304,41.47,429,58.53
4211,42,11,323,152,47.06,171,52.94
4212,42,12,418,163,39.0,255,61.0
4213,42,13,404,137,33.91,267,66.09
4214,42,14,691,321,46.45,370,53.55
4215,42,15,701,266,37.95,435,62.05
4216,42,16,516,199,38.57,317,61.43
4217,42,17,823,329,39.98,494,60.02
4218,42,18,664,277,41.72,387,58.28
4219,42,19,639,260,40.69,379,59.31
4220,42,20,629,273,43.4,356,56.6
4221,42,21,664,247,37.2,417,62.8
4222,42,22,294,121,41.16,173,58.84
4223,42,23,539,211,39.15,328,60.85
4224,42,24,478,190,39.75,288,60.25
4225,42,25,585,252,43.08,333,56.92
4226,42,26,812,388,47.78,424,52.22
4227,42,27,346,120,34.68,226,65.32
4228,42,28,556,215,38.67,341,61.33
4229,42,29,618,249,40.29,369,59.71
4230,42,30,409,126,30.81,283,69.19
4231,42,31,598,285,47.66,313,52.34
4232,42,32,623,289,46.39,334,53.61
4233,42,33,593,246,41.48,347,58.52
4234,42,34,413,148,35.84,265,64.16
4235,42,35,626,276,44.09,350,55.91
4236,42,36,938,366,39.02,572,60.98
4237,42,37,404,143,35.4,261,64.6
4238,42,38,505,213,42.18,292,57.82
4239,42,39,896,422,47.1,474,52.9
4240,42,40,759,364,47.96,395,52.04
4241,42,41,546,221,40.48,325,59.52
4242,42,42,922,405,43.93,517,56.07
4301,43,1,261,98,37.55,163,62.45
4302,43,2,546,146,26.74,400,73.26
4303,43,3,489,118,24.13,371,75.87
4304,43,4,605,220,36.36,385,63.64
4305,43,5,478,141,29.5,337,70.5
4306,43,6,413,145,35.11,268,64.89
4307,43,7,297,111,37.37,186,62.63
4308,43,8,388,133,34.28,255,65.72
4309,43,9,514,187,36.38,327,63.62
4310,43,10,615,167,27.15,448,72.85
4311,43,11,492,159,32.32,333,67.68
4312,43,12,330,103,31.21,227,68.79
4313,43,13,510,189,37.06,321,62.94
4314,43,14,522,158,30.27,364,69.73
4315,43,15,495,176,35.56,319,64.44
4316,43,16,675,240,35.56,435,64.44
4317,43,17,425,144,33.88,281,66.12
4318,43,18,562,201,35.77,361,64.23
4319,43,19,506,162,32.02,344,67.98
4320,43,20,620,223,35.97,397,64.03
4321,43,21,586,188,32.08,398,67.92
4322,43,22,361,116,32.13,245,67.87
4323,43,23,361,119,32.96,242,67.04
4324,43,24,374,158,42.25,216,57.75
4325,43,25,415,154,37.11,261,62.89
4326,43,26,300,83,27.67,217,72.33
4327,43,27,469,158,33.69,311,66.31
4328,43,28,595,251,42.18,344,57.82
4329,43,29,735,259,35.24,476,64.76
4330,43,30,537,166,30.91,371,69.09
4331,43,31,479,171,35.7,308,64.3
4332,43,32,518,156,30.12,362,69.88
4333,43,33,468,161,34.4,307,65.6
4334,43,34,340,102,30.0,238,70.0
4335,43,35,525,160,30.48,365,69.52
4336,43,36,335,122,36.42,213,63.58
4337,43,37,594,223,37.54,371,62.46
4338,43,38,353,108,30.59,245,69.41
4339,43,39,385,124,32.21,261,67.79
4340,43,40,375,149,39.73,226,60.27
4341,43,41,629,217,34.5,412,65.5
4342,43,42,488,139,28.48,349,71.52
4343,43,43,494,175,35.43,319,64.57
4344,43,44,508,157,30.91,351,69.09
4345,43,45,321,86,26.79,235,73.21
4346,43,46,309,71,22.98,238,77.02
4401,44,1,852,282,33.1,570,66.9
4402,44,2,558,195,34.95,363,65.05
4403,44,3,290,86,29.66,204,70.34
4404,44,4,425,142,33.41,283,66.59
4405,44,5,553,230,41.59,323,58.41
4406,44,6,704,228,32.39,476,67.61
4407,44,7,348,99,28.45,249,71.55
4408,44,8,770,244,31.69,526,68.31
4409,44,9,589,177,30.05,412,69.95
4410,44,10,595,194,32.61,401,67.39
4411,44,11,648,218,33.64,430,66.36
4412,44,12,586,197,33.62,389,66.38
4413,44,13,490,182,37.14,308,62.86
4414,44,14,557,210,37.7,347,62.3
4415,44,15,525,180,34.29,345,65.71
4416,44,16,661,172,26.02,489,73.98
4417,44,17,758,257,33.91,501,66.09
4418,44,18,609,210,34.48,399,65.52
4419,44,19,675,241,35.7,434,64.3
4420,44,20,715,255,35.66,460,64.34
4421,44,21,650,211,32.46,439,67.54
4422,44,22,541,202,37.34,339,62.66
4423,44,23,545,202,37.06,343,62.94
4424,44,24,373,131,35.12,242,64.88
4425,44,25,571,191,33.45,380,66.55
4426,44,26,750,246,32.8,504,67.2
4427,44,27,676,198,29.29,478,70.71
4428,44,28,609,228,37.44,381,62.56
4429,44,29,665,210,31.58,455,68.42
4430,44,30,691,215,31.11,476,68.89
4431,44,31,516,196,37.98,320,62.02
4432,44,32,659,212,32.17,447,67.83
4433,44,33,629,244,38.79,385,61.21
4434,44,34,584,217,37.16,367,62.84
4435,44,35,576,185,32.12,391,67.88
4436,44,36,655,227,34.66,428,65.34
4437,44,37,662,177,26.74,485,73.26
4438,44,38,686,269,39.21,417,60.79
4439,44,39,622,211,33.92,411,66.08
4440,44,40,543,169,31.12,374,68.88
4441,44,41,732,294,40.16,438,59.84
4501,45,1,385,143,37.14,242,62.86
4502,45,2,476,181,38.03,295,61.97
4503,45,3,411,164,39.9,247,60.1
4504,45,4,544,191,35.11,353,64.89
4505,45,5,470,188,40.0,282,60.0
4506,45,6,622,199,31.99,423,68.01
4507,45,7,638,266,41.69,372,58.31
4508,45,8,458,235,51.31,223,48.69
4509,45,9,450,215,47.78,235,52.22
4510,45,10,443,219,49.44,224,50.56
4511,45,11,348,162,46.55,186,53.45
4512,45,12,405,182,44.94,223,55.06
4513,45,13,363,140,38.57,223,61.43
4514,45,14,631,323,51.19,308,48.81
4515,45,15,534,219,41.01,315,58.99
4516,45,16,377,144,38.2,233,61.8
4517,45,17,476,202,42.44,274,57.56
4518,45,18,468,239,51.07,229,48.93
4519,45,19,239,112,46.86,127,53.14
4520,45,20,307,146,47.56,161,52.44
4521,45,21,378,164,43.39,214,56.61
4522,45,22,398,213,53.52,185,46.48
4523,45,23,405,179,44.2,226,55.8
4524,45,24,337,148,43.92,189,56.08
4525,45,25,288,136,47.22,152,52.78
4526,45,26,243,129,53.09,114,46.91
4527,45,27,411,195,47.45,216,52.55
4528,45,28,356,156,43.82,200,56.18
4529,45,29,276,136,49.28,140,50.72
4530,45,30,434,214,49.31,220,50.69
4531,45,31,344,176,51.16,168,48.84
4532,45,32,408,208,50.98,200,49.02
4533,45,33,306,136,44.44,170,55.56
4534,45,34,455,229,50.33,226,49.67
4535,45,35,478,216,45.19,262,54.81
4536,45,36,439,170,38.72,269,61.28
4537,45,37,411,183,44.53,228,55.47
4538,45,38,418,209,50.0,209,50.0
4539,45,39,435,216,49.66,219,50.34
4540,45,40,402,195,48.51,207,51.49
4541,45,41,382,185,48.43,197,51.57
4542,45,42,411,209,50.85,202,49.15
4543,45,43,457,228,49.89,229,50.11
4544,45,44,389,174,44.73,215,55.27
4545,45,45,283,135,47.7,148,52.3
4546,45,46,338,161,47.63,177,52.37
4547,45,47,310,142,45.81,168,54.19
4548,45,48,329,155,47.11,174,52.89
4601,46,1,407,137,33.66,270,66.34
4602,46,2,539,180,33.4,359,66.6
4603,46,3,610,207,33.93,403,66.07
4604,46,4,519,174,33.53,345,66.47
4605,46,5,710,254,35.77,456,64.23
4606,46,6,463,187,40.39,276,59.61
4607,46,7,501,211,42.12,290,57.88
4608,46,8,354,166,46.89,188,53.11
4609,46,9,615,193,31.38,422,68.62
4610,46,10,915,325,35.52,590,64.48
4611,46,11,510,202,39.61,308,60.39
4612,46,12,598,167,27.93,431,72.07
4613,46,13,560,185,33.04,375,66.96
4614,46,14,536,294,54.85,242,45.15
4615,46,15,544,186,34.19,358,65.81
4616,46,16,634,175,27.6,459,72.4
4617,46,17,558,222,39.78,336,60.22
4618,46,18,592,251,42.4,341,57.6
4619,46,19,356,137,38.48,219,61.52
4620,46,20,453,209,46.14,244,53.86
4621,46,21,398,182,45.73,216,54.27
4622,46,22,383,162,42.3,221,57.7
4623,46,23,498,206,41.37,292,58.63
4624,46,24,660,267,40.45,393,59.55
4625,46,25,540,194,35.93,346,64.07
4626,46,26,748,249,33.29,499,66.71
4627,46,27,707,235,33.24,472,66.76
4628,46,28,496,172,34.68,324,65.32
4629,46,29,431,158,36.66,273,63.34
4630,46,30,546,250,45.79,296,54.21
4631,46,31,556,194,34.89,362,65.11
4632,46,32,496,219,44.15,277,55.85
4633,46,33,551,198,35.93,353,64.07
4634,46,34,706,254,35.98,452,64.02
4635,46,35,603,270,44.78,333,55.22
4636,46,36,489,174,35.58,315,64.42
4637,46,37,426,173,40.61,253,59.39
4638,46,38,625,289,46.24,336,53.76
4639,46,39,490,175,35.71,315,64.29
4640,46,40,453,143,31.57,310,68.43
4701,47,1,395,101,25.57,294,74.43
4702,47,2,561,171,30.48,390,69.52
4703,47,3,517,211,40.81,306,59.19
4704,47,4,672,193,28.72,479,71.28
4705,47,5,617,161,26.09,456,73.91
4706,47,6,683,200,29.28,483,70.72
4707,47,7,530,181,34.15,349,65.85
4708,47,8,564,136,24.11,428,75.89
4709,47,9,536,146,27.24,390,72.76
4710,47,10,699,162,23.18,537,76.82
4711,47,11,577,185,32.06,392,67.94
4712,47,12,630,144,22.86,486,77.14
4713,47,13,561,127,22.64,434,77.36
4714,47,14,539,141,26.16,398,73.84
4715,47,15,716,139,19.41,577,80.59
4716,47,16,556,186,33.45,370,66.55
4717,47,17,555,180,32.43,375,67.57
4718,47,18,554,135,24.37,419,75.63
4719,47,19,903,216,23.92,687,76.08
4720,47,20,593,148,24.96,445,75.04
4721,47,21,544,121,22.24,423,77.76
4722,47,22,628,164,26.11,464,73.89
4723,47,23,658,158,24.01,500,75.99
4724,47,24,600,154,25.67,446,74.33
4725,47,25,691,159,23.01,532,76.99
4726,47,26,776,194,25.0,582,75.0
4727,47,27,500,121,24.2,379,75.8
4728,47,28,527,140,26.57,387,73.43
4729,47,29,677,208,30.72,469,69.28
4730,47,30,712,192,26.97,520,73.03
4731,47,31,602,174,28.9,428,71.1
4732,47,32,708,145,20.48,563,79.52
4733,47,33,557,153,27.47,404,72.53
4734,47,34,593,149,25.13,444,74.87
4735,47,35,558,139,24.91,419,75.09
4736,47,36,669,151,22.57,518,77.43
4737,47,37,530,127,23.96,403,76.04
4738,47,38,580,152,26.21,428,73.79
4739,47,39,574,109,18.99,465,81.01
4740,47,40,534,110,20.6,424,79.4
4741,47,41,637,170,26.69,467,73.31
4742,47,42,568,143,25.18,425,74.82
4743,47,43,518,163,31.47,355,68.53
4744,47,44,481,165,34.3,316,65.7
4745,47,45,541,106,19.59,435,80.41
4746,47,46,579,180,31.09,399,68.91
4747,47,47,706,189,26.77,517,73.23
4748,47,48,35,22,62.86,13,37.14
4801,48,1,532,166,31.2,366,68.8
4802,48,2,231,42,18.18,189,81.82
4803,48,3,599,269,44.91,330,55.09
4804,48,4,488,162,33.2,326,66.8
4805,48,5,271,70,25.83,201,74.17
4806,48,6,619,241,38.93,378,61.07
4807,48,7,570,147,25.79,423,74.21
4808,48,8,257,97,37.74,160,62.26
4809,48,9,328,139,42.38,189,57.62
4810,48,10,748,185,24.73,563,75.27
4811,48,11,442,84,19.0,358,81.0
4812,48,12,632,167,26.42,465,73.58
4813,48,13,631,274,43.42,357,56.58
4814,48,14,209,89,42.58,120,57.42
4815,48,15,332,145,43.67,187,56.33
4816,48,16,567,219,38.62,348,61.38
4817,48,17,448,170,37.95,278,62.05
4818,48,18,334,184,55.09,150,44.91
4819,48,19,373,110,29.49,263,70.51
4820,48,20,571,159,27.85,412,72.15
4821,48,21,652,270,41.41,382,58.59
4822,48,22,385,172,44.68,213,55.32
4823,48,23,478,167,34.94,311,65.06
4824,48,24,581,233,40.1,348,59.9
4825,48,25,455,92,20.22,363,79.78
4826,48,26,251,94,37.45,157,62.55
4827,48,27,511,200,39.14,311,60.86
4828,48,28,552,262,47.46,290,52.54
4829,48,29,192,82,42.71,110,57.29
4830,48,30,458,100,21.83,358,78.17
4831,48,31,734,336,45.78,398,54.22
4832,48,32,556,248,44.6,308,55.4
4833,48,33,272,97,35.66,175,64.34
4834,48,34,452,118,26.11,334,73.89
4835,48,35,297,140,47.14,157,52.86
4836,48,36,285,117,41.05,168,58.95
4837,48,37,560,158,28.21,402,71.79
4838,48,38,541,121,22.37,420,77.63
4839,48,39,385,125,32.47,260,67.53
4840,48,40,489,135,27.61,354,72.39
4841,48,41,675,250,37.04,425,62.96
4842,48,42,614,176,28.66,438,71.34
4843,48,43,618,260,42.07,358,57.93
4844,48,44,676,169,25.0,507,75.0
4845,48,45,410,108,26.34,302,73.66
4846,48,46,299,117,39.13,182,60.87
4901,49,1,339,159,46.9,180,53.1
4902,49,2,341,111,32.55,230,67.45
4903,49,3,654,271,41.44,383,58.56
4904,49,4,727,276,37.96,451,62.04
4905,49,5,509,213,41.85,296,58.15
4906,49,6,456,181,39.69,275,60.31
4907,49,7,426,152,35.68,274,64.32
4908,49,8,473,224,47.36,249,52.64
4909,49,9,538,194,36.06,344,63.94
4910,49,10,618,261,42.23,357,57.77
4911,49,11,700,280,40.0,420,60.0
4912,49,12,670,225,33.58,445,66.42
4913,49,13,604,225,37.25,379,62.75
4914,49,14,408,165,40.44,243,59.56
4915,49,15,388,183,47.16,205,52.84
4916,49,16,480,180,37.5,300,62.5
4917,49,17,400,196,49.0,204,51.0
4918,49,18,685,227,33.14,458,66.86
4919,49,19,486,245,50.41,241,49.59
4920,49,20,818,280,34.23,538,65.77
4921,49,21,325,181,55.69,144,44.31
4922,49,22,553,255,46.11,298,53.89
4923,49,23,703,281,39.97,422,60.03
4924,49,24,417,196,47.0,221,53.0
4925,49,25,662,226,34.14,436,65.86
4926,49,26,609,212,34.81,397,65.19
4927,49,27,611,244,39.93,367,60.07
4928,49,28,760,253,33.29,507,66.71
4929,49,29,626,219,34.98,407,65.02
4930,49,30,548,224,40.88,324,59.12
4931,49,31,367,162,44.14,205,55.86
4932,49,32,506,205,40.51,301,59.49
4933,49,33,408,176,43.14,232,56.86
5001,50,1,343,127,37.03,216,62.97
5002,50,2,224,116,51.79,108,48.21
5003,50,3,312,129,41.35,183,58.65
5004,50,4,415,202,48.67,213,51.33
5005,50,5,221,101,45.7,120,54.3
5006,50,6,398,215,54.02,183,45.98
5007,50,7,510,190,37.25,320,62.75
5008,50,8,378,197,52.12,181,47.88
5009,50,9,321,144,44.86,177,55.14
5010,50,10,370,198,53.51,172,46.49
5011,50,11,191,67,35.08,124,64.92
5012,50,12,150,69,46.0,81,54.0
5013,50,13,469,263,56.08,206,43.92
5014,50,14,110,54,49.09,56,50.91
5015,50,15,494,154,31.17,340,68.83
5016,50,16,108,46,42.59,62,57.41
5017,50,17,374,234,62.57,140,37.43
5018,50,18,47,23,48.94,24,51.06
5019,50,19,323,201,62.23,122,37.77
5020,50,20,433,200,46.19,233,53.81
5021,50,21,356,166,46.63,190,53.37
5022,50,22,322,191,59.32,131,40.68
5023,50,23,254,148,58.27,106,41.73
5024,50,24,217,107,49.31,110,50.69
5025,50,25,300,131,43.67,169,56.33
5026,50,26,416,238,57.21,178,42.79
5027,50,27,100,49,49.0,51,51.0
5028,50,28,426,269,63.15,157,36.85
5029,50,29,407,237,58.23,170,41.77
5030,50,30,326,179,54.91,147,45.09
5031,50,31,543,331,60.96,212,39.04
5032,50,32,447,254,56.82,193,43.18
5033,50,33,235,90,38.3,145,61.7
5034,50,34,482,164,34.02,318,65.98
5035,50,35,542,239,44.1,303,55.9
5036,50,36,407,184,45.21,223,54.79
5037,50,37,412,180,43.69,232,56.31
5038,50,38,113,52,46.02,61,53.98
5039,50,39,223,116,52.02,107,47.98
5040,50,40,254,93,36.61,161,63.39
