id,ward,precinct,total,Yes,Yes Percent,No,No Percent
0101,1,1,501,292,58.28,209,41.72
0102,1,2,462,261,56.49,201,43.51
0103,1,3,588,408,69.39,180,30.61
0104,1,4,576,393,68.23,183,31.77
0105,1,5,507,350,69.03,157,30.97
0106,1,6,429,284,66.2,145,33.8
0107,1,7,365,256,70.14,109,29.86
0108,1,8,411,283,68.86,128,31.14
0109,1,9,354,232,65.54,122,34.46
0110,1,10,620,412,66.45,208,33.55
0111,1,11,565,396,70.09,169,29.91
0112,1,12,602,354,58.8,248,41.2
0113,1,13,248,159,64.11,89,35.89
0114,1,14,451,291,64.52,160,35.48
0115,1,15,466,285,61.16,181,38.84
0116,1,16,551,345,62.61,206,37.39
0117,1,17,433,245,56.58,188,43.42
0118,1,18,497,299,60.16,198,39.84
0119,1,19,601,352,58.57,249,41.43
0120,1,20,396,245,61.87,151,38.13
0121,1,21,667,457,68.52,210,31.48
0122,1,22,330,205,62.12,125,37.88
0123,1,23,654,406,62.08,248,37.92
0124,1,24,456,257,56.36,199,43.64
0125,1,25,502,309,61.55,193,38.45
0126,1,26,341,201,58.94,140,41.06
0127,1,27,567,397,70.02,170,29.98
0128,1,28,164,114,69.51,50,30.49
0129,1,29,621,415,66.83,206,33.17
0130,1,30,566,330,58.3,236,41.7
0131,1,31,444,286,64.41,158,35.59
0132,1,32,479,318,66.39,161,33.61
0133,1,33,536,344,64.18,192,35.82
0134,1,34,415,267,64.34,148,35.66
0135,1,35,611,390,63.83,221,36.17
0136,1,36,584,399,68.32,185,31.68
0137,1,37,494,345,69.84,149,30.16
0138,1,38,482,320,66.39,162,33.61
0139,1,39,422,298,70.62,124,29.38
0140,1,40,436,297,68.12,139,31.88
0141,1,41,285,182,63.86,103,36.14
0142,1,42,174,113,64.94,61,35.06
0143,1,43,318,217,68.24,101,31.76
0144,1,44,461,287,62.26,174,37.74
0201,2,1,547,355,64.9,192,35.1
0202,2,2,336,270,80.36,66,19.64
0203,2,3,571,360,63.05,211,36.95
0204,2,4,486,322,66.26,164,33.74
0205,2,5,619,399,64.46,220,35.54
0206,2,6,527,337,63.95,190,36.05
0207,2,7,437,300,68.65,137,31.35
0208,2,8,624,409,65.54,215,34.46
0209,2,9,453,342,75.5,111,24.5
0210,2,10,329,269,81.76,60,18.24
0211,2,11,448,347,77.46,101,22.54
0212,2,12,378,305,80.69,73,19.31
0213,2,13,380,293,77.11,87,22.89
0214,2,14,494,325,65.79,169,34.21
0215,2,15,436,295,67.66,141,32.34
0216,2,16,490,319,65.1,171,34.9
0217,2,17,575,358,62.26,217,37.74
0218,2,18,408,325,79.66,83,20.34
0219,2,19,297,225,75.76,72,24.24
0220,2,20,581,445,76.59,136,23.41
0221,2,21,526,342,65.02,184,34.98
0222,2,22,462,364,78.79,98,21.21
0223,2,23,288,236,81.94,52,18.06
0224,2,24,406,322,79.31,84,20.69
0225,2,25,538,368,68.4,170,31.6
0226,2,26,375,273,72.8,102,27.2
0227,2,27,400,290,72.5,110,27.5
0228,2,28,520,400,76.92,120,23.08
0229,2,29,499,370,74.15,129,25.85
0230,2,30,405,315,77.78,90,22.22
0231,2,31,513,418,81.48,95,18.52
0232,2,32,418,303,72.49,115,27.51
0233,2,33,631,487,77.18,144,22.82
0234,2,34,318,262,82.39,56,17.61
0235,2,35,595,451,75.8,144,24.2
0236,2,36,474,360,75.95,114,24.05
0237,2,37,396,296,74.75,100,25.25
0238,2,38,404,308,76.24,96,23.76
0239,2,39,316,215,68.04,101,31.96
0240,2,40,641,487,75.98,154,24.02
0241,2,41,551,394,71.51,157,28.49
0242,2,42,519,406,78.23,113,21.77
0243,2,43,613,487,79.45,126,20.55
0244,2,44,284,217,76.41,67,23.59
0245,2,45,542,412,76.01,130,23.99
0246,2,46,245,175,71.43,70,28.57
0301,3,1,623,428,68.7,195,31.3
0302,3,2,453,339,74.83,114,25.17
0303,3,3,368,239,64.95,129,35.05
0304,3,4,531,363,68.36,168,31.64
0305,3,5,263,184,69.96,79,30.04
0306,3,6,650,459,70.62,191,29.38
0307,3,7,260,181,69.62,79,30.38
0308,3,8,355,218,61.41,137,38.59
0309,3,9,527,322,61.1,205,38.9
0310,3,10,208,146,70.19,62,29.81
0311,3,11,520,343,65.96,177,34.04
0312,3,12,417,286,68.59,131,31.41
0313,3,13,538,375,69.7,163,30.3
0314,3,14,523,378,72.28,145,27.72
0315,3,15,437,281,64.3,156,35.7
0316,3,16,383,264,68.93,119,31.07
0317,3,17,674,441,65.43,233,34.57
0318,3,18,609,404,66.34,205,33.66
0319,3,19,573,418,72.95,155,27.05
0320,3,20,498,325,65.26,173,34.74
0321,3,21,482,389,80.71,93,19.29
0322,3,22,657,442,67.28,215,32.72
0323,3,23,373,258,69.17,115,30.83
0324,3,24,408,284,69.61,124,30.39
0325,3,25,789,601,76.17,188,23.83
0326,3,26,507,372,73.37,135,26.63
0327,3,27,601,437,72.71,164,27.29
0328,3,28,218,145,66.51,73,33.49
0329,3,29,479,304,63.47,175,36.53
0330,3,30,386,260,67.36,126,32.64
0331,3,31,531,325,61.21,206,38.79
0332,3,32,755,548,72.58,207,27.42
0333,3,33,588,425,72.28,163,27.72
0334,3,34,701,479,68.33,222,31.67
0335,3,35,246,159,64.63,87,35.37
0336,3,36,217,146,67.28,71,32.72
0337,3,37,445,288,64.72,157,35.28
0338,3,38,326,248,76.07,78,23.93
0339,3,39,937,681,72.68,256,27.32
0340,3,40,492,340,69.11,152,30.89
0341,3,41,316,206,65.19,110,34.81
0401,4,1,703,439,62.45,264,37.55
0402,4,2,642,458,71.34,184,28.66
0403,4,3,389,256,65.81,133,34.19
0404,4,4,631,427,67.67,204,32.33
0405,4,5,504,323,64.09,181,35.91
0406,4,6,515,374,72.62,141,27.38
0407,4,7,622,427,68.65,195,31.35
0408,4,8,531,353,66.48,178,33.52
0409,4,9,514,369,71.79,145,28.21
0410,4,10,613,422,68.84,191,31.16
0411,4,11,469,320,68.23,149,31.77
0412,4,12,648,429,66.2,219,33.8
0413,4,13,638,449,70.38,189,29.62
0414,4,14,481,340,70.69,141,29.31
0415,4,15,550,381,69.27,169,30.73
0416,4,16,847,614,72.49,233,27.51
0417,4,17,567,401,70.72,166,29.28
0418,4,18,465,323,69.46,142,30.54
0419,4,19,311,188,60.45,123,39.55
0420,4,20,374,277,74.06,97,25.94
0421,4,21,540,369,68.33,171,31.67
0422,4,22,432,294,68.06,138,31.94
0423,4,23,593,408,68.8,185,31.2
0424,4,24,446,302,67.71,144,32.29
0425,4,25,597,424,71.02,173,28.98
0426,4,26,432,303,70.14,129,29.86
0427,4,27,646,401,62.07,245,37.93
0428,4,28,428,292,68.22,136,31.78
0429,4,29,465,309,66.45,156,33.55
0430,4,30,664,452,68.07,212,31.93
0431,4,31,395,299,75.7,96,24.3
0432,4,32,549,375,68.31,174,31.69
0433,4,33,453,314,69.32,139,30.68
0434,4,34,431,291,67.52,140,32.48
0435,4,35,580,399,68.79,181,31.21
0436,4,36,588,411,69.9,177,30.1
0437,4,37,928,684,73.71,244,26.29
0438,4,38,538,390,72.49,148,27.51
0501,5,1,426,268,62.91,158,37.09
0502,5,2,343,226,65.89,117,34.11
0503,5,3,448,312,69.64,136,30.36
0504,5,4,589,343,58.23,246,41.77
0505,5,5,385,255,66.23,130,33.77
0506,5,6,335,227,67.76,108,32.24
0507,5,7,426,291,68.31,135,31.69
0508,5,8,432,329,76.16,103,23.84
0509,5,9,519,356,68.59,163,31.41
0510,5,10,363,240,66.12,123,33.88
0511,5,11,444,295,66.44,149,33.56
0512,5,12,283,183,64.66,100,35.34
0513,5,13,408,258,63.24,150,36.76
0514,5,14,360,248,68.89,112,31.11
0515,5,15,416,267,64.18,149,35.82
0516,5,16,430,264,61.4,166,38.6
0517,5,17,356,227,63.76,129,36.24
0518,5,18,413,266,64.41,147,35.59
0519,5,19,411,297,72.26,114,27.74
0520,5,20,466,321,68.88,145,31.12
0521,5,21,440,292,66.36,148,33.64
0522,5,22,509,369,72.5,140,27.5
0523,5,23,766,523,68.28,243,31.72
0524,5,24,571,371,64.97,200,35.03
0525,5,25,381,267,70.08,114,29.92
0526,5,26,447,307,68.68,140,31.32
0527,5,27,395,281,71.14,114,28.86
0528,5,28,449,325,72.38,124,27.62
0529,5,29,457,296,64.77,161,35.23
0530,5,30,291,173,59.45,118,40.55
0531,5,31,339,240,70.8,99,29.2
0532,5,32,490,352,71.84,138,28.16
0533,5,33,412,278,67.48,134,32.52
0534,5,34,430,313,72.79,117,27.21
0535,5,35,550,386,70.18,164,29.82
0536,5,36,253,191,75.49,62,24.51
0537,5,37,454,330,72.69,124,27.31
0538,5,38,406,257,63.3,149,36.7
0539,5,39,355,260,73.24,95,26.76
0540,5,40,346,217,62.72,129,37.28
0541,5,41,189,144,76.19,45,23.81
0601,6,1,372,270,72.58,102,27.42
0602,6,2,373,275,73.73,98,26.27
0603,6,3,359,260,72.42,99,27.58
0604,6,4,265,160,60.38,105,39.62
0605,6,5,232,150,64.66,82,35.34
0606,6,6,431,293,67.98,138,32.02
0607,6,7,363,227,62.53,136,37.47
0608,6,8,353,253,71.67,100,28.33
0609,6,9,386,266,68.91,120,31.09
0610,6,10,250,171,68.4,79,31.6
0611,6,11,320,219,68.44,101,31.56
0612,6,12,272,181,66.54,91,33.46
0613,6,13,270,181,67.04,89,32.96
0614,6,14,334,225,67.37,109,32.63
0615,6,15,309,190,61.49,119,38.51
0616,6,16,381,263,69.03,118,30.97
0617,6,17,238,163,68.49,75,31.51
0618,6,18,261,195,74.71,66,25.29
0619,6,19,289,180,62.28,109,37.72
0620,6,20,236,163,69.07,73,30.93
0621,6,21,173,107,61.85,66,38.15
0622,6,22,215,152,70.7,63,29.3
0623,6,23,162,98,60.49,64,39.51
0624,6,24,190,126,66.32,64,33.68
0625,6,25,182,130,71.43,52,28.57
0626,6,26,260,167,64.23,93,35.77
0627,6,27,215,153,71.16,62,28.84
0628,6,28,171,112,65.5,59,34.5
0629,6,29,349,230,65.9,119,34.1
0630,6,30,320,208,65.0,112,35.0
0631,6,31,319,240,75.24,79,24.76
0632,6,32,373,252,67.56,121,32.44
0633,6,33,369,265,71.82,104,28.18
0634,6,34,357,244,68.35,113,31.65
0635,6,35,330,219,66.36,111,33.64
0636,6,36,389,258,66.32,131,33.68
0637,6,37,400,275,68.75,125,31.25
0638,6,38,383,273,71.28,110,28.72
0639,6,39,293,194,66.21,99,33.79
0640,6,40,313,207,66.13,106,33.87
0641,6,41,367,229,62.4,138,37.6
0642,6,42,334,232,69.46,102,30.54
0643,6,43,332,229,68.98,103,31.02
0644,6,44,385,275,71.43,110,28.57
0645,6,45,365,236,64.66,129,35.34
0646,6,46,277,179,64.62,98,35.38
0647,6,47,246,173,70.33,73,29.67
0648,6,48,345,247,71.59,98,28.41
0701,7,1,345,228,66.09,117,33.91
0702,7,2,336,223,66.37,113,33.63
0703,7,3,328,212,64.63,116,35.37
0704,7,4,338,243,71.89,95,28.11
0705,7,5,308,205,66.56,103,33.44
0706,7,6,428,276,64.49,152,35.51
0707,7,7,343,220,64.14,123,35.86
0708,7,8,209,145,69.38,64,30.62
0709,7,9,591,388,65.65,203,34.35
0710,7,10,347,249,71.76,98,28.24
0711,7,11,381,240,62.99,141,37.01
0712,7,12,315,211,66.98,104,33.02
0713,7,13,199,131,65.83,68,34.17
0714,7,14,391,245,62.66,146,37.34
0715,7,15,323,229,70.9,94,29.1
0716,7,16,340,221,65.0,119,35.0
0717,7,17,284,187,65.85,97,34.15
0718,7,18,308,201,65.26,107,34.74
0719,7,19,337,240,71.22,97,28.78
0720,7,20,274,188,68.61,86,31.39
0721,7,21,267,169,63.3,98,36.7
0722,7,22,299,193,64.55,106,35.45
0723,7,23,317,214,67.51,103,32.49
0724,7,24,283,200,70.67,83,29.33
0725,7,25,282,184,65.25,98,34.75
0726,7,26,265,178,67.17,87,32.83
0727,7,27,259,188,72.59,71,27.41
0728,7,28,254,153,60.24,101,39.76
0729,7,29,323,201,62.23,122,37.77
0730,7,30,276,210,76.09,66,23.91
0731,7,31,244,167,68.44,77,31.56
0732,7,32,429,291,67.83,138,32.17
0733,7,33,418,301,72.01,117,27.99
0734,7,34,426,295,69.25,131,30.75
0735,7,35,374,236,63.1,138,36.9
0736,7,36,444,307,69.14,137,30.86
0737,7,37,349,246,70.49,103,29.51
0738,7,38,314,220,70.06,94,29.94
0739,7,39,318,216,67.92,102,32.08
0740,7,40,270,194,71.85,76,28.15
0741,7,41,332,240,72.29,92,27.71
0742,7,42,346,245,70.81,101,29.19
0743,7,43,324,228,70.37,96,29.63
0744,7,44,302,217,71.85,85,28.15
0745,7,45,323,218,67.49,105,32.51
0746,7,46,81,61,75.31,20,24.69
0801,8,1,322,226,70.19,96,29.81
0802,8,2,336,229,68.15,107,31.85
0803,8,3,378,266,70.37,112,29.63
0804,8,4,407,286,70.27,121,29.73
0805,8,5,304,226,74.34,78,25.66
0806,8,6,340,239,70.29,101,29.71
0807,8,7,405,280,69.14,125,30.86
0808,8,8,358,253,70.67,105,29.33
0809,8,9,231,163,70.56,68,29.44
0810,8,10,444,319,71.85,125,28.15
0811,8,11,300,192,64.0,108,36.0
0812,8,12,316,218,68.99,98,31.01
0813,8,13,410,276,67.32,134,32.68
0814,8,14,291,188,64.6,103,35.4
0815,8,15,227,164,72.25,63,27.75
0816,8,16,106,78,73.58,28,26.42
0817,8,17,291,207,71.13,84,28.87
0818,8,18,313,205,65.5,108,34.5
0819,8,19,390,287,73.59,103,26.41
0820,8,20,416,258,62.02,158,37.98
0821,8,21,447,299,66.89,148,33.11
0822,8,22,325,232,71.38,93,28.62
0823,8,23,272,196,72.06,76,27.94
0824,8,24,188,123,65.43,65,34.57
0825,8,25,347,231,66.57,116,33.43
0826,8,26,293,198,67.58,95,32.42
0827,8,27,390,271,69.49,119,30.51
0828,8,28,362,260,71.82,102,28.18
0829,8,29,360,249,69.17,111,30.83
0830,8,30,386,271,70.21,115,29.79
0831,8,31,279,185,66.31,94,33.69
0832,8,32,278,188,67.63,90,32.37
0833,8,33,262,173,66.03,89,33.97
0834,8,34,318,247,77.67,71,22.33
0835,8,35,409,278,67.97,131,32.03
0836,8,36,350,234,66.86,116,33.14
0837,8,37,266,175,65.79,91,34.21
0838,8,38,266,197,74.06,69,25.94
0839,8,39,326,229,70.25,97,29.75
0840,8,40,284,201,70.77,83,29.23
0841,8,41,374,242,64.71,132,35.29
0842,8,42,461,314,68.11,147,31.89
0843,8,43,196,130,66.33,66,33.67
0844,8,44,244,176,72.13,68,27.87
0845,8,45,302,200,66.23,102,33.77
0846,8,46,284,202,71.13,82,28.87
0847,8,47,287,197,68.64,90,31.36
0848,8,48,311,207,66.56,104,33.44
0849,8,49,339,227,66.96,112,33.04
0850,8,50,337,232,68.84,105,31.16
0851,8,51,328,229,69.82,99,30.18
0852,8,52,443,309,69.75,134,30.25
0853,8,53,198,146,73.74,52,26.26
0854,8,54,299,196,65.55,103,34.45
0855,8,55,246,184,74.8,62,25.2
0856,8,56,366,249,68.03,117,31.97
0901,9,1,319,219,68.65,100,31.35
0902,9,2,274,188,68.61,86,31.39
0903,9,3,206,139,67.48,67,32.52
0904,9,4,252,179,71.03,73,28.97
0905,9,5,332,226,68.07,106,31.93
0906,9,6,315,206,65.4,109,34.6
0907,9,7,269,180,66.91,89,33.09
0908,9,8,350,238,68.0,112,32.0
0909,9,9,375,252,67.2,123,32.8
0910,9,10,249,184,73.9,65,26.1
0911,9,11,238,170,71.43,68,28.57
0912,9,12,370,272,73.51,98,26.49
0913,9,13,375,262,69.87,113,30.13
0914,9,14,385,290,75.32,95,24.68
0915,9,15,343,207,60.35,136,39.65
0916,9,16,335,230,68.66,105,31.34
0917,9,17,220,169,76.82,51,23.18
0918,9,18,238,164,68.91,74,31.09
0919,9,19,342,246,71.93,96,28.07
0920,9,20,309,229,74.11,80,25.89
0921,9,21,306,218,71.24,88,28.76
0922,9,22,369,252,68.29,117,31.71
0923,9,23,357,237,66.39,120,33.61
0924,9,24,344,239,69.48,105,30.52
0925,9,25,285,196,68.77,89,31.23
0926,9,26,296,191,64.53,105,35.47
0927,9,27,270,196,72.59,74,27.41
0928,9,28,219,155,70.78,64,29.22
0929,9,29,288,193,67.01,95,32.99
0930,9,30,285,200,70.18,85,29.82
0931,9,31,277,181,65.34,96,34.66
0932,9,32,340,241,70.88,99,29.12
0933,9,33,242,184,76.03,58,23.97
0934,9,34,280,205,73.21,75,26.79
0935,9,35,312,224,71.79,88,28.21
0936,9,36,291,198,68.04,93,31.96
0937,9,37,502,312,62.15,190,37.85
0938,9,38,319,218,68.34,101,31.66
0939,9,39,349,250,71.63,99,28.37
0940,9,40,371,272,73.32,99,26.68
0941,9,41,272,187,68.75,85,31.25
0942,9,42,353,241,68.27,112,31.73
0943,9,43,299,209,69.9,90,30.1
0944,9,44,310,223,71.94,87,28.06
0945,9,45,249,170,68.27,79,31.73
0946,9,46,325,240,73.85,85,26.15
0947,9,47,351,248,70.66,103,29.34
0948,9,48,332,239,71.99,93,28.01
0949,9,49,351,259,73.79,92,26.21
0950,9,50,449,306,68.15,143,31.85
0951,9,51,330,234,70.91,96,29.09
1001,10,1,273,196,71.79,77,28.21
1002,10,2,339,224,66.08,115,33.92
1003,10,3,369,235,63.69,134,36.31
1004,10,4,272,169,62.13,103,37.87
1005,10,5,287,202,70.38,85,29.62
1006,10,6,287,198,68.99,89,31.01
1007,10,7,271,178,65.68,93,34.32
1008,10,8,187,110,58.82,77,41.18
1009,10,9,341,226,66.28,115,33.72
1010,10,10,399,246,61.65,153,38.35
1011,10,11,462,311,67.32,151,32.68
1012,10,12,255,167,65.49,88,34.51
1013,10,13,318,213,66.98,105,33.02
1014,10,14,461,328,71.15,133,28.85
1015,10,15,617,435,70.5,182,29.5
1016,10,16,308,206,66.88,102,33.12
1017,10,17,477,299,62.68,178,37.32
1018,10,18,204,133,65.2,71,34.8
1019,10,19,375,249,66.4,126,33.6
1020,10,20,369,253,68.56,116,31.44
1021,10,21,358,246,68.72,112,31.28
1022,10,22,218,150,68.81,68,31.19
1023,10,23,308,213,69.16,95,30.84
1024,10,24,331,222,67.07,109,32.93
1025,10,25,107,79,73.83,28,26.17
1026,10,26,261,190,72.8,71,27.2
1027,10,27,295,205,69.49,90,30.51
1028,10,28,402,281,69.9,121,30.1
1029,10,29,380,269,70.79,111,29.21
1030,10,30,323,216,66.87,107,33.13
1031,10,31,319,209,65.52,110,34.48
1032,10,32,371,241,64.96,130,35.04
1033,10,33,287,180,62.72,107,37.28
1034,10,34,239,149,62.34,90,37.66
1035,10,35,384,250,65.1,134,34.9
1036,10,36,90,70,77.78,20,22.22
1101,11,1,380,247,65.0,133,35.0
1102,11,2,34,22,64.71,12,35.29
1103,11,3,426,249,58.45,177,41.55
1104,11,4,292,194,66.44,98,33.56
1105,11,5,566,316,55.83,250,44.17
1106,11,6,664,444,66.87,220,33.13
1107,11,7,399,272,68.17,127,31.83
1108,11,8,393,261,66.41,132,33.59
1109,11,9,376,234,62.23,142,37.77
1110,11,10,399,279,69.92,120,30.08
1111,11,11,466,302,64.81,164,35.19
1112,11,12,539,411,76.25,128,23.75
1113,11,13,496,349,70.36,147,29.64
1114,11,14,200,129,64.5,71,35.5
1115,11,15,152,108,71.05,44,28.95
1116,11,16,286,199,69.58,87,30.42
1117,11,17,514,329,64.01,185,35.99
1118,11,18,325,231,71.08,94,28.92
1119,11,19,563,322,57.19,241,42.81
1120,11,20,279,194,69.53,85,30.47
1121,11,21,495,342,69.09,153,30.91
1122,11,22,531,326,61.39,205,38.61
1123,11,23,211,147,69.67,64,30.33
1124,11,24,477,357,74.84,120,25.16
1125,11,25,513,340,66.28,173,33.72
1126,11,26,437,288,65.9,149,34.1
1127,11,27,167,109,65.27,58,34.73
1128,11,28,198,139,70.2,59,29.8
1129,11,29,506,343,67.79,163,32.21
1130,11,30,213,145,68.08,68,31.92
1131,11,31,391,283,72.38,108,27.62
1132,11,32,179,120,67.04,59,32.96
1133,11,33,534,376,70.41,158,29.59
1134,11,34,124,81,65.32,43,34.68
1135,11,35,70,53,75.71,17,24.29
1136,11,36,175,117,66.86,58,33.14
1137,11,37,115,70,60.87,45,39.13
1138,11,38,219,125,57.08,94,42.92
1201,12,1,361,215,59.56,146,40.44
1202,12,2,306,217,70.92,89,29.08
1203,12,3,460,275,59.78,185,40.22
1204,12,4,442,271,61.31,171,38.69
1205,12,5,320,204,63.75,116,36.25
1206,12,6,427,289,67.68,138,32.32
1207,12,7,353,210,59.49,143,40.51
1208,12,8,368,246,66.85,122,33.15
1209,12,9,314,210,66.88,104,33.12
1210,12,10,505,274,54.26,231,45.74
1211,12,11,400,247,61.75,153,38.25
1212,12,12,371,247,66.58,124,33.42
1213,12,13,410,277,67.56,133,32.44
1214,12,14,331,191,57.7,140,42.3
1215,12,15,337,206,61.13,131,38.87
1216,12,16,327,204,62.39,123,37.61
1217,12,17,443,287,64.79,156,35.21
1218,12,18,360,209,58.06,151,41.94
1219,12,19,356,221,62.08,135,37.92
1220,12,20,473,307,64.9,166,35.1
1221,12,21,400,252,63.0,148,37.0
1222,12,22,377,226,59.95,151,40.05
1223,12,23,388,247,63.66,141,36.34
1301,13,1,312,204,65.38,108,34.62
1302,13,2,253,175,69.17,78,30.83
1303,13,3,284,185,65.14,99,34.86
1304,13,4,374,238,63.64,136,36.36
1305,13,5,418,298,71.29,120,28.71
1306,13,6,286,199,69.58,87,30.42
1307,13,7,299,206,68.9,93,31.1
1308,13,8,265,185,69.81,80,30.19
1309,13,9,383,262,68.41,121,31.59
1310,13,10,283,180,63.6,103,36.4
1311,13,11,349,228,65.33,121,34.67
1312,13,12,311,194,62.38,117,37.62
1313,13,13,337,241,71.51,96,28.49
1314,13,14,333,239,71.77,94,28.23
1315,13,15,487,319,65.5,168,34.5
1316,13,16,262,189,72.14,73,27.86
1317,13,17,305,201,65.9,104,34.1
1318,13,18,282,191,67.73,91,32.27
1319,13,19,443,311,70.2,132,29.8
1320,13,20,232,155,66.81,77,33.19
1321,13,21,373,257,68.9,116,31.1
1322,13,22,357,250,70.03,107,29.97
1323,13,23,294,204,69.39,90,30.61
1324,13,24,351,235,66.95,116,33.05
1325,13,25,342,223,65.2,119,34.8
1326,13,26,351,241,68.66,110,31.34
1327,13,27,321,221,68.85,100,31.15
1328,13,28,267,176,65.92,91,34.08
1329,13,29,299,199,66.56,100,33.44
1330,13,30,277,206,74.37,71,25.63
1331,13,31,362,232,64.09,130,35.91
1332,13,32,295,190,64.41,105,35.59
1333,13,33,333,232,69.67,101,30.33
1334,13,34,349,258,73.93,91,26.07
1335,13,35,301,217,72.09,84,27.91
1336,13,36,257,171,66.54,86,33.46
1337,13,37,334,247,73.95,87,26.05
1338,13,38,284,189,66.55,95,33.45
1339,13,39,333,235,70.57,98,29.43
1340,13,40,317,227,71.61,90,28.39
1341,13,41,424,291,68.63,133,31.37
1342,13,42,334,225,67.37,109,32.63
1343,13,43,323,205,63.47,118,36.53
1344,13,44,358,230,64.25,128,35.75
1345,13,45,364,249,68.41,115,31.59
1346,13,46,406,292,71.92,114,28.08
1347,13,47,369,261,70.73,108,29.27
1348,13,48,277,191,68.95,86,31.05
1401,14,1,370,258,69.73,112,30.27
1402,14,2,529,381,72.02,148,27.98
1403,14,3,367,243,66.21,124,33.79
1404,14,4,358,239,66.76,119,33.24
1405,14,5,540,355,65.74,185,34.26
1406,14,6,208,135,64.9,73,35.1
1407,14,7,504,338,67.06,166,32.94
1408,14,8,457,286,62.58,171,37.42
1409,14,9,457,272,59.52,185,40.48
1410,14,10,280,178,63.57,102,36.43
1411,14,11,228,156,68.42,72,31.58
1412,14,12,403,263,65.26,140,34.74
1413,14,13,362,242,66.85,120,33.15
1414,14,14,364,259,71.15,105,28.85
1415,14,15,384,249,64.84,135,35.16
1416,14,16,271,186,68.63,85,31.37
1417,14,17,335,205,61.19,130,38.81
1418,14,18,187,127,67.91,60,32.09
1419,14,19,364,256,70.33,108,29.67
1420,14,20,309,211,68.28,98,31.72
1421,14,21,375,244,65.07,131,34.93
1422,14,22,498,349,70.08,149,29.92
1423,14,23,272,173,63.6,99,36.4
1424,14,24,421,301,71.5,120,28.5
1425,14,25,187,125,66.84,62,33.16
1426,14,26,285,191,67.02,94,32.98
1427,14,27,361,242,67.04,119,32.96
1428,14,28,336,225,66.96,111,33.04
1429,14,29,283,198,69.96,85,30.04
1430,14,30,268,194,72.39,74,27.61
1431,14,31,214,146,68.22,68,31.78
1501,15,1,320,194,60.63,126,39.38
1502,15,2,203,135,66.5,68,33.5
1503,15,3,206,153,74.27,53,25.73
1504,15,4,359,255,71.03,104,28.97
1505,15,5,345,217,62.9,128,37.1
1506,15,6,378,252,66.67,126,33.33
1507,15,7,180,123,68.33,57,31.67
1508,15,8,359,219,61.0,140,39.0
1509,15,9,473,318,67.23,155,32.77
1510,15,10,491,333,67.82,158,32.18
1511,15,11,439,279,63.55,160,36.45
1512,15,12,460,328,71.3,132,28.7
1513,15,13,370,230,62.16,140,37.84
1514,15,14,327,209,63.91,118,36.09
1515,15,15,319,202,63.32,117,36.68
1516,15,16,418,291,69.62,127,30.38
1517,15,17,194,135,69.59,59,30.41
1518,15,18,136,80,58.82,56,41.18
1519,15,19,287,199,69.34,88,30.66
1520,15,20,208,144,69.23,64,30.77
1521,15,21,162,104,64.2,58,35.8
1522,15,22,191,130,68.06,61,31.94
1523,15,23,211,151,71.56,60,28.44
1524,15,24,179,108,60.34,71,39.66
1601,16,1,441,303,68.71,138,31.29
1602,16,2,255,154,60.39,101,39.61
1603,16,3,229,168,73.36,61,26.64
1604,16,4,292,180,61.64,112,38.36
1605,16,5,202,129,63.86,73,36.14
1606,16,6,232,150,64.66,82,35.34
1607,16,7,271,181,66.79,90,33.21
1608,16,8,191,128,67.02,63,32.98
1609,16,9,263,174,66.16,89,33.84
1610,16,10,221,151,68.33,70,31.67
1611,16,11,290,189,65.17,101,34.83
1612,16,12,256,177,69.14,79,30.86
1613,16,13,334,209,62.57,125,37.43
1614,16,14,201,145,72.14,56,27.86
1615,16,15,257,168,65.37,89,34.63
1616,16,16,210,135,64.29,75,35.71
1617,16,17,378,265,70.11,113,29.89
1618,16,18,322,228,70.81,94,29.19
1619,16,19,259,164,63.32,95,36.68
1620,16,20,170,116,68.24,54,31.76
1621,16,21,221,171,77.38,50,22.62
1622,16,22,224,162,72.32,62,27.68
1623,16,23,376,248,65.96,128,34.04
1624,16,24,133,99,74.44,34,25.56
1625,16,25,299,195,65.22,104,34.78
1626,16,26,172,118,68.6,54,31.4
1627,16,27,183,115,62.84,68,37.16
1628,16,28,193,134,69.43,59,30.57
1629,16,29,203,147,72.41,56,27.59
1630,16,30,183,127,69.4,56,30.6
1631,16,31,233,156,66.95,77,33.05
1632,16,32,381,249,65.35,132,34.65
1633,16,33,187,124,66.31,63,33.69
1634,16,34,222,152,68.47,70,31.53
1635,16,35,414,277,66.91,137,33.09
1636,16,36,178,119,66.85,59,33.15
1701,17,1,361,230,63.71,131,36.29
1702,17,2,285,191,67.02,94,32.98
1703,17,3,300,207,69.0,93,31.0
1704,17,4,329,221,67.17,108,32.83
1705,17,5,244,165,67.62,79,32.38
1706,17,6,331,227,68.58,104,31.42
1707,17,7,345,230,66.67,115,33.33
1708,17,8,214,144,67.29,70,32.71
1709,17,9,249,163,65.46,86,34.54
1710,17,10,392,273,69.64,119,30.36
1711,17,11,232,166,71.55,66,28.45
1712,17,12,483,321,66.46,162,33.54
1713,17,13,226,159,70.35,67,29.65
1714,17,14,369,267,72.36,102,27.64
1715,17,15,323,221,68.42,102,31.58
1716,17,16,388,268,69.07,120,30.93
1717,17,17,329,231,70.21,98,29.79
1718,17,18,359,265,73.82,94,26.18
1719,17,19,188,127,67.55,61,32.45
1720,17,20,393,307,78.12,86,21.88
1721,17,21,366,255,69.67,111,30.33
1722,17,22,304,215,70.72,89,29.28
1723,17,23,210,146,69.52,64,30.48
1724,17,24,252,191,75.79,61,24.21
1725,17,25,254,173,68.11,81,31.89
1726,17,26,314,230,73.25,84,26.75
1727,17,27,185,141,76.22,44,23.78
1728,17,28,225,171,76.0,54,24.0
1729,17,29,286,205,71.68,81,28.32
1730,17,30,327,226,69.11,101,30.89
1731,17,31,200,139,69.5,61,30.5
1732,17,32,238,178,74.79,60,25.21
1733,17,33,191,134,70.16,57,29.84
1734,17,34,232,175,75.43,57,24.57
1735,17,35,211,155,73.46,56,26.54
1736,17,36,233,168,72.1,65,27.9
1737,17,37,251,184,73.31,67,26.69
1738,17,38,343,242,70.55,101,29.45
1739,17,39,292,207,70.89,85,29.11
1740,17,40,348,250,71.84,98,28.16
1741,17,41,418,296,70.81,122,29.19
1801,18,1,361,242,67.04,119,32.96
1802,18,2,431,273,63.34,158,36.66
1803,18,3,315,223,70.79,92,29.21
1804,18,4,381,266,69.82,115,30.18
1805,18,5,225,154,68.44,71,31.56
1806,18,6,338,236,69.82,102,30.18
1807,18,7,371,263,70.89,108,29.11
1808,18,8,367,254,69.21,113,30.79
1809,18,9,339,240,70.8,99,29.2
1810,18,10,458,314,68.56,144,31.44
1811,18,11,348,233,66.95,115,33.05
1812,18,12,354,245,69.21,109,30.79
1813,18,13,396,282,71.21,114,28.79
1814,18,14,370,276,74.59,94,25.41
1815,18,15,396,257,64.9,139,35.1
1816,18,16,351,233,66.38,118,33.62
1817,18,17,393,286,72.77,107,27.23
1818,18,18,278,202,72.66,76,27.34
1819,18,19,303,215,70.96,88,29.04
1820,18,20,243,175,72.02,68,27.98
1821,18,21,457,311,68.05,146,31.95
1822,18,22,382,278,72.77,104,27.23
1823,18,23,362,232,64.09,130,35.91
1824,18,24,349,236,67.62,113,32.38
1825,18,25,390,267,68.46,123,31.54
1826,18,26,449,328,73.05,121,26.95
1827,18,27,326,231,70.86,95,29.14
1828,18,28,327,229,70.03,98,29.97
1829,18,29,437,301,68.88,136,31.12
1830,18,30,458,286,62.45,172,37.55
1831,18,31,399,260,65.16,139,34.84
1832,18,32,354,249,70.34,105,29.66
1833,18,33,275,202,73.45,73,26.55
1834,18,34,399,286,71.68,113,28.32
1835,18,35,420,304,72.38,116,27.62
1836,18,36,399,276,69.17,123,30.83
1837,18,37,416,294,70.67,122,29.33
1838,18,38,325,225,69.23,100,30.77
1839,18,39,307,210,68.4,97,31.6
1840,18,40,394,270,68.53,124,31.47
1841,18,41,438,313,71.46,125,28.54
1842,18,42,329,209,63.53,120,36.47
1843,18,43,330,221,66.97,109,33.03
1844,18,44,342,235,68.71,107,31.29
1845,18,45,383,261,68.15,122,31.85
1846,18,46,442,273,61.76,169,38.24
1847,18,47,290,190,65.52,100,34.48
1848,18,48,277,190,68.59,87,31.41
1849,18,49,240,170,70.83,70,29.17
1850,18,50,253,174,68.77,79,31.23
1901,19,1,360,260,72.22,100,27.78
1902,19,2,510,364,71.37,146,28.63
1903,19,3,315,205,65.08,110,34.92
1904,19,4,461,310,67.25,151,32.75
1905,19,5,428,321,75.0,107,25.0
1906,19,6,427,280,65.57,147,34.43
1907,19,7,346,242,69.94,104,30.06
1908,19,8,422,270,63.98,152,36.02
1909,19,9,274,193,70.44,81,29.56
1910,19,10,487,350,71.87,137,28.13
1911,19,11,356,216,60.67,140,39.33
1912,19,12,321,211,65.73,110,34.27
1913,19,13,474,304,64.14,170,35.86
1914,19,14,405,297,73.33,108,26.67
1915,19,15,534,340,63.67,194,36.33
1916,19,16,389,244,62.72,145,37.28
1917,19,17,349,251,71.92,98,28.08
1918,19,18,381,310,81.36,71,18.64
1919,19,19,475,359,75.58,116,24.42
1920,19,20,327,252,77.06,75,22.94
1921,19,21,416,270,64.9,146,35.1
1922,19,22,425,322,75.76,103,24.24
1923,19,23,405,324,80.0,81,20.0
1924,19,24,299,190,63.55,109,36.45
1925,19,25,378,287,75.93,91,24.07
1926,19,26,369,270,73.17,99,26.83
1927,19,27,405,256,63.21,149,36.79
1928,19,28,461,310,67.25,151,32.75
1929,19,29,406,260,64.04,146,35.96
1930,19,30,388,247,63.66,141,36.34
1931,19,31,354,273,77.12,81,22.88
1932,19,32,362,226,62.43,136,37.57
1933,19,33,430,294,68.37,136,31.63
1934,19,34,343,268,78.13,75,21.87
1935,19,35,357,277,77.59,80,22.41
1936,19,36,540,372,68.89,168,31.11
1937,19,37,401,283,70.57,118,29.43
1938,19,38,363,241,66.39,122,33.61
1939,19,39,200,141,70.5,59,29.5
1940,19,40,437,327,74.83,110,25.17
1941,19,41,382,252,65.97,130,34.03
1942,19,42,313,231,73.8,82,26.2
1943,19,43,541,368,68.02,173,31.98
1944,19,44,445,285,64.04,160,35.96
1945,19,45,422,302,71.56,120,28.44
1946,19,46,378,291,76.98,87,23.02
1947,19,47,579,390,67.36,189,32.64
1948,19,48,467,315,67.45,152,32.55
1949,19,49,490,353,72.04,137,27.96
1950,19,50,353,252,71.39,101,28.61
1951,19,51,434,309,71.2,125,28.8
1952,19,52,498,319,64.06,179,35.94
1953,19,53,363,264,72.73,99,27.27
1954,19,54,310,182,58.71,128,41.29
1955,19,55,339,231,68.14,108,31.86
1956,19,56,425,322,75.76,103,24.24
1957,19,57,342,250,73.1,92,26.9
2001,20,1,386,266,68.91,120,31.09
2002,20,2,122,77,63.11,45,36.89
2003,20,3,341,230,67.45,111,32.55
2004,20,4,159,108,67.92,51,32.08
2005,20,5,394,248,62.94,146,37.06
2006,20,6,148,92,62.16,56,37.84
2007,20,7,426,279,65.49,147,34.51
2008,20,8,312,229,73.4,83,26.6
2009,20,9,494,302,61.13,192,38.87
2010,20,10,239,162,67.78,77,32.22
2011,20,11,459,262,57.08,197,42.92
2012,20,12,347,222,63.98,125,36.02
2013,20,13,311,218,70.1,93,29.9
2014,20,14,186,123,66.13,63,33.87
2015,20,15,361,245,67.87,116,32.13
2016,20,16,424,280,66.04,144,33.96
2017,20,17,241,157,65.15,84,34.85
2018,20,18,238,149,62.61,89,37.39
2019,20,19,380,248,65.26,132,34.74
2020,20,20,277,175,63.18,102,36.82
2021,20,21,287,185,64.46,102,35.54
2022,20,22,490,315,64.29,175,35.71
2023,20,23,206,143,69.42,63,30.58
2024,20,24,437,272,62.24,165,37.76
2025,20,25,228,144,63.16,84,36.84
2026,20,26,328,233,71.04,95,28.96
2027,20,27,173,124,71.68,49,28.32
2028,20,28,220,156,70.91,64,29.09
2029,20,29,236,166,70.34,70,29.66
2030,20,30,163,116,71.17,47,28.83
2031,20,31,396,270,68.18,126,31.82
2032,20,32,271,177,65.31,94,34.69
2033,20,33,224,156,69.64,68,30.36
2034,20,34,435,286,65.75,149,34.25
2035,20,35,254,165,64.96,89,35.04
2036,20,36,112,84,75.0,28,25.0
2037,20,37,112,72,64.29,40,35.71
2038,20,38,99,70,70.71,29,29.29
2039,20,39,27,17,62.96,10,37.04
2101,21,1,387,267,68.99,120,31.01
2102,21,2,235,141,60.0,94,40.0
2103,21,3,351,257,73.22,94,26.78
2104,21,4,300,221,73.67,79,26.33
2105,21,5,358,245,68.44,113,31.56
2106,21,6,291,205,70.45,86,29.55
2107,21,7,333,253,75.98,80,24.02
2108,21,8,357,247,69.19,110,30.81
2109,21,9,363,268,73.83,95,26.17
2110,21,10,288,189,65.63,99,34.38
2111,21,11,296,203,68.58,93,31.42
2112,21,12,300,202,67.33,98,32.67
2113,21,13,366,252,68.85,114,31.15
2114,21,14,378,275,72.75,103,27.25
2115,21,15,324,230,70.99,94,29.01
2116,21,16,298,185,62.08,113,37.92
2117,21,17,286,202,70.63,84,29.37
2118,21,18,306,217,70.92,89,29.08
2119,21,19,406,290,71.43,116,28.57
2120,21,20,302,213,70.53,89,29.47
2121,21,21,309,203,65.7,106,34.3
2122,21,22,305,192,62.95,113,37.05
2123,21,23,319,235,73.67,84,26.33
2124,21,24,369,254,68.83,115,31.17
2125,21,25,285,182,63.86,103,36.14
2126,21,26,349,221,63.32,128,36.68
2127,21,27,409,290,70.9,119,29.1
2128,21,28,423,282,66.67,141,33.33
2129,21,29,376,273,72.61,103,27.39
2130,21,30,289,192,66.44,97,33.56
2131,21,31,195,153,78.46,42,21.54
2132,21,32,255,175,68.63,80,31.37
2133,21,33,280,189,67.5,91,32.5
2134,21,34,327,222,67.89,105,32.11
2135,21,35,403,286,70.97,117,29.03
2136,21,36,333,228,68.47,105,31.53
2137,21,37,239,168,70.29,71,29.71
2138,21,38,351,236,67.24,115,32.76
2139,21,39,342,225,65.79,117,34.21
2140,21,40,308,220,71.43,88,28.57
2141,21,41,369,249,67.48,120,32.52
2142,21,42,368,244,66.3,124,33.7
2143,21,43,344,225,65.41,119,34.59
2144,21,44,363,233,64.19,130,35.81
2145,21,45,326,225,69.02,101,30.98
2146,21,46,360,260,72.22,100,27.78
2147,21,47,322,219,68.01,103,31.99
2148,21,48,351,260,74.07,91,25.93
2149,21,49,381,264,69.29,117,30.71
2150,21,50,268,185,69.03,83,30.97
2151,21,51,361,257,71.19,104,28.81
2152,21,52,344,229,66.57,115,33.43
2153,21,53,298,198,66.44,100,33.56
2154,21,54,268,195,72.76,73,27.24
2201,22,1,188,127,67.55,61,32.45
2202,22,2,437,293,67.05,144,32.95
2203,22,3,541,357,65.99,184,34.01
2204,22,4,295,196,66.44,99,33.56
2205,22,5,331,213,64.35,118,35.65
2206,22,6,327,227,69.42,100,30.58
2207,22,7,288,196,68.06,92,31.94
2208,22,8,493,345,69.98,148,30.02
2209,22,9,287,196,68.29,91,31.71
2210,22,10,456,297,65.13,159,34.87
2211,22,11,251,155,61.75,96,38.25
2212,22,12,271,174,64.21,97,35.79
2213,22,13,367,243,66.21,124,33.79
2214,22,14,290,180,62.07,110,37.93
2215,22,15,308,180,58.44,128,41.56
2216,22,16,291,197,67.7,94,32.3
2217,22,17,468,299,63.89,169,36.11
2218,22,18,331,221,66.77,110,33.23
2219,22,19,169,107,63.31,62,36.69
2220,22,20,382,249,65.18,133,34.82
2221,22,21,320,218,68.13,102,31.88
2222,22,22,344,199,57.85,145,42.15
2223,22,23,340,246,72.35,94,27.65
2224,22,24,419,283,67.54,136,32.46
2225,22,25,339,233,68.73,106,31.27
2301,23,1,331,215,64.95,116,35.05
2302,23,2,366,242,66.12,124,33.88
2303,23,3,316,209,66.14,107,33.86
2304,23,4,326,231,70.86,95,29.14
2305,23,5,368,250,67.93,118,32.07
2306,23,6,345,243,70.43,102,29.57
2307,23,7,360,235,65.28,125,34.72
2308,23,8,436,276,63.3,160,36.7
2309,23,9,345,236,68.41,109,31.59
2310,23,10,415,289,69.64,126,30.36
2311,23,11,408,297,72.79,111,27.21
2312,23,12,369,251,68.02,118,31.98
2313,23,13,346,242,69.94,104,30.06
2314,23,14,300,184,61.33,116,38.67
2315,23,15,324,214,66.05,110,33.95
2316,23,16,344,234,68.02,110,31.98
2317,23,17,290,187,64.48,103,35.52
2318,23,18,327,215,65.75,112,34.25
2319,23,19,313,198,63.26,115,36.74
2320,23,20,253,169,66.8,84,33.2
2321,23,21,310,211,68.06,99,31.94
2322,23,22,337,229,67.95,108,32.05
2323,23,23,336,216,64.29,120,35.71
2324,23,24,323,216,66.87,107,33.13
2325,23,25,321,217,67.6,104,32.4
2326,23,26,361,254,70.36,107,29.64
2327,23,27,311,204,65.59,107,34.41
2328,23,28,388,257,66.24,131,33.76
2329,23,29,301,205,68.11,96,31.89
2330,23,30,439,287,65.38,152,34.62
2331,23,31,296,182,61.49,114,38.51
2332,23,32,353,230,65.16,123,34.84
2333,23,33,406,281,69.21,125,30.79
2334,23,34,392,253,64.54,139,35.46
2335,23,35,256,168,65.63,88,34.38
2336,23,36,346,244,70.52,102,29.48
2337,23,37,378,248,65.61,130,34.39
2338,23,38,322,217,67.39,105,32.61
2339,23,39,392,262,66.84,130,33.16
2401,24,1,238,160,67.23,78,32.77
2402,24,2,280,195,69.64,85,30.36
2403,24,3,352,225,63.92,127,36.08
2404,24,4,238,164,68.91,74,31.09
2405,24,5,159,119,74.84,40,25.16
2406,24,6,319,216,67.71,103,32.29
2407,24,7,228,145,63.6,83,36.4
2408,24,8,131,82,62.6,49,37.4
2409,24,9,270,176,65.19,94,34.81
2410,24,10,141,84,59.57,57,40.43
2411,24,11,286,190,66.43,96,33.57
2412,24,12,184,125,67.93,59,32.07
2413,24,13,180,115,63.89,65,36.11
2414,24,14,233,160,68.67,73,31.33
2415,24,15,153,105,68.63,48,31.37
2416,24,16,863,461,53.42,402,46.58
2417,24,17,209,137,65.55,72,34.45
2418,24,18,240,175,72.92,65,27.08
2419,24,19,311,198,63.67,113,36.33
2420,24,20,251,165,65.74,86,34.26
2421,24,21,156,91,58.33,65,41.67
2422,24,22,336,221,65.77,115,34.23
2423,24,23,253,168,66.4,85,33.6
2424,24,24,333,206,61.86,127,38.14
2425,24,25,207,143,69.08,64,30.92
2426,24,26,414,306,73.91,108,26.09
2427,24,27,303,215,70.96,88,29.04
2428,24,28,186,135,72.58,51,27.42
2429,24,29,201,146,72.64,55,27.36
2430,24,30,179,120,67.04,59,32.96
2431,24,31,290,180,62.07,110,37.93
2432,24,32,142,94,66.2,48,33.8
2433,24,33,175,121,69.14,54,30.86
2434,24,34,267,188,70.41,79,29.59
2435,24,35,259,173,66.8,86,33.2
2436,24,36,335,224,66.87,111,33.13
2437,24,37,130,91,70.0,39,30.0
2438,24,38,241,148,61.41,93,38.59
2439,24,39,276,168,60.87,108,39.13
2440,24,40,327,208,63.61,119,36.39
2441,24,41,126,89,70.63,37,29.37
2501,25,1,359,231,64.35,128,35.65
2502,25,2,540,295,54.63,245,45.37
2503,25,3,709,511,72.07,198,27.93
2504,25,4,338,241,71.3,97,28.7
2505,25,5,431,240,55.68,191,44.32
2506,25,6,135,89,65.93,46,34.07
2507,25,7,440,241,54.77,199,45.23
2508,25,8,517,289,55.9,228,44.1
2509,25,9,440,257,58.41,183,41.59
2510,25,10,576,444,77.08,132,22.92
2511,25,11,501,295,58.88,206,41.12
2512,25,12,443,280,63.21,163,36.79
2513,25,13,513,310,60.43,203,39.57
2514,25,14,288,200,69.44,88,30.56
2515,25,15,383,203,53.0,180,47.0
2516,25,16,690,522,75.65,168,24.35
2517,25,17,452,286,63.27,166,36.73
2518,25,18,224,158,70.54,66,29.46
2519,25,19,459,247,53.81,212,46.19
2520,25,20,246,140,56.91,106,43.09
2521,25,21,848,620,73.11,228,26.89
2522,25,22,465,257,55.27,208,44.73
2523,25,23,505,300,59.41,205,40.59
2524,25,24,458,266,58.08,192,41.92
2525,25,25,378,269,71.16,109,28.84
2526,25,26,459,270,58.82,189,41.18
2527,25,27,560,400,71.43,160,28.57
2528,25,28,481,280,58.21,201,41.79
2529,25,29,333,221,66.37,112,33.63
2530,25,30,443,239,53.95,204,46.05
2531,25,31,804,616,76.62,188,23.38
2532,25,32,359,217,60.45,142,39.55
2601,26,1,366,219,59.84,147,40.16
2602,26,2,272,148,54.41,124,45.59
2603,26,3,416,263,63.22,153,36.78
2604,26,4,251,164,65.34,87,34.66
2605,26,5,315,170,53.97,145,46.03
2606,26,6,298,187,62.75,111,37.25
2607,26,7,337,197,58.46,140,41.54
2608,26,8,214,118,55.14,96,44.86
2609,26,9,284,185,65.14,99,34.86
2610,26,10,343,192,55.98,151,44.02
2611,26,11,324,184,56.79,140,43.21
2612,26,12,342,198,57.89,144,42.11
2613,26,13,185,126,68.11,59,31.89
2614,26,14,277,169,61.01,108,38.99
2615,26,15,215,144,66.98,71,33.02
2616,26,16,183,118,64.48,65,35.52
2617,26,17,308,209,67.86,99,32.14
2618,26,18,252,159,63.1,93,36.9
2619,26,19,204,128,62.75,76,37.25
2620,26,20,299,182,60.87,117,39.13
2621,26,21,419,253,60.38,166,39.62
2622,26,22,187,113,60.43,74,39.57
2623,26,23,247,156,63.16,91,36.84
2624,26,24,274,148,54.01,126,45.99
2625,26,25,250,148,59.2,102,40.8
2626,26,26,251,137,54.58,114,45.42
2627,26,27,373,209,56.03,164,43.97
2628,26,28,446,292,65.47,154,34.53
2629,26,29,175,103,58.86,72,41.14
2630,26,30,276,156,56.52,120,43.48
2631,26,31,158,92,58.23,66,41.77
2632,26,32,404,256,63.37,148,36.63
2633,26,33,371,225,60.65,146,39.35
2634,26,34,356,203,57.02,153,42.98
2635,26,35,275,160,58.18,115,41.82
2636,26,36,337,186,55.19,151,44.81
2637,26,37,352,231,65.63,121,34.38
2638,26,38,169,102,60.36,67,39.64
2639,26,39,393,226,57.51,167,42.49
2640,26,40,194,102,52.58,92,47.42
2641,26,41,388,246,63.4,142,36.6
2642,26,42,275,159,57.82,116,42.18
2643,26,43,220,152,69.09,68,30.91
2644,26,44,176,123,69.89,53,30.11
2645,26,45,175,103,58.86,72,41.14
2646,26,46,251,144,57.37,107,42.63
2647,26,47,240,154,64.17,86,35.83
2648,26,48,354,207,58.47,147,41.53
2649,26,49,211,141,66.82,70,33.18
2701,27,1,875,613,70.06,262,29.94
2702,27,2,405,293,72.35,112,27.65
2703,27,3,168,112,66.67,56,33.33
2704,27,4,202,119,58.91,83,41.09
2705,27,5,299,191,63.88,108,36.12
2706,27,6,442,330,74.66,112,25.34
2707,27,7,568,382,67.25,186,32.75
2708,27,8,319,215,67.4,104,32.6
2709,27,9,180,139,77.22,41,22.78
2710,27,10,259,193,74.52,66,25.48
2711,27,11,448,345,77.01,103,22.99
2712,27,12,298,225,75.5,73,24.5
2713,27,13,529,380,71.83,149,28.17
2714,27,14,187,114,60.96,73,39.04
2715,27,15,183,110,60.11,73,39.89
2716,27,16,450,323,71.78,127,28.22
2717,27,17,394,262,66.5,132,33.5
2718,27,18,237,151,63.71,86,36.29
2719,27,19,178,113,63.48,65,36.52
2720,27,20,269,164,60.97,105,39.03
2721,27,21,360,264,73.33,96,26.67
2722,27,22,151,100,66.23,51,33.77
2723,27,23,216,144,66.67,72,33.33
2724,27,24,250,173,69.2,77,30.8
2725,27,25,341,218,63.93,123,36.07
2726,27,26,249,160,64.26,89,35.74
2727,27,27,491,329,67.01,162,32.99
2728,27,28,497,354,71.23,143,28.77
2729,27,29,251,160,63.75,91,36.25
2730,27,30,170,105,61.76,65,38.24
2731,27,31,270,176,65.19,94,34.81
2732,27,32,354,236,66.67,118,33.33
2733,27,33,542,402,74.17,140,25.83
2734,27,34,193,129,66.84,64,33.16
2735,27,35,513,342,66.67,171,33.33
2736,27,36,267,168,62.92,99,37.08
2737,27,37,338,243,71.89,95,28.11
2738,27,38,498,368,73.9,130,26.1
2739,27,39,262,167,63.74,95,36.26
2740,27,40,531,357,67.23,174,32.77
2741,27,41,250,171,68.4,79,31.6
2742,27,42,248,174,70.16,74,29.84
2743,27,43,310,223,71.94,87,28.06
2744,27,44,262,157,59.92,105,40.08
2745,27,45,1091,795,72.87,296,27.13
2746,27,46,336,263,78.27,73,21.73
2747,27,47,226,172,76.11,54,23.89
2748,27,48,668,454,67.96,214,32.04
2749,27,49,268,192,71.64,76,28.36
2750,27,50,311,205,65.92,106,34.08
2801,28,1,208,141,67.79,67,32.21
2802,28,2,242,159,65.7,83,34.3
2803,28,3,211,141,66.82,70,33.18
2804,28,4,276,188,68.12,88,31.88
2805,28,5,176,118,67.05,58,32.95
2806,28,6,165,124,75.15,41,24.85
2807,28,7,269,194,72.12,75,27.88
2808,28,8,480,345,71.88,135,28.13
2809,28,9,287,201,70.03,86,29.97
2810,28,10,375,258,68.8,117,31.2
2811,28,11,692,416,60.12,276,39.88
2812,28,12,252,184,73.02,68,26.98
2813,28,13,275,199,72.36,76,27.64
2814,28,14,271,184,67.9,87,32.1
2815,28,15,52,41,78.85,11,21.15
2816,28,16,184,129,70.11,55,29.89
2817,28,17,242,160,66.12,82,33.88
2818,28,18,235,155,65.96,80,34.04
2819,28,19,280,182,65.0,98,35.0
2820,28,20,236,167,70.76,69,29.24
2821,28,21,251,182,72.51,69,27.49
2822,28,22,260,174,66.92,86,33.08
2823,28,23,330,233,70.61,97,29.39
2824,28,24,242,156,64.46,86,35.54
2825,28,25,428,288,67.29,140,32.71
2826,28,26,247,167,67.61,80,32.39
2827,28,27,315,230,73.02,85,26.98
2828,28,28,397,291,73.3,106,26.7
2829,28,29,152,105,69.08,47,30.92
2830,28,30,48,37,77.08,11,22.92
2831,28,31,306,223,72.88,83,27.12
2832,28,32,272,176,64.71,96,35.29
2833,28,33,292,199,68.15,93,31.85
2834,28,34,493,328,66.53,165,33.47
2835,28,35,297,203,68.35,94,31.65
2836,28,36,132,90,68.18,42,31.82
2837,28,37,309,214,69.26,95,30.74
2838,28,38,117,83,70.94,34,29.06
2839,28,39,209,144,68.9,65,31.1
2840,28,40,354,251,70.9,103,29.1
2841,28,41,184,123,66.85,61,33.15
2842,28,42,281,196,69.75,85,30.25
2843,28,43,326,226,69.33,100,30.67
2844,28,44,216,138,63.89,78,36.11
2845,28,45,456,319,69.96,137,30.04
2846,28,46,579,370,63.9,209,36.1
2901,29,1,526,361,68.63,165,31.37
2902,29,2,429,302,70.4,127,29.6
2903,29,3,307,207,67.43,100,32.57
2904,29,4,424,293,69.1,131,30.9
2905,29,5,269,182,67.66,87,32.34
2906,29,6,263,184,69.96,79,30.04
2907,29,7,394,251,63.71,143,36.29
2908,29,8,339,227,66.96,112,33.04
2909,29,9,418,297,71.05,121,28.95
2910,29,10,484,333,68.8,151,31.2
2911,29,11,192,129,67.19,63,32.81
2912,29,12,454,323,71.15,131,28.85
2913,29,13,331,214,64.65,117,35.35
2914,29,14,313,229,73.16,84,26.84
2915,29,15,405,286,70.62,119,29.38
2916,29,16,349,252,72.21,97,27.79
2917,29,17,356,276,77.53,80,22.47
2918,29,18,330,228,69.09,102,30.91
2919,29,19,348,240,68.97,108,31.03
2920,29,20,381,255,66.93,126,33.07
2921,29,21,446,288,64.57,158,35.43
2922,29,22,267,174,65.17,93,34.83
2923,29,23,438,304,69.41,134,30.59
2924,29,24,357,252,70.59,105,29.41
2925,29,25,417,300,71.94,117,28.06
2926,29,26,337,259,76.85,78,23.15
2927,29,27,335,231,68.96,104,31.04
2928,29,28,421,298,70.78,123,29.22
2929,29,29,431,285,66.13,146,33.87
2930,29,30,507,347,68.44,160,31.56
2931,29,31,399,253,63.41,146,36.59
2932,29,32,408,269,65.93,139,34.07
2933,29,33,249,179,71.89,70,28.11
2934,29,34,255,154,60.39,101,39.61
2935,29,35,282,175,62.06,107,37.94
2936,29,36,329,237,72.04,92,27.96
2937,29,37,344,228,66.28,116,33.72
2938,29,38,469,315,67.16,154,32.84
2939,29,39,402,282,70.15,120,29.85
2940,29,40,398,280,70.35,118,29.65
2941,29,41,310,208,67.1,102,32.9
2942,29,42,388,259,66.75,129,33.25
2943,29,43,461,307,66.59,154,33.41
2944,29,44,385,255,66.23,130,33.77
3001,30,1,460,300,65.22,160,34.78
3002,30,2,404,280,69.31,124,30.69
3003,30,3,354,224,63.28,130,36.72
3004,30,4,410,264,64.39,146,35.61
3005,30,5,329,221,67.17,108,32.83
3006,30,6,286,189,66.08,97,33.92
3007,30,7,459,290,63.18,169,36.82
3008,30,8,512,307,59.96,205,40.04
3009,30,9,348,225,64.66,123,35.34
3010,30,10,392,273,69.64,119,30.36
3011,30,11,416,279,67.07,137,32.93
3012,30,12,380,249,65.53,131,34.47
3013,30,13,416,275,66.11,141,33.89
3014,30,14,298,191,64.09,107,35.91
3015,30,15,370,253,68.38,117,31.62
3016,30,16,226,155,68.58,71,31.42
3017,30,17,430,309,71.86,121,28.14
3018,30,18,520,311,59.81,209,40.19
3019,30,19,441,291,65.99,150,34.01
3020,30,20,438,274,62.56,164,37.44
3021,30,21,287,203,70.73,84,29.27
3022,30,22,623,386,61.96,237,38.04
3023,30,23,534,333,62.36,201,37.64
3024,30,24,605,335,55.37,270,44.63
3025,30,25,624,355,56.89,269,43.11
3026,30,26,265,177,66.79,88,33.21
3027,30,27,301,211,70.1,90,29.9
3028,30,28,440,289,65.68,151,34.32
3029,30,29,291,192,65.98,99,34.02
3030,30,30,178,119,66.85,59,33.15
3031,30,31,268,168,62.69,100,37.31
3032,30,32,339,233,68.73,106,31.27
3101,31,1,270,156,57.78,114,42.22
3102,31,2,254,174,68.5,80,31.5
3103,31,3,263,181,68.82,82,31.18
3104,31,4,365,213,58.36,152,41.64
3105,31,5,304,205,67.43,99,32.57
3106,31,6,190,126,66.32,64,33.68
3107,31,7,406,261,64.29,145,35.71
3108,31,8,269,174,64.68,95,35.32
3109,31,9,311,208,66.88,103,33.12
3110,31,10,336,236,70.24,100,29.76
3111,31,11,216,147,68.06,69,31.94
3112,31,12,236,157,66.53,79,33.47
3113,31,13,306,195,63.73,111,36.27
3114,31,14,270,196,72.59,74,27.41
3115,31,15,278,188,67.63,90,32.37
3116,31,16,345,190,55.07,155,44.93
3117,31,17,263,190,72.24,73,27.76
3118,31,18,269,174,64.68,95,35.32
3119,31,19,258,165,63.95,93,36.05
3120,31,20,245,144,58.78,101,41.22
3121,31,21,250,175,70.0,75,30.0
3122,31,22,243,141,58.02,102,41.98
3123,31,23,313,208,66.45,105,33.55
3124,31,24,284,191,67.25,93,32.75
3125,31,25,295,192,65.08,103,34.92
3126,31,26,284,179,63.03,105,36.97
3127,31,27,303,192,63.37,111,36.63
3128,31,28,271,181,66.79,90,33.21
3129,31,29,269,170,63.2,99,36.8
3130,31,30,238,163,68.49,75,31.51
3131,31,31,240,159,66.25,81,33.75
3132,31,32,225,140,62.22,85,37.78
3133,31,33,269,189,70.26,80,29.74
3134,31,34,285,181,63.51,104,36.49
3135,31,35,334,209,62.57,125,37.43
3136,31,36,281,188,66.9,93,33.1
3137,31,37,270,177,65.56,93,34.44
3138,31,38,260,171,65.77,89,34.23
3139,31,39,315,182,57.78,133,42.22
3140,31,40,313,168,53.67,145,46.33
3141,31,41,260,165,63.46,95,36.54
3201,32,1,641,445,69.42,196,30.58
3202,32,2,574,403,70.21,171,29.79
3203,32,3,536,339,63.25,197,36.75
3204,32,4,456,326,71.49,130,28.51
3205,32,5,537,367,68.34,170,31.66
3206,32,6,609,435,71.43,174,28.57
3207,32,7,585,406,69.4,179,30.6
3208,32,8,625,472,75.52,153,24.48
3209,32,9,518,373,72.01,145,27.99
3210,32,10,568,385,67.78,183,32.22
3211,32,11,456,272,59.65,184,40.35
3212,32,12,343,200,58.31,143,41.69
3213,32,13,553,399,72.15,154,27.85
3214,32,14,545,337,61.83,208,38.17
3215,32,15,485,317,65.36,168,34.64
3216,32,16,491,323,65.78,168,34.22
3217,32,17,496,287,57.86,209,42.14
3218,32,18,487,375,77.0,112,23.0
3219,32,19,473,339,71.67,134,28.33
3220,32,20,484,289,59.71,195,40.29
3221,32,21,514,381,74.12,133,25.88
3222,32,22,639,394,61.66,245,38.34
3223,32,23,543,392,72.19,151,27.81
3224,32,24,439,330,75.17,109,24.83
3225,32,25,508,381,75.0,127,25.0
3226,32,26,532,326,61.28,206,38.72
3227,32,27,516,373,72.29,143,27.71
3228,32,28,529,335,63.33,194,36.67
3229,32,29,536,365,68.1,171,31.9
3230,32,30,489,374,76.48,115,23.52
3231,32,31,546,396,72.53,150,27.47
3232,32,32,599,434,72.45,165,27.55
3233,32,33,452,336,74.34,116,25.66
3234,32,34,564,384,68.09,180,31.91
3235,32,35,492,357,72.56,135,27.44
3236,32,36,520,367,70.58,153,29.42
3237,32,37,589,400,67.91,189,32.09
3238,32,38,494,326,65.99,168,34.01
3239,32,39,568,430,75.7,138,24.3
3240,32,40,515,377,73.2,138,26.8
3241,32,41,541,393,72.64,148,27.36
3242,32,42,475,348,73.26,127,26.74
3243,32,43,467,284,60.81,183,39.19
3301,33,1,566,342,60.42,224,39.58
3302,33,2,692,450,65.03,242,34.97
3303,33,3,750,467,62.27,283,37.73
3304,33,4,714,441,61.76,273,38.24
3305,33,5,511,346,67.71,165,32.29
3306,33,6,488,309,63.32,179,36.68
3307,33,7,568,362,63.73,206,36.27
3308,33,8,662,464,70.09,198,29.91
3309,33,9,599,408,68.11,191,31.89
3310,33,10,448,302,67.41,146,32.59
3311,33,11,541,368,68.02,173,31.98
3312,33,12,553,378,68.35,175,31.65
3313,33,13,530,309,58.3,221,41.7
3314,33,14,260,172,66.15,88,33.85
3315,33,15,563,365,64.83,198,35.17
3316,33,16,724,500,69.06,224,30.94
3317,33,17,561,357,63.64,204,36.36
3318,33,18,762,496,65.09,266,34.91
3319,33,19,639,411,64.32,228,35.68
3320,33,20,684,461,67.4,223,32.6
3321,33,21,594,368,61.95,226,38.05
3322,33,22,503,342,67.99,161,32.01
3323,33,23,610,400,65.57,210,34.43
3324,33,24,673,496,73.7,177,26.3
3325,33,25,648,449,69.29,199,30.71
3326,33,26,393,226,57.51,167,42.49
3327,33,27,632,382,60.44,250,39.56
3328,33,28,498,312,62.65,186,37.35
3401,34,1,402,270,67.16,132,32.84
3402,34,2,312,234,75.0,78,25.0
3403,34,3,359,237,66.02,122,33.98
3404,34,4,277,210,75.81,67,24.19
3405,34,5,300,217,72.33,83,27.67
3406,34,6,399,283,70.93,116,29.07
3407,34,7,372,273,73.39,99,26.61
3408,34,8,302,211,69.87,91,30.13
3409,34,9,230,162,70.43,68,29.57
3410,34,10,302,209,69.21,93,30.79
3411,34,11,306,201,65.69,105,34.31
3412,34,12,373,268,71.85,105,28.15
3413,34,13,367,253,68.94,114,31.06
3414,34,14,278,209,75.18,69,24.82
3415,34,15,320,226,70.63,94,29.38
3416,34,16,325,227,69.85,98,30.15
3417,34,17,438,310,70.78,128,29.22
3418,34,18,214,152,71.03,62,28.97
3419,34,19,382,276,72.25,106,27.75
3420,34,20,405,314,77.53,91,22.47
3421,34,21,418,288,68.9,130,31.1
3422,34,22,359,263,73.26,96,26.74
3423,34,23,305,214,70.16,91,29.84
3424,34,24,305,224,73.44,81,26.56
3425,34,25,534,389,72.85,145,27.15
3426,34,26,417,308,73.86,109,26.14
3427,34,27,282,202,71.63,80,28.37
3428,34,28,218,148,67.89,70,32.11
3429,34,29,281,181,64.41,100,35.59
3430,34,30,334,254,76.05,80,23.95
3431,34,31,272,195,71.69,77,28.31
3432,34,32,349,244,69.91,105,30.09
3433,34,33,294,213,72.45,81,27.55
3434,34,34,407,293,71.99,114,28.01
3435,34,35,438,302,68.95,136,31.05
3436,34,36,310,233,75.16,77,24.84
3437,34,37,205,129,62.93,76,37.07
3438,34,38,184,118,64.13,66,35.87
3439,34,39,265,169,63.77,96,36.23
3440,34,40,374,260,69.52,114,30.48
3441,34,41,213,136,63.85,77,36.15
3442,34,42,360,268,74.44,92,25.56
3443,34,43,322,241,74.84,81,25.16
3444,34,44,300,222,74.0,78,26.0
3445,34,45,354,257,72.6,97,27.4
3446,34,46,241,177,73.44,64,26.56
3447,34,47,317,239,75.39,78,24.61
3448,34,48,358,269,75.14,89,24.86
3449,34,49,323,241,74.61,82,25.39
3450,34,50,287,209,72.82,78,27.18
3451,34,51,408,297,72.79,111,27.21
3452,34,52,282,204,72.34,78,27.66
3453,34,53,244,175,71.72,69,28.28
3501,35,1,457,267,58.42,190,41.58
3502,35,2,475,273,57.47,202,42.53
3503,35,3,427,251,58.78,176,41.22
3504,35,4,471,307,65.18,164,34.82
3505,35,5,395,237,60.0,158,40.0
3506,35,6,492,313,63.62,179,36.38
3507,35,7,473,275,58.14,198,41.86
3508,35,8,466,282,60.52,184,39.48
3509,35,9,400,253,63.25,147,36.75
3510,35,10,527,299,56.74,228,43.26
3511,35,11,518,320,61.78,198,38.22
3512,35,12,312,196,62.82,116,37.18
3513,35,13,322,200,62.11,122,37.89
3514,35,14,365,228,62.47,137,37.53
3515,35,15,556,339,60.97,217,39.03
3516,35,16,246,152,61.79,94,38.21
3517,35,17,460,255,55.43,205,44.57
3518,35,18,318,203,63.84,115,36.16
3519,35,19,288,191,66.32,97,33.68
3520,35,20,469,317,67.59,152,32.41
3521,35,21,470,279,59.36,191,40.64
3522,35,22,581,355,61.1,226,38.9
3523,35,23,466,307,65.88,159,34.12
3524,35,24,418,249,59.57,169,40.43
3525,35,25,476,290,60.92,186,39.08
3526,35,26,406,260,64.04,146,35.96
3527,35,27,413,275,66.59,138,33.41
3528,35,28,464,291,62.72,173,37.28
3529,35,29,436,293,67.2,143,32.8
3530,35,30,421,273,64.85,148,35.15
3531,35,31,496,328,66.13,168,33.87
3601,36,1,384,259,67.45,125,32.55
3602,36,2,373,241,64.61,132,35.39
3603,36,3,349,227,65.04,122,34.96
3604,36,4,432,301,69.68,131,30.32
3605,36,5,345,234,67.83,111,32.17
3606,36,6,340,206,60.59,134,39.41
3607,36,7,386,249,64.51,137,35.49
3608,36,8,321,211,65.73,110,34.27
3609,36,9,385,244,63.38,141,36.62
3610,36,10,492,338,68.7,154,31.3
3611,36,11,275,182,66.18,93,33.82
3612,36,12,238,154,64.71,84,35.29
3613,36,13,276,178,64.49,98,35.51
3614,36,14,426,280,65.73,146,34.27
3615,36,15,379,283,74.67,96,25.33
3616,36,16,383,254,66.32,129,33.68
3617,36,17,473,324,68.5,149,31.5
3618,36,18,399,254,63.66,145,36.34
3619,36,19,493,323,65.52,170,34.48
3620,36,20,432,285,65.97,147,34.03
3621,36,21,352,213,60.51,139,39.49
3622,36,22,356,211,59.27,145,40.73
3623,36,23,352,220,62.5,132,37.5
3624,36,24,452,285,63.05,167,36.95
3625,36,25,406,256,63.05,150,36.95
3626,36,26,360,247,68.61,113,31.39
3627,36,27,327,225,68.81,102,31.19
3628,36,28,347,240,69.16,107,30.84
3629,36,29,415,266,64.1,149,35.9
3630,36,30,366,229,62.57,137,37.43
3701,37,1,200,154,77.0,46,23.0
3702,37,2,298,189,63.42,109,36.58
3703,37,3,227,155,68.28,72,31.72
3704,37,4,263,156,59.32,107,40.68
3705,37,5,318,236,74.21,82,25.79
3706,37,6,214,152,71.03,62,28.97
3707,37,7,248,186,75.0,62,25.0
3708,37,8,231,150,64.94,81,35.06
3709,37,9,305,206,67.54,99,32.46
3710,37,10,393,272,69.21,121,30.79
3711,37,11,201,151,75.12,50,24.88
3712,37,12,296,208,70.27,88,29.73
3713,37,13,238,177,74.37,61,25.63
3714,37,14,367,245,66.76,122,33.24
3715,37,15,331,238,71.9,93,28.1
3716,37,16,345,235,68.12,110,31.88
3717,37,17,228,156,68.42,72,31.58
3718,37,18,265,182,68.68,83,31.32
3719,37,19,229,154,67.25,75,32.75
3720,37,20,285,214,75.09,71,24.91
3721,37,21,247,175,70.85,72,29.15
3722,37,22,285,196,68.77,89,31.23
3723,37,23,300,204,68.0,96,32.0
3724,37,24,295,194,65.76,101,34.24
3725,37,25,271,170,62.73,101,37.27
3726,37,26,428,283,66.12,145,33.88
3727,37,27,315,208,66.03,107,33.97
3728,37,28,274,190,69.34,84,30.66
3729,37,29,265,188,70.94,77,29.06
3730,37,30,274,197,71.9,77,28.1
3731,37,31,362,253,69.89,109,30.11
3732,37,32,276,206,74.64,70,25.36
3733,37,33,235,178,75.74,57,24.26
3734,37,34,273,191,69.96,82,30.04
3735,37,35,320,226,70.63,94,29.38
3736,37,36,215,145,67.44,70,32.56
3737,37,37,332,240,72.29,92,27.71
3738,37,38,332,231,69.58,101,30.42
3739,37,39,261,180,68.97,81,31.03
3740,37,40,326,235,72.09,91,27.91
3741,37,41,303,224,73.93,79,26.07
3801,38,1,383,255,66.58,128,33.42
3802,38,2,385,257,66.75,128,33.25
3803,38,3,392,248,63.27,144,36.73
3804,38,4,365,240,65.75,125,34.25
3805,38,5,371,254,68.46,117,31.54
3806,38,6,393,241,61.32,152,38.68
3807,38,7,373,239,64.08,134,35.92
3808,38,8,384,260,67.71,124,32.29
3809,38,9,470,323,68.72,147,31.28
3810,38,10,357,227,63.59,130,36.41
3811,38,11,365,261,71.51,104,28.49
3812,38,12,360,247,68.61,113,31.39
3813,38,13,444,293,65.99,151,34.01
3814,38,14,426,284,66.67,142,33.33
3815,38,15,361,243,67.31,118,32.69
3816,38,16,390,270,69.23,120,30.77
3817,38,17,466,300,64.38,166,35.62
3818,38,18,408,287,70.34,121,29.66
3819,38,19,423,310,73.29,113,26.71
3820,38,20,407,263,64.62,144,35.38
3821,38,21,393,259,65.9,134,34.1
3822,38,22,365,260,71.23,105,28.77
3823,38,23,414,278,67.15,136,32.85
3824,38,24,387,260,67.18,127,32.82
3825,38,25,365,244,66.85,121,33.15
3826,38,26,404,287,71.04,117,28.96
3827,38,27,384,248,64.58,136,35.42
3828,38,28,487,314,64.48,173,35.52
3829,38,29,406,269,66.26,137,33.74
3830,38,30,396,262,66.16,134,33.84
3831,38,31,412,284,68.93,128,31.07
3832,38,32,380,256,67.37,124,32.63
3833,38,33,329,227,69.0,102,31.0
3834,38,34,361,228,63.16,133,36.84
3835,38,35,369,245,66.4,124,33.6
3836,38,36,373,252,67.56,121,32.44
3837,38,37,388,231,59.54,157,40.46
3838,38,38,385,252,65.45,133,34.55
3839,38,39,434,292,67.28,142,32.72
3840,38,40,406,264,65.02,142,34.98
3841,38,41,352,238,67.61,114,32.39
3901,39,1,385,270,70.13,115,29.87
3902,39,2,255,206,80.78,49,19.22
3903,39,3,467,324,69.38,143,30.62
3904,39,4,397,278,70.03,119,29.97
3905,39,5,430,303,70.47,127,29.53
3906,39,6,439,276,62.87,163,37.13
3907,39,7,370,263,71.08,107,28.92
3908,39,8,424,303,71.46,121,28.54
3909,39,9,374,274,73.26,100,26.74
3910,39,10,195,143,73.33,52,26.67
3911,39,11,389,261,67.1,128,32.9
3912,39,12,560,345,61.61,215,38.39
3913,39,13,339,246,72.57,93,27.43
3914,39,14,414,281,67.87,133,32.13
3915,39,15,468,332,70.94,136,29.06
3916,39,16,366,252,68.85,114,31.15
3917,39,17,417,285,68.35,132,31.65
3918,39,18,411,299,72.75,112,27.25
3919,39,19,396,272,68.69,124,31.31
3920,39,20,526,369,70.15,157,29.85
3921,39,21,416,260,62.5,156,37.5
3922,39,22,410,283,69.02,127,30.98
3923,39,23,417,286,68.59,131,31.41
3924,39,24,508,349,68.7,159,31.3
3925,39,25,345,236,68.41,109,31.59
3926,39,26,365,253,69.32,112,30.68
3927,39,27,56,44,78.57,12,21.43
3928,39,28,522,360,68.97,162,31.03
3929,39,29,219,143,65.3,76,34.7
3930,39,30,513,351,68.42,162,31.58
3931,39,31,361,246,68.14,115,31.86
3932,39,32,296,198,66.89,98,33.11
3933,39,33,410,281,68.54,129,31.46
3934,39,34,486,302,62.14,184,37.86
3935,39,35,410,298,72.68,112,27.32
3936,39,36,99,79,79.8,20,20.2
3937,39,37,371,294,79.25,77,20.75
3938,39,38,213,166,77.93,47,22.07
3939,39,39,254,187,73.62,67,26.38
3940,39,40,415,285,68.67,130,31.33
3941,39,41,414,292,70.53,122,29.47
3942,39,42,426,335,78.64,91,21.36
3943,39,43,422,293,69.43,129,30.57
3944,39,44,328,232,70.73,96,29.27
3945,39,45,360,266,73.89,94,26.11
4001,40,1,407,281,69.04,126,30.96
4002,40,2,486,347,71.4,139,28.6
4003,40,3,599,384,64.11,215,35.89
4004,40,4,288,213,73.96,75,26.04
4005,40,5,529,360,68.05,169,31.95
4006,40,6,559,349,62.43,210,37.57
4007,40,7,455,326,71.65,129,28.35
4008,40,8,633,427,67.46,206,32.54
4009,40,9,366,273,74.59,93,25.41
4010,40,10,519,355,68.4,164,31.6
4011,40,11,490,328,66.94,162,33.06
4012,40,12,400,274,68.5,126,31.5
4013,40,13,702,439,62.54,263,37.46
4014,40,14,426,299,70.19,127,29.81
4015,40,15,448,318,70.98,130,29.02
4016,40,16,631,388,61.49,243,38.51
4017,40,17,393,268,68.19,125,31.81
4018,40,18,378,273,72.22,105,27.78
4019,40,19,579,396,68.39,183,31.61
4020,40,20,492,324,65.85,168,34.15
4021,40,21,544,423,77.76,121,22.24
4022,40,22,587,420,71.55,167,28.45
4023,40,23,581,401,69.02,180,30.98
4024,40,24,439,324,73.8,115,26.2
4025,40,25,559,351,62.79,208,37.21
4026,40,26,509,344,67.58,165,32.42
4027,40,27,577,387,67.07,190,32.93
4028,40,28,513,324,63.16,189,36.84
4029,40,29,492,346,70.33,146,29.67
4030,40,30,387,283,73.13,104,26.87
4031,40,31,534,355,66.48,179,33.52
4032,40,32,521,375,71.98,146,28.02
4033,40,33,470,320,68.09,150,31.91
4034,40,34,399,288,72.18,111,27.82
4035,40,35,327,253,77.37,74,22.63
4036,40,36,399,289,72.43,110,27.57
4037,40,37,504,350,69.44,154,30.56
4038,40,38,593,404,68.13,189,31.87
4039,40,39,189,135,71.43,54,28.57
4101,41,1,431,267,61.95,164,38.05
4102,41,2,478,324,67.78,154,32.22
4103,41,3,423,287,67.85,136,32.15
4104,41,4,414,300,72.46,114,27.54
4105,41,5,502,348,69.32,154,30.68
4106,41,6,493,367,74.44,126,25.56
4107,41,7,449,313,69.71,136,30.29
4108,41,8,435,284,65.29,151,34.71
4109,41,9,380,260,68.42,120,31.58
4110,41,10,439,329,74.94,110,25.06
4111,41,11,472,294,62.29,178,37.71
4112,41,12,459,316,68.85,143,31.15
4113,41,13,477,319,66.88,158,33.12
4114,41,14,456,318,69.74,138,30.26
4115,41,15,519,366,70.52,153,29.48
4116,41,16,412,272,66.02,140,33.98
4117,41,17,381,258,67.72,123,32.28
4118,41,18,384,258,67.19,126,32.81
4119,41,19,443,337,76.07,106,23.93
4120,41,20,320,215,67.19,105,32.81
4121,41,21,455,304,66.81,151,33.19
4122,41,22,497,322,64.79,175,35.21
4123,41,23,417,296,70.98,121,29.02
4124,41,24,411,262,63.75,149,36.25
4125,41,25,391,258,65.98,133,34.02
4126,41,26,401,278,69.33,123,30.67
4127,41,27,367,233,63.49,134,36.51
4128,41,28,401,263,65.59,138,34.41
4129,41,29,339,224,66.08,115,33.92
4130,41,30,374,256,68.45,118,31.55
4131,41,31,385,281,72.99,104,27.01
4132,41,32,379,265,69.92,114,30.08
4133,41,33,408,271,66.42,137,33.58
4134,41,34,401,259,64.59,142,35.41
4135,41,35,502,322,64.14,180,35.86
4136,41,36,434,268,61.75,166,38.25
4137,41,37,483,362,74.95,121,25.05
4138,41,38,418,261,62.44,157,37.56
4139,41,39,442,287,64.93,155,35.07
4140,41,40,482,306,63.49,176,36.51
4141,41,41,454,309,68.06,145,31.94
4142,41,42,431,295,68.45,136,31.55
4143,41,43,409,273,66.75,136,33.25
4144,41,44,444,299,67.34,145,32.66
4145,41,45,432,284,65.74,148,34.26
4146,41,46,432,282,65.28,150,34.72
4147,41,47,422,295,69.91,127,30.09
4201,42,1,397,327,82.37,70,17.63
4202,42,2,590,457,77.46,133,22.54
4203,42,3,513,378,73.68,135,26.32
4204,42,4,1114,852,76.48,262,23.52
4205,42,5,391,303,77.49,88,22.51
4206,42,6,459,359,78.21,100,21.79
4207,42,7,570,440,77.19,130,22.81
4208,42,8,374,268,71.66,106,28.34
4209,42,9,667,498,74.66,169,25.34
4210,42,10,695,506,72.81,189,27.19
4211,42,11,313,253,80.83,60,19.17
4212,42,12,387,306,79.07,81,20.93
4213,42,13,379,295,77.84,84,22.16
4214,42,14,672,518,77.08,154,22.92
4215,42,15,644,495,76.86,149,23.14
4216,42,16,494,356,72.06,138,27.94
4217,42,17,777,593,76.32,184,23.68
4218,42,18,641,490,76.44,151,23.56
4219,42,19,597,477,79.9,120,20.1
4220,42,20,580,425,73.28,155,26.72
4221,42,21,618,478,77.35,140,22.65
4222,42,22,275,206,74.91,69,25.09
4223,42,23,490,370,75.51,120,24.49
4224,42,24,420,331,78.81,89,21.19
4225,42,25,566,412,72.79,154,27.21
4226,42,26,778,601,77.25,177,22.75
4227,42,27,338,222,65.68,116,34.32
4228,42,28,527,392,74.38,135,25.62
4229,42,29,588,436,74.15,152,25.85
4230,42,30,370,301,81.35,69,18.65
4231,42,31,560,426,76.07,134,23.93
4232,42,32,590,426,72.2,164,27.8
4233,42,33,565,407,72.04,158,27.96
4234,42,34,376,291,77.39,85,22.61
4235,42,35,594,448,75.42,146,24.58
4236,42,36,892,611,68.5,281,31.5
4237,42,37,381,281,73.75,100,26.25
4238,42,38,486,369,75.93,117,24.07
4239,42,39,859,675,78.58,184,21.42
4240,42,40,727,564,77.58,163,22.42
4241,42,41,514,377,73.35,137,26.65
4242,42,42,875,672,76.8,203,23.2
4301,43,1,247,196,79.35,51,20.65
4302,43,2,516,394,76.36,122,23.64
4303,43,3,459,360,78.43,99,21.57
4304,43,4,555,426,76.76,129,23.24
4305,43,5,445,351,78.88,94,21.12
4306,43,6,381,302,79.27,79,20.73
4307,43,7,285,221,77.54,64,22.46
4308,43,8,367,290,79.02,77,20.98
4309,43,9,465,357,76.77,108,23.23
4310,43,10,575,454,78.96,121,21.04
4311,43,11,457,348,76.15,109,23.85
4312,43,12,312,233,74.68,79,25.32
4313,43,13,482,347,71.99,135,28.01
4314,43,14,490,384,78.37,106,21.63
4315,43,15,462,344,74.46,118,25.54
4316,43,16,647,466,72.02,181,27.98
4317,43,17,387,317,81.91,70,18.09
4318,43,18,525,407,77.52,118,22.48
4319,43,19,464,370,79.74,94,20.26
4320,43,20,583,445,76.33,138,23.67
4321,43,21,543,395,72.74,148,27.26
4322,43,22,334,246,73.65,88,26.35
4323,43,23,339,259,76.4,80,23.6
4324,43,24,352,265,75.28,87,24.72
4325,43,25,397,298,75.06,99,24.94
4326,43,26,288,228,79.17,60,20.83
4327,43,27,447,352,78.75,95,21.25
4328,43,28,575,463,80.52,112,19.48
4329,43,29,669,523,78.18,146,21.82
4330,43,30,506,385,76.09,121,23.91
4331,43,31,441,336,76.19,105,23.81
4332,43,32,492,383,77.85,109,22.15
4333,43,33,448,377,84.15,71,15.85
4334,43,34,314,249,79.3,65,20.7
4335,43,35,493,400,81.14,93,18.86
4336,43,36,318,233,73.27,85,26.73
4337,43,37,568,411,72.36,157,27.64
4338,43,38,324,262,80.86,62,19.14
4339,43,39,355,237,66.76,118,33.24
4340,43,40,366,262,71.58,104,28.42
4341,43,41,581,452,77.8,129,22.2
4342,43,42,450,330,73.33,120,26.67
4343,43,43,456,382,83.77,74,16.23
4344,43,44,451,340,75.39,111,24.61
4345,43,45,295,224,75.93,71,24.07
4346,43,46,286,206,72.03,80,27.97
4401,44,1,800,577,72.13,223,27.88
4402,44,2,518,392,75.68,126,24.32
4403,44,3,267,228,85.39,39,14.61
4404,44,4,394,314,79.7,80,20.3
4405,44,5,524,390,74.43,134,25.57
4406,44,6,647,451,69.71,196,30.29
4407,44,7,317,245,77.29,72,22.71
4408,44,8,715,507,70.91,208,29.09
4409,44,9,553,406,73.42,147,26.58
4410,44,10,560,408,72.86,152,27.14
4411,44,11,623,420,67.42,203,32.58
4412,44,12,550,421,76.55,129,23.45
4413,44,13,469,368,78.46,101,21.54
4414,44,14,523,372,71.13,151,28.87
4415,44,15,484,353,72.93,131,27.07
4416,44,16,624,432,69.23,192,30.77
4417,44,17,704,507,72.02,197,27.98
4418,44,18,568,410,72.18,158,27.82
4419,44,19,623,462,74.16,161,25.84
4420,44,20,669,472,70.55,197,29.45
4421,44,21,612,445,72.71,167,27.29
4422,44,22,507,394,77.71,113,22.29
4423,44,23,514,385,74.9,129,25.1
4424,44,24,344,283,82.27,61,17.73
4425,44,25,545,422,77.43,123,22.57
4426,44,26,709,484,68.27,225,31.73
4427,44,27,612,443,72.39,169,27.61
4428,44,28,585,424,72.48,161,27.52
4429,44,29,623,453,72.71,170,27.29
4430,44,30,646,473,73.22,173,26.78
4431,44,31,483,341,70.6,142,29.4
4432,44,32,618,435,70.39,183,29.61
4433,44,33,603,441,73.13,162,26.87
4434,44,34,553,431,77.94,122,22.06
4435,44,35,544,418,76.84,126,23.16
4436,44,36,621,478,76.97,143,23.03
4437,44,37,608,429,70.56,179,29.44
4438,44,38,648,479,73.92,169,26.08
4439,44,39,592,448,75.68,144,24.32
4440,44,40,509,374,73.48,135,26.52
4441,44,41,692,476,68.79,216,31.21
4501,45,1,365,245,67.12,120,32.88
4502,45,2,441,305,69.16,136,30.84
4503,45,3,394,278,70.56,116,29.44
4504,45,4,518,333,64.29,185,35.71
4505,45,5,449,339,75.5,110,24.5
4506,45,6,593,396,66.78,197,33.22
4507,45,7,615,470,76.42,145,23.58
4508,45,8,446,315,70.63,131,29.37
4509,45,9,432,272,62.96,160,37.04
4510,45,10,422,294,69.67,128,30.33
4511,45,11,341,216,63.34,125,36.66
4512,45,12,381,253,66.4,128,33.6
4513,45,13,350,251,71.71,99,28.29
4514,45,14,614,415,67.59,199,32.41
4515,45,15,527,365,69.26,162,30.74
4516,45,16,362,250,69.06,112,30.94
4517,45,17,457,313,68.49,144,31.51
4518,45,18,465,326,70.11,139,29.89
4519,45,19,234,156,66.67,78,33.33
4520,45,20,300,200,66.67,100,33.33
4521,45,21,370,242,65.41,128,34.59
4522,45,22,390,270,69.23,120,30.77
4523,45,23,402,269,66.92,133,33.08
4524,45,24,340,223,65.59,117,34.41
4525,45,25,285,183,64.21,102,35.79
4526,45,26,239,176,73.64,63,26.36
4527,45,27,413,281,68.04,132,31.96
4528,45,28,347,241,69.45,106,30.55
4529,45,29,273,187,68.5,86,31.5
4530,45,30,425,294,69.18,131,30.82
4531,45,31,338,237,70.12,101,29.88
4532,45,32,399,271,67.92,128,32.08
4533,45,33,300,192,64.0,108,36.0
4534,45,34,444,302,68.02,142,31.98
4535,45,35,474,335,70.68,139,29.32
4536,45,36,440,304,69.09,136,30.91
4537,45,37,402,262,65.17,140,34.83
4538,45,38,410,282,68.78,128,31.22
4539,45,39,420,278,66.19,142,33.81
4540,45,40,397,258,64.99,139,35.01
4541,45,41,374,245,65.51,129,34.49
4542,45,42,401,291,72.57,110,27.43
4543,45,43,442,301,68.1,141,31.9
4544,45,44,383,260,67.89,123,32.11
4545,45,45,276,187,67.75,89,32.25
4546,45,46,340,225,66.18,115,33.82
4547,45,47,304,210,69.08,94,30.92
4548,45,48,322,204,63.35,118,36.65
4601,46,1,397,255,64.23,142,35.77
4602,46,2,503,342,67.99,161,32.01
4603,46,3,578,444,76.82,134,23.18
4604,46,4,490,342,69.8,148,30.2
4605,46,5,677,469,69.28,208,30.72
4606,46,6,436,282,64.68,154,35.32
4607,46,7,478,373,78.03,105,21.97
4608,46,8,340,227,66.76,113,33.24
4609,46,9,571,371,64.97,200,35.03
4610,46,10,876,609,69.52,267,30.48
4611,46,11,479,325,67.85,154,32.15
4612,46,12,554,355,64.08,199,35.92
4613,46,13,528,386,73.11,142,26.89
4614,46,14,523,368,70.36,155,29.64
4615,46,15,508,364,71.65,144,28.35
4616,46,16,588,383,65.14,205,34.86
4617,46,17,542,404,74.54,138,25.46
4618,46,18,576,387,67.19,189,32.81
4619,46,19,335,242,72.24,93,27.76
4620,46,20,431,314,72.85,117,27.15
4621,46,21,387,263,67.96,124,32.04
4622,46,22,366,238,65.03,128,34.97
4623,46,23,481,321,66.74,160,33.26
4624,46,24,643,475,73.87,168,26.13
4625,46,25,505,326,64.55,179,35.45
4626,46,26,716,478,66.76,238,33.24
4627,46,27,676,432,63.91,244,36.09
4628,46,28,466,363,77.9,103,22.1
4629,46,29,404,315,77.97,89,22.03
4630,46,30,518,360,69.5,158,30.5
4631,46,31,528,373,70.64,155,29.36
4632,46,32,484,320,66.12,164,33.88
4633,46,33,520,372,71.54,148,28.46
4634,46,34,658,446,67.78,212,32.22
4635,46,35,587,430,73.25,157,26.75
4636,46,36,477,369,77.36,108,22.64
4637,46,37,407,299,73.46,108,26.54
4638,46,38,588,416,70.75,172,29.25
4639,46,39,465,297,63.87,168,36.13
4640,46,40,430,315,73.26,115,26.74
4701,47,1,369,265,71.82,104,28.18
4702,47,2,513,401,78.17,112,21.83
4703,47,3,495,403,81.41,92,18.59
4704,47,4,625,480,76.8,145,23.2
4705,47,5,580,383,66.03,197,33.97
4706,47,6,641,487,75.98,154,24.02
4707,47,7,498,343,68.88,155,31.12
4708,47,8,531,396,74.58,135,25.42
4709,47,9,500,367,73.4,133,26.6
4710,47,10,654,449,68.65,205,31.35
4711,47,11,533,397,74.48,136,25.52
4712,47,12,578,419,72.49,159,27.51
4713,47,13,529,356,67.3,173,32.7
4714,47,14,488,394,80.74,94,19.26
4715,47,15,671,386,57.53,285,42.47
4716,47,16,539,409,75.88,130,24.12
4717,47,17,522,369,70.69,153,29.31
4718,47,18,521,345,66.22,176,33.78
4719,47,19,824,538,65.29,286,34.71
4720,47,20,568,393,69.19,175,30.81
4721,47,21,507,352,69.43,155,30.57
4722,47,22,585,407,69.57,178,30.43
4723,47,23,607,392,64.58,215,35.42
4724,47,24,552,390,70.65,162,29.35
4725,47,25,650,451,69.38,199,30.62
4726,47,26,724,525,72.51,199,27.49
4727,47,27,461,337,73.1,124,26.9
4728,47,28,494,358,72.47,136,27.53
4729,47,29,629,454,72.18,175,27.82
4730,47,30,672,479,71.28,193,28.72
4731,47,31,580,399,68.79,181,31.21
4732,47,32,655,444,67.79,211,32.21
4733,47,33,511,389,76.13,122,23.87
4734,47,34,556,409,73.56,147,26.44
4735,47,35,531,400,75.33,131,24.67
4736,47,36,622,415,66.72,207,33.28
4737,47,37,494,337,68.22,157,31.78
4738,47,38,537,362,67.41,175,32.59
4739,47,39,536,355,66.23,181,33.77
4740,47,40,505,369,73.07,136,26.93
4741,47,41,590,398,67.46,192,32.54
4742,47,42,524,339,64.69,185,35.31
4743,47,43,489,374,76.48,115,23.52
4744,47,44,453,332,73.29,121,26.71
4745,47,45,501,366,73.05,135,26.95
4746,47,46,544,403,74.08,141,25.92
4747,47,47,658,468,71.12,190,28.88
4748,47,48,33,25,75.76,8,24.24
4801,48,1,507,331,65.29,176,34.71
4802,48,2,211,161,76.3,50,23.7
4803,48,3,570,394,69.12,176,30.88
4804,48,4,449,308,68.6,141,31.4
4805,48,5,249,186,74.7,63,25.3
4806,48,6,587,417,71.04,170,28.96
4807,48,7,532,380,71.43,152,28.57
4808,48,8,238,182,76.47,56,23.53
4809,48,9,320,242,75.63,78,24.38
4810,48,10,692,468,67.63,224,32.37
4811,48,11,398,287,72.11,111,27.89
4812,48,12,583,381,65.35,202,34.65
4813,48,13,612,464,75.82,148,24.18
4814,48,14,198,151,76.26,47,23.74
4815,48,15,319,238,74.61,81,25.39
4816,48,16,552,364,65.94,188,34.06
4817,48,17,427,322,75.41,105,24.59
4818,48,18,331,226,68.28,105,31.72
4819,48,19,348,241,69.25,107,30.75
4820,48,20,535,333,62.24,202,37.76
4821,48,21,635,393,61.89,242,38.11
4822,48,22,374,286,76.47,88,23.53
4823,48,23,435,336,77.24,99,22.76
4824,48,24,567,351,61.9,216,38.1
4825,48,25,430,300,69.77,130,30.23
4826,48,26,236,169,71.61,67,28.39
4827,48,27,492,326,66.26,166,33.74
4828,48,28,509,349,68.57,160,31.43
4829,48,29,182,159,87.36,23,12.64
4830,48,30,416,272,65.38,144,34.62
4831,48,31,720,456,63.33,264,36.67
4832,48,32,541,363,67.1,178,32.9
4833,48,33,256,208,81.25,48,18.75
4834,48,34,416,290,69.71,126,30.29
4835,48,35,292,195,66.78,97,33.22
4836,48,36,271,214,78.97,57,21.03
4837,48,37,509,348,68.37,161,31.63
4838,48,38,502,386,76.89,116,23.11
4839,48,39,363,278,76.58,85,23.42
4840,48,40,451,321,71.18,130,28.82
4841,48,41,651,409,62.83,242,37.17
4842,48,42,584,380,65.07,204,34.93
4843,48,43,593,402,67.79,191,32.21
4844,48,44,639,422,66.04,217,33.96
4845,48,45,379,242,63.85,137,36.15
4846,48,46,279,205,73.48,74,26.52
4901,49,1,333,208,62.46,125,37.54
4902,49,2,313,213,68.05,100,31.95
4903,49,3,629,415,65.98,214,34.02
4904,49,4,686,424,61.81,262,38.19
4905,49,5,494,334,67.61,160,32.39
4906,49,6,435,291,66.9,144,33.1
4907,49,7,409,281,68.7,128,31.3
4908,49,8,450,338,75.11,112,24.89
4909,49,9,508,347,68.31,161,31.69
4910,49,10,590,410,69.49,180,30.51
4911,49,11,667,444,66.57,223,33.43
4912,49,12,632,418,66.14,214,33.86
4913,49,13,579,376,64.94,203,35.06
4914,49,14,393,261,66.41,132,33.59
4915,49,15,380,263,69.21,117,30.79
4916,49,16,454,326,71.81,128,28.19
4917,49,17,389,280,71.98,109,28.02
4918,49,18,650,436,67.08,214,32.92
4919,49,19,467,315,67.45,152,32.55
4920,49,20,763,506,66.32,257,33.68
4921,49,21,317,217,68.45,100,31.55
4922,49,22,528,351,66.48,177,33.52
4923,49,23,666,421,63.21,245,36.79
4924,49,24,393,276,70.23,117,29.77
4925,49,25,643,412,64.07,231,35.93
4926,49,26,582,378,64.95,204,35.05
4927,49,27,584,386,66.1,198,33.9
4928,49,28,735,450,61.22,285,38.78
4929,49,29,593,383,64.59,210,35.41
4930,49,30,536,374,69.78,162,30.22
4931,49,31,349,238,68.19,111,31.81
4932,49,32,493,302,61.26,191,38.74
4933,49,33,399,273,68.42,126,31.58
5001,50,1,321,244,76.01,77,23.99
5002,50,2,219,163,74.43,56,25.57
5003,50,3,294,224,76.19,70,23.81
5004,50,4,407,317,77.89,90,22.11
5005,50,5,208,164,78.85,44,21.15
5006,50,6,392,294,75.0,98,25.0
5007,50,7,483,366,75.78,117,24.22
5008,50,8,367,258,70.3,109,29.7
5009,50,9,308,211,68.51,97,31.49
5010,50,10,373,256,68.63,117,31.37
5011,50,11,173,122,70.52,51,29.48
5012,50,12,149,106,71.14,43,28.86
5013,50,13,460,319,69.35,141,30.65
5014,50,14,107,80,74.77,27,25.23
5015,50,15,474,341,71.94,133,28.06
5016,50,16,104,72,69.23,32,30.77
5017,50,17,374,275,73.53,99,26.47
5018,50,18,46,31,67.39,15,32.61
5019,50,19,324,238,73.46,86,26.54
5020,50,20,420,275,65.48,145,34.52
5021,50,21,345,253,73.33,92,26.67
5022,50,22,324,240,74.07,84,25.93
5023,50,23,240,158,65.83,82,34.17
5024,50,24,209,139,66.51,70,33.49
5025,50,25,292,188,64.38,104,35.62
5026,50,26,400,285,71.25,115,28.75
5027,50,27,95,60,63.16,35,36.84
5028,50,28,401,294,73.32,107,26.68
5029,50,29,398,270,67.84,128,32.16
5030,50,30,317,244,76.97,73,23.03
5031,50,31,538,367,68.22,171,31.78
5032,50,32,431,320,74.25,111,25.75
5033,50,33,221,163,73.76,58,26.24
5034,50,34,450,322,71.56,128,28.44
5035,50,35,526,386,73.38,140,26.62
5036,50,36,380,280,73.68,100,26.32
5037,50,37,393,290,73.79,103,26.21
5038,50,38,116,87,75.0,29,25.0
5039,50,39,219,154,70.32,65,29.68
5040,50,40,239,158,66.11,81,33.89
