id,ward,precinct,total,Yes,Yes Percent,No,No Percent
0101,1,1,503,421,83.7,82,16.3
0102,1,2,461,381,82.65,80,17.35
0103,1,3,594,527,88.72,67,11.28
0104,1,4,572,504,88.11,68,11.89
0105,1,5,505,453,89.7,52,10.3
0106,1,6,432,381,88.19,51,11.81
0107,1,7,368,322,87.5,46,12.5
0108,1,8,412,352,85.44,60,14.56
0109,1,9,354,309,87.29,45,12.71
0110,1,10,614,536,87.3,78,12.7
0111,1,11,569,519,91.21,50,8.79
0112,1,12,594,516,86.87,78,13.13
0113,1,13,250,214,85.6,36,14.4
0114,1,14,450,400,88.89,50,11.11
0115,1,15,464,395,85.13,69,14.87
0116,1,16,549,473,86.16,76,13.84
0117,1,17,432,365,84.49,67,15.51
0118,1,18,495,427,86.26,68,13.74
0119,1,19,601,500,83.19,101,16.81
0120,1,20,401,344,85.79,57,14.21
0121,1,21,669,590,88.19,79,11.81
0122,1,22,335,281,83.88,54,16.12
0123,1,23,649,563,86.75,86,13.25
0124,1,24,454,376,82.82,78,17.18
0125,1,25,492,429,87.2,63,12.8
0126,1,26,336,264,78.57,72,21.43
0127,1,27,565,503,89.03,62,10.97
0128,1,28,164,131,79.88,33,20.12
0129,1,29,619,553,89.34,66,10.66
0130,1,30,566,475,83.92,91,16.08
0131,1,31,448,380,84.82,68,15.18
0132,1,32,478,407,85.15,71,14.85
0133,1,33,539,474,87.94,65,12.06
0134,1,34,413,363,87.89,50,12.11
0135,1,35,624,517,82.85,107,17.15
0136,1,36,576,511,88.72,65,11.28
0137,1,37,487,430,88.3,57,11.7
0138,1,38,478,419,87.66,59,12.34
0139,1,39,420,372,88.57,48,11.43
0140,1,40,435,371,85.29,64,14.71
0141,1,41,277,252,90.97,25,9.03
0142,1,42,174,144,82.76,30,17.24
0143,1,43,320,279,87.19,41,12.81
0144,1,44,457,383,83.81,74,16.19
0201,2,1,549,469,85.43,80,14.57
0202,2,2,341,296,86.8,45,13.2
0203,2,3,567,501,88.36,66,11.64
0204,2,4,484,434,89.67,50,10.33
0205,2,5,614,536,87.3,78,12.7
0206,2,6,528,451,85.42,77,14.58
0207,2,7,434,379,87.33,55,12.67
0208,2,8,620,538,86.77,82,13.23
0209,2,9,455,395,86.81,60,13.19
0210,2,10,328,279,85.06,49,14.94
0211,2,11,455,384,84.4,71,15.6
0212,2,12,379,330,87.07,49,12.93
0213,2,13,378,325,85.98,53,14.02
0214,2,14,485,424,87.42,61,12.58
0215,2,15,428,379,88.55,49,11.45
0216,2,16,484,423,87.4,61,12.6
0217,2,17,574,504,87.8,70,12.2
0218,2,18,412,360,87.38,52,12.62
0219,2,19,298,244,81.88,54,18.12
0220,2,20,574,503,87.63,71,12.37
0221,2,21,518,458,88.42,60,11.58
0222,2,22,457,411,89.93,46,10.07
0223,2,23,290,252,86.9,38,13.1
0224,2,24,405,361,89.14,44,10.86
0225,2,25,538,475,88.29,63,11.71
0226,2,26,372,312,83.87,60,16.13
0227,2,27,400,331,82.75,69,17.25
0228,2,28,519,461,88.82,58,11.18
0229,2,29,500,423,84.6,77,15.4
0230,2,30,404,354,87.62,50,12.38
0231,2,31,516,457,88.57,59,11.43
0232,2,32,421,353,83.85,68,16.15
0233,2,33,626,549,87.7,77,12.3
0234,2,34,325,284,87.38,41,12.62
0235,2,35,598,528,88.29,70,11.71
0236,2,36,480,412,85.83,68,14.17
0237,2,37,401,343,85.54,58,14.46
0238,2,38,401,334,83.29,67,16.71
0239,2,39,321,259,80.69,62,19.31
0240,2,40,641,546,85.18,95,14.82
0241,2,41,546,463,84.8,83,15.2
0242,2,42,524,462,88.17,62,11.83
0243,2,43,609,523,85.88,86,14.12
0244,2,44,286,253,88.46,33,11.54
0245,2,45,537,466,86.78,71,13.22
0246,2,46,246,208,84.55,38,15.45
0301,3,1,633,493,77.88,140,22.12
0302,3,2,452,375,82.96,77,17.04
0303,3,3,366,282,77.05,84,22.95
0304,3,4,525,416,79.24,109,20.76
0305,3,5,262,206,78.63,56,21.37
0306,3,6,649,539,83.05,110,16.95
0307,3,7,251,200,79.68,51,20.32
0308,3,8,358,262,73.18,96,26.82
0309,3,9,523,390,74.57,133,25.43
0310,3,10,209,148,70.81,61,29.19
0311,3,11,524,395,75.38,129,24.62
0312,3,12,415,329,79.28,86,20.72
0313,3,13,538,462,85.87,76,14.13
0314,3,14,525,445,84.76,80,15.24
0315,3,15,433,314,72.52,119,27.48
0316,3,16,380,282,74.21,98,25.79
0317,3,17,669,555,82.96,114,17.04
0318,3,18,603,443,73.47,160,26.53
0319,3,19,568,498,87.68,70,12.32
0320,3,20,495,370,74.75,125,25.25
0321,3,21,487,425,87.27,62,12.73
0322,3,22,660,549,83.18,111,16.82
0323,3,23,378,290,76.72,88,23.28
0324,3,24,408,316,77.45,92,22.55
0325,3,25,791,685,86.6,106,13.4
0326,3,26,501,432,86.23,69,13.77
0327,3,27,601,509,84.69,92,15.31
0328,3,28,218,161,73.85,57,26.15
0329,3,29,478,333,69.67,145,30.33
0330,3,30,391,303,77.49,88,22.51
0331,3,31,524,404,77.1,120,22.9
0332,3,32,749,636,84.91,113,15.09
0333,3,33,590,507,85.93,83,14.07
0334,3,34,696,584,83.91,112,16.09
0335,3,35,248,191,77.02,57,22.98
0336,3,36,220,157,71.36,63,28.64
0337,3,37,441,329,74.6,112,25.4
0338,3,38,328,282,85.98,46,14.02
0339,3,39,933,798,85.53,135,14.47
0340,3,40,488,375,76.84,113,23.16
0341,3,41,318,255,80.19,63,19.81
0401,4,1,689,584,84.76,105,15.24
0402,4,2,644,565,87.73,79,12.27
0403,4,3,388,286,73.71,102,26.29
0404,4,4,636,487,76.57,149,23.43
0405,4,5,501,404,80.64,97,19.36
0406,4,6,526,423,80.42,103,19.58
0407,4,7,619,513,82.88,106,17.12
0408,4,8,524,409,78.05,115,21.95
0409,4,9,519,440,84.78,79,15.22
0410,4,10,611,491,80.36,120,19.64
0411,4,11,471,360,76.43,111,23.57
0412,4,12,647,487,75.27,160,24.73
0413,4,13,629,538,85.53,91,14.47
0414,4,14,484,384,79.34,100,20.66
0415,4,15,555,456,82.16,99,17.84
0416,4,16,850,742,87.29,108,12.71
0417,4,17,563,505,89.7,58,10.3
0418,4,18,463,358,77.32,105,22.68
0419,4,19,317,204,64.35,113,35.65
0420,4,20,368,323,87.77,45,12.23
0421,4,21,543,453,83.43,90,16.57
0422,4,22,435,375,86.21,60,13.79
0423,4,23,584,511,87.5,73,12.5
0424,4,24,453,368,81.24,85,18.76
0425,4,25,602,508,84.39,94,15.61
0426,4,26,430,336,78.14,94,21.86
0427,4,27,645,534,82.79,111,17.21
0428,4,28,429,343,79.95,86,20.05
0429,4,29,468,374,79.91,94,20.09
0430,4,30,671,513,76.45,158,23.55
0431,4,31,402,342,85.07,60,14.93
0432,4,32,542,435,80.26,107,19.74
0433,4,33,446,359,80.49,87,19.51
0434,4,34,439,354,80.64,85,19.36
0435,4,35,570,461,80.88,109,19.12
0436,4,36,587,464,79.05,123,20.95
0437,4,37,921,826,89.69,95,10.31
0438,4,38,535,434,81.12,101,18.88
0501,5,1,427,309,72.37,118,27.63
0502,5,2,347,254,73.2,93,26.8
0503,5,3,443,404,91.2,39,8.8
0504,5,4,588,507,86.22,81,13.78
0505,5,5,388,289,74.48,99,25.52
0506,5,6,337,264,78.34,73,21.66
0507,5,7,426,342,80.28,84,19.72
0508,5,8,423,401,94.8,22,5.2
0509,5,9,516,449,87.02,67,12.98
0510,5,10,362,265,73.2,97,26.8
0511,5,11,434,374,86.18,60,13.82
0512,5,12,282,206,73.05,76,26.95
0513,5,13,396,297,75.0,99,25.0
0514,5,14,355,287,80.85,68,19.15
0515,5,15,417,351,84.17,66,15.83
0516,5,16,429,309,72.03,120,27.97
0517,5,17,355,263,74.08,92,25.92
0518,5,18,403,347,86.1,56,13.9
0519,5,19,405,372,91.85,33,8.15
0520,5,20,474,418,88.19,56,11.81
0521,5,21,440,384,87.27,56,12.73
0522,5,22,512,446,87.11,66,12.89
0523,5,23,769,674,87.65,95,12.35
0524,5,24,567,478,84.3,89,15.7
0525,5,25,383,320,83.55,63,16.45
0526,5,26,443,332,74.94,111,25.06
0527,5,27,395,357,90.38,38,9.62
0528,5,28,444,360,81.08,84,18.92
0529,5,29,461,343,74.4,118,25.6
0530,5,30,287,194,67.6,93,32.4
0531,5,31,339,257,75.81,82,24.19
0532,5,32,481,394,81.91,87,18.09
0533,5,33,411,303,73.72,108,26.28
0534,5,34,437,401,91.76,36,8.24
0535,5,35,545,485,88.99,60,11.01
0536,5,36,249,195,78.31,54,21.69
0537,5,37,454,409,90.09,45,9.91
0538,5,38,415,304,73.25,111,26.75
0539,5,39,358,322,89.94,36,10.06
0540,5,40,346,260,75.14,86,24.86
0541,5,41,183,166,90.71,17,9.29
0601,6,1,377,300,79.58,77,20.42
0602,6,2,372,304,81.72,68,18.28
0603,6,3,356,290,81.46,66,18.54
0604,6,4,261,187,71.65,74,28.35
0605,6,5,233,168,72.1,65,27.9
0606,6,6,428,324,75.7,104,24.3
0607,6,7,363,255,70.25,108,29.75
0608,6,8,355,294,82.82,61,17.18
0609,6,9,386,281,72.8,105,27.2
0610,6,10,246,178,72.36,68,27.64
0611,6,11,323,251,77.71,72,22.29
0612,6,12,271,194,71.59,77,28.41
0613,6,13,271,208,76.75,63,23.25
0614,6,14,333,241,72.37,92,27.63
0615,6,15,315,221,70.16,94,29.84
0616,6,16,383,294,76.76,89,23.24
0617,6,17,239,177,74.06,62,25.94
0618,6,18,262,211,80.53,51,19.47
0619,6,19,291,198,68.04,93,31.96
0620,6,20,240,182,75.83,58,24.17
0621,6,21,169,109,64.5,60,35.5
0622,6,22,216,165,76.39,51,23.61
0623,6,23,161,117,72.67,44,27.33
0624,6,24,189,124,65.61,65,34.39
0625,6,25,185,138,74.59,47,25.41
0626,6,26,256,181,70.7,75,29.3
0627,6,27,212,162,76.42,50,23.58
0628,6,28,169,122,72.19,47,27.81
0629,6,29,356,279,78.37,77,21.63
0630,6,30,315,227,72.06,88,27.94
0631,6,31,315,267,84.76,48,15.24
0632,6,32,374,276,73.8,98,26.2
0633,6,33,370,294,79.46,76,20.54
0634,6,34,363,276,76.03,87,23.97
0635,6,35,328,240,73.17,88,26.83
0636,6,36,385,302,78.44,83,21.56
0637,6,37,400,310,77.5,90,22.5
0638,6,38,392,302,77.04,90,22.96
0639,6,39,294,206,70.07,88,29.93
0640,6,40,311,232,74.6,79,25.4
0641,6,41,368,264,71.74,104,28.26
0642,6,42,332,251,75.6,81,24.4
0643,6,43,330,248,75.15,82,24.85
0644,6,44,378,282,74.6,96,25.4
0645,6,45,361,268,74.24,93,25.76
0646,6,46,275,189,68.73,86,31.27
0647,6,47,240,180,75.0,60,25.0
0648,6,48,346,263,76.01,83,23.99
0701,7,1,345,250,72.46,95,27.54
0702,7,2,335,239,71.34,96,28.66
0703,7,3,331,253,76.44,78,23.56
0704,7,4,342,264,77.19,78,22.81
0705,7,5,306,222,72.55,84,27.45
0706,7,6,429,326,75.99,103,24.01
0707,7,7,348,245,70.4,103,29.6
0708,7,8,207,157,75.85,50,24.15
0709,7,9,589,424,71.99,165,28.01
0710,7,10,345,277,80.29,68,19.71
0711,7,11,377,284,75.33,93,24.67
0712,7,12,313,219,69.97,94,30.03
0713,7,13,197,152,77.16,45,22.84
0714,7,14,395,281,71.14,114,28.86
0715,7,15,317,255,80.44,62,19.56
0716,7,16,339,240,70.8,99,29.2
0717,7,17,280,201,71.79,79,28.21
0718,7,18,305,228,74.75,77,25.25
0719,7,19,333,259,77.78,74,22.22
0720,7,20,279,198,70.97,81,29.03
0721,7,21,261,185,70.88,76,29.12
0722,7,22,296,214,72.3,82,27.7
0723,7,23,316,244,77.22,72,22.78
0724,7,24,282,211,74.82,71,25.18
0725,7,25,285,199,69.82,86,30.18
0726,7,26,265,200,75.47,65,24.53
0727,7,27,259,197,76.06,62,23.94
0728,7,28,254,174,68.5,80,31.5
0729,7,29,317,235,74.13,82,25.87
0730,7,30,274,228,83.21,46,16.79
0731,7,31,253,190,75.1,63,24.9
0732,7,32,436,340,77.98,96,22.02
0733,7,33,415,340,81.93,75,18.07
0734,7,34,425,331,77.88,94,22.12
0735,7,35,376,280,74.47,96,25.53
0736,7,36,445,342,76.85,103,23.15
0737,7,37,339,259,76.4,80,23.6
0738,7,38,312,237,75.96,75,24.04
0739,7,39,317,235,74.13,82,25.87
0740,7,40,274,218,79.56,56,20.44
0741,7,41,331,265,80.06,66,19.94
0742,7,42,343,265,77.26,78,22.74
0743,7,43,327,259,79.2,68,20.8
0744,7,44,305,239,78.36,66,21.64
0745,7,45,323,243,75.23,80,24.77
0746,7,46,82,70,85.37,12,14.63
0801,8,1,319,235,73.67,84,26.33
0802,8,2,336,235,69.94,101,30.06
0803,8,3,375,305,81.33,70,18.67
0804,8,4,407,334,82.06,73,17.94
0805,8,5,305,252,82.62,53,17.38
0806,8,6,343,259,75.51,84,24.49
0807,8,7,399,317,79.45,82,20.55
0808,8,8,355,294,82.82,61,17.18
0809,8,9,232,178,76.72,54,23.28
0810,8,10,451,365,80.93,86,19.07
0811,8,11,298,214,71.81,84,28.19
0812,8,12,312,231,74.04,81,25.96
0813,8,13,411,308,74.94,103,25.06
0814,8,14,291,188,64.6,103,35.4
0815,8,15,225,178,79.11,47,20.89
0816,8,16,107,78,72.9,29,27.1
0817,8,17,290,227,78.28,63,21.72
0818,8,18,316,234,74.05,82,25.95
0819,8,19,385,318,82.6,67,17.4
0820,8,20,411,300,72.99,111,27.01
0821,8,21,452,354,78.32,98,21.68
0822,8,22,328,252,76.83,76,23.17
0823,8,23,272,210,77.21,62,22.79
0824,8,24,186,142,76.34,44,23.66
0825,8,25,348,254,72.99,94,27.01
0826,8,26,290,210,72.41,80,27.59
0827,8,27,388,298,76.8,90,23.2
0828,8,28,364,287,78.85,77,21.15
0829,8,29,365,284,77.81,81,22.19
0830,8,30,395,311,78.73,84,21.27
0831,8,31,285,215,75.44,70,24.56
0832,8,32,280,218,77.86,62,22.14
0833,8,33,261,183,70.11,78,29.89
0834,8,34,313,247,78.91,66,21.09
0835,8,35,403,308,76.43,95,23.57
0836,8,36,354,272,76.84,82,23.16
0837,8,37,269,211,78.44,58,21.56
0838,8,38,261,203,77.78,58,22.22
0839,8,39,329,257,78.12,72,21.88
0840,8,40,286,219,76.57,67,23.43
0841,8,41,369,263,71.27,106,28.73
0842,8,42,465,363,78.06,102,21.94
0843,8,43,200,145,72.5,55,27.5
0844,8,44,242,189,78.1,53,21.9
0845,8,45,301,213,70.76,88,29.24
0846,8,46,284,223,78.52,61,21.48
0847,8,47,285,221,77.54,64,22.46
0848,8,48,315,245,77.78,70,22.22
0849,8,49,338,262,77.51,76,22.49
0850,8,50,330,248,75.15,82,24.85
0851,8,51,331,267,80.66,64,19.34
0852,8,52,438,346,79.0,92,21.0
0853,8,53,201,158,78.61,43,21.39
0854,8,54,299,216,72.24,83,27.76
0855,8,55,254,200,78.74,54,21.26
0856,8,56,367,285,77.66,82,22.34
0901,9,1,318,244,76.73,74,23.27
0902,9,2,271,206,76.01,65,23.99
0903,9,3,206,136,66.02,70,33.98
0904,9,4,248,189,76.21,59,23.79
0905,9,5,332,254,76.51,78,23.49
0906,9,6,314,229,72.93,85,27.07
0907,9,7,265,196,73.96,69,26.04
0908,9,8,341,247,72.43,94,27.57
0909,9,9,373,278,74.53,95,25.47
0910,9,10,244,186,76.23,58,23.77
0911,9,11,243,182,74.9,61,25.1
0912,9,12,366,297,81.15,69,18.85
0913,9,13,371,298,80.32,73,19.68
0914,9,14,384,308,80.21,76,19.79
0915,9,15,343,221,64.43,122,35.57
0916,9,16,337,244,72.4,93,27.6
0917,9,17,217,167,76.96,50,23.04
0918,9,18,238,171,71.85,67,28.15
0919,9,19,345,256,74.2,89,25.8
0920,9,20,308,236,76.62,72,23.38
0921,9,21,305,232,76.07,73,23.93
0922,9,22,368,272,73.91,96,26.09
0923,9,23,361,267,73.96,94,26.04
0924,9,24,346,267,77.17,79,22.83
0925,9,25,286,220,76.92,66,23.08
0926,9,26,293,206,70.31,87,29.69
0927,9,27,275,210,76.36,65,23.64
0928,9,28,221,158,71.49,63,28.51
0929,9,29,290,213,73.45,77,26.55
0930,9,30,280,212,75.71,68,24.29
0931,9,31,285,213,74.74,72,25.26
0932,9,32,341,250,73.31,91,26.69
0933,9,33,238,181,76.05,57,23.95
0934,9,34,277,210,75.81,67,24.19
0935,9,35,306,245,80.07,61,19.93
0936,9,36,291,216,74.23,75,25.77
0937,9,37,503,365,72.56,138,27.44
0938,9,38,317,229,72.24,88,27.76
0939,9,39,349,261,74.79,88,25.21
0940,9,40,370,300,81.08,70,18.92
0941,9,41,267,193,72.28,74,27.72
0942,9,42,354,269,75.99,85,24.01
0943,9,43,296,216,72.97,80,27.03
0944,9,44,314,239,76.11,75,23.89
0945,9,45,245,184,75.1,61,24.9
0946,9,46,328,270,82.32,58,17.68
0947,9,47,351,275,78.35,76,21.65
0948,9,48,332,259,78.01,73,21.99
0949,9,49,360,283,78.61,77,21.39
0950,9,50,450,345,76.67,105,23.33
0951,9,51,333,264,79.28,69,20.72
1001,10,1,274,216,78.83,58,21.17
1002,10,2,331,217,65.56,114,34.44
1003,10,3,371,248,66.85,123,33.15
1004,10,4,268,190,70.9,78,29.1
1005,10,5,289,213,73.7,76,26.3
1006,10,6,283,221,78.09,62,21.91
1007,10,7,267,203,76.03,64,23.97
1008,10,8,183,119,65.03,64,34.97
1009,10,9,344,240,69.77,104,30.23
1010,10,10,405,293,72.35,112,27.65
1011,10,11,464,355,76.51,109,23.49
1012,10,12,257,182,70.82,75,29.18
1013,10,13,322,234,72.67,88,27.33
1014,10,14,454,334,73.57,120,26.43
1015,10,15,618,483,78.16,135,21.84
1016,10,16,302,213,70.53,89,29.47
1017,10,17,463,310,66.95,153,33.05
1018,10,18,205,153,74.63,52,25.37
1019,10,19,371,282,76.01,89,23.99
1020,10,20,361,269,74.52,92,25.48
1021,10,21,356,276,77.53,80,22.47
1022,10,22,214,160,74.77,54,25.23
1023,10,23,304,247,81.25,57,18.75
1024,10,24,321,230,71.65,91,28.35
1025,10,25,106,87,82.08,19,17.92
1026,10,26,259,200,77.22,59,22.78
1027,10,27,299,221,73.91,78,26.09
1028,10,28,403,307,76.18,96,23.82
1029,10,29,378,290,76.72,88,23.28
1030,10,30,326,249,76.38,77,23.62
1031,10,31,316,238,75.32,78,24.68
1032,10,32,372,269,72.31,103,27.69
1033,10,33,286,211,73.78,75,26.22
1034,10,34,234,160,68.38,74,31.62
1035,10,35,375,266,70.93,109,29.07
1036,10,36,87,67,77.01,20,22.99
1101,11,1,374,289,77.27,85,22.73
1102,11,2,33,18,54.55,15,45.45
1103,11,3,419,355,84.73,64,15.27
1104,11,4,291,231,79.38,60,20.62
1105,11,5,560,418,74.64,142,25.36
1106,11,6,661,552,83.51,109,16.49
1107,11,7,398,327,82.16,71,17.84
1108,11,8,387,301,77.78,86,22.22
1109,11,9,369,286,77.51,83,22.49
1110,11,10,398,313,78.64,85,21.36
1111,11,11,462,346,74.89,116,25.11
1112,11,12,524,399,76.15,125,23.85
1113,11,13,468,345,73.72,123,26.28
1114,11,14,199,158,79.4,41,20.6
1115,11,15,150,119,79.33,31,20.67
1116,11,16,280,221,78.93,59,21.07
1117,11,17,502,404,80.48,98,19.52
1118,11,18,314,252,80.25,62,19.75
1119,11,19,558,440,78.85,118,21.15
1120,11,20,276,213,77.17,63,22.83
1121,11,21,478,369,77.2,109,22.8
1122,11,22,528,405,76.7,123,23.3
1123,11,23,205,169,82.44,36,17.56
1124,11,24,461,364,78.96,97,21.04
1125,11,25,500,381,76.2,119,23.8
1126,11,26,422,345,81.75,77,18.25
1127,11,27,165,130,78.79,35,21.21
1128,11,28,195,147,75.38,48,24.62
1129,11,29,486,363,74.69,123,25.31
1130,11,30,210,164,78.1,46,21.9
1131,11,31,359,273,76.04,86,23.96
1132,11,32,167,123,73.65,44,26.35
1133,11,33,528,442,83.71,86,16.29
1134,11,34,118,80,67.8,38,32.2
1135,11,35,66,49,74.24,17,25.76
1136,11,36,176,142,80.68,34,19.32
1137,11,37,111,86,77.48,25,22.52
1138,11,38,218,173,79.36,45,20.64
1201,12,1,356,263,73.88,93,26.12
1202,12,2,305,232,76.07,73,23.93
1203,12,3,453,348,76.82,105,23.18
1204,12,4,436,342,78.44,94,21.56
1205,12,5,316,232,73.42,84,26.58
1206,12,6,420,316,75.24,104,24.76
1207,12,7,353,277,78.47,76,21.53
1208,12,8,370,283,76.49,87,23.51
1209,12,9,309,253,81.88,56,18.12
1210,12,10,505,390,77.23,115,22.77
1211,12,11,403,305,75.68,98,24.32
1212,12,12,365,283,77.53,82,22.47
1213,12,13,405,324,80.0,81,20.0
1214,12,14,330,247,74.85,83,25.15
1215,12,15,333,243,72.97,90,27.03
1216,12,16,335,246,73.43,89,26.57
1217,12,17,445,342,76.85,103,23.15
1218,12,18,360,263,73.06,97,26.94
1219,12,19,358,274,76.54,84,23.46
1220,12,20,466,359,77.04,107,22.96
1221,12,21,401,287,71.57,114,28.43
1222,12,22,377,281,74.54,96,25.46
1223,12,23,384,282,73.44,102,26.56
1301,13,1,304,215,70.72,89,29.28
1302,13,2,251,179,71.31,72,28.69
1303,13,3,280,223,79.64,57,20.36
1304,13,4,374,251,67.11,123,32.89
1305,13,5,412,320,77.67,92,22.33
1306,13,6,281,197,70.11,84,29.89
1307,13,7,295,226,76.61,69,23.39
1308,13,8,265,188,70.94,77,29.06
1309,13,9,384,299,77.86,85,22.14
1310,13,10,278,173,62.23,105,37.77
1311,13,11,346,233,67.34,113,32.66
1312,13,12,311,222,71.38,89,28.62
1313,13,13,338,265,78.4,73,21.6
1314,13,14,330,260,78.79,70,21.21
1315,13,15,485,361,74.43,124,25.57
1316,13,16,258,193,74.81,65,25.19
1317,13,17,306,216,70.59,90,29.41
1318,13,18,280,198,70.71,82,29.29
1319,13,19,445,339,76.18,106,23.82
1320,13,20,230,151,65.65,79,34.35
1321,13,21,361,233,64.54,128,35.46
1322,13,22,346,260,75.14,86,24.86
1323,13,23,292,218,74.66,74,25.34
1324,13,24,348,256,73.56,92,26.44
1325,13,25,346,243,70.23,103,29.77
1326,13,26,346,250,72.25,96,27.75
1327,13,27,317,237,74.76,80,25.24
1328,13,28,264,198,75.0,66,25.0
1329,13,29,298,226,75.84,72,24.16
1330,13,30,273,219,80.22,54,19.78
1331,13,31,359,237,66.02,122,33.98
1332,13,32,293,190,64.85,103,35.15
1333,13,33,330,233,70.61,97,29.39
1334,13,34,346,280,80.92,66,19.08
1335,13,35,299,233,77.93,66,22.07
1336,13,36,258,194,75.19,64,24.81
1337,13,37,336,269,80.06,67,19.94
1338,13,38,278,190,68.35,88,31.65
1339,13,39,330,266,80.61,64,19.39
1340,13,40,315,238,75.56,77,24.44
1341,13,41,426,329,77.23,97,22.77
1342,13,42,327,221,67.58,106,32.42
1343,13,43,322,228,70.81,94,29.19
1344,13,44,355,267,75.21,88,24.79
1345,13,45,359,264,73.54,95,26.46
1346,13,46,403,304,75.43,99,24.57
1347,13,47,370,284,76.76,86,23.24
1348,13,48,278,192,69.06,86,30.94
1401,14,1,360,245,68.06,115,31.94
1402,14,2,526,419,79.66,107,20.34
1403,14,3,367,284,77.38,83,22.62
1404,14,4,348,228,65.52,120,34.48
1405,14,5,531,384,72.32,147,27.68
1406,14,6,210,154,73.33,56,26.67
1407,14,7,508,391,76.97,117,23.03
1408,14,8,462,350,75.76,112,24.24
1409,14,9,459,307,66.88,152,33.12
1410,14,10,279,210,75.27,69,24.73
1411,14,11,229,169,73.8,60,26.2
1412,14,12,401,300,74.81,101,25.19
1413,14,13,357,277,77.59,80,22.41
1414,14,14,364,272,74.73,92,25.27
1415,14,15,379,291,76.78,88,23.22
1416,14,16,270,209,77.41,61,22.59
1417,14,17,330,237,71.82,93,28.18
1418,14,18,184,134,72.83,50,27.17
1419,14,19,363,284,78.24,79,21.76
1420,14,20,309,237,76.7,72,23.3
1421,14,21,377,286,75.86,91,24.14
1422,14,22,495,368,74.34,127,25.66
1423,14,23,266,190,71.43,76,28.57
1424,14,24,408,291,71.32,117,28.68
1425,14,25,186,132,70.97,54,29.03
1426,14,26,283,213,75.27,70,24.73
1427,14,27,352,270,76.7,82,23.3
1428,14,28,337,250,74.18,87,25.82
1429,14,29,279,207,74.19,72,25.81
1430,14,30,265,207,78.11,58,21.89
1431,14,31,216,171,79.17,45,20.83
1501,15,1,327,232,70.95,95,29.05
1502,15,2,202,146,72.28,56,27.72
1503,15,3,210,156,74.29,54,25.71
1504,15,4,362,280,77.35,82,22.65
1505,15,5,338,241,71.3,97,28.7
1506,15,6,377,297,78.78,80,21.22
1507,15,7,182,127,69.78,55,30.22
1508,15,8,362,261,72.1,101,27.9
1509,15,9,480,376,78.33,104,21.67
1510,15,10,493,359,72.82,134,27.18
1511,15,11,439,322,73.35,117,26.65
1512,15,12,455,359,78.9,96,21.1
1513,15,13,371,273,73.58,98,26.42
1514,15,14,329,244,74.16,85,25.84
1515,15,15,319,231,72.41,88,27.59
1516,15,16,418,314,75.12,104,24.88
1517,15,17,191,142,74.35,49,25.65
1518,15,18,133,88,66.17,45,33.83
1519,15,19,295,226,76.61,69,23.39
1520,15,20,210,152,72.38,58,27.62
1521,15,21,163,118,72.39,45,27.61
1522,15,22,184,125,67.93,59,32.07
1523,15,23,212,162,76.42,50,23.58
1524,15,24,184,123,66.85,61,33.15
1601,16,1,437,349,79.86,88,20.14
1602,16,2,251,170,67.73,81,32.27
1603,16,3,228,169,74.12,59,25.88
1604,16,4,298,204,68.46,94,31.54
1605,16,5,202,139,68.81,63,31.19
1606,16,6,234,164,70.09,70,29.91
1607,16,7,266,209,78.57,57,21.43
1608,16,8,191,151,79.06,40,20.94
1609,16,9,263,186,70.72,77,29.28
1610,16,10,222,161,72.52,61,27.48
1611,16,11,290,209,72.07,81,27.93
1612,16,12,254,190,74.8,64,25.2
1613,16,13,336,246,73.21,90,26.79
1614,16,14,201,146,72.64,55,27.36
1615,16,15,256,174,67.97,82,32.03
1616,16,16,206,154,74.76,52,25.24
1617,16,17,380,299,78.68,81,21.32
1618,16,18,319,231,72.41,88,27.59
1619,16,19,262,191,72.9,71,27.1
1620,16,20,165,121,73.33,44,26.67
1621,16,21,217,170,78.34,47,21.66
1622,16,22,218,162,74.31,56,25.69
1623,16,23,372,275,73.92,97,26.08
1624,16,24,129,102,79.07,27,20.93
1625,16,25,300,210,70.0,90,30.0
1626,16,26,171,130,76.02,41,23.98
1627,16,27,182,134,73.63,48,26.37
1628,16,28,194,141,72.68,53,27.32
1629,16,29,198,150,75.76,48,24.24
1630,16,30,185,144,77.84,41,22.16
1631,16,31,239,168,70.29,71,29.71
1632,16,32,379,277,73.09,102,26.91
1633,16,33,186,140,75.27,46,24.73
1634,16,34,220,167,75.91,53,24.09
1635,16,35,413,300,72.64,113,27.36
1636,16,36,180,130,72.22,50,27.78
1701,17,1,361,260,72.02,101,27.98
1702,17,2,293,217,74.06,76,25.94
1703,17,3,298,223,74.83,75,25.17
1704,17,4,322,241,74.84,81,25.16
1705,17,5,241,167,69.29,74,30.71
1706,17,6,332,261,78.61,71,21.39
1707,17,7,342,234,68.42,108,31.58
1708,17,8,215,159,73.95,56,26.05
1709,17,9,247,189,76.52,58,23.48
1710,17,10,402,309,76.87,93,23.13
1711,17,11,234,181,77.35,53,22.65
1712,17,12,483,350,72.46,133,27.54
1713,17,13,224,170,75.89,54,24.11
1714,17,14,370,299,80.81,71,19.19
1715,17,15,325,234,72.0,91,28.0
1716,17,16,388,303,78.09,85,21.91
1717,17,17,330,249,75.45,81,24.55
1718,17,18,367,282,76.84,85,23.16
1719,17,19,192,136,70.83,56,29.17
1720,17,20,394,330,83.76,64,16.24
1721,17,21,369,284,76.96,85,23.04
1722,17,22,304,231,75.99,73,24.01
1723,17,23,213,150,70.42,63,29.58
1724,17,24,251,204,81.27,47,18.73
1725,17,25,260,191,73.46,69,26.54
1726,17,26,313,259,82.75,54,17.25
1727,17,27,187,150,80.21,37,19.79
1728,17,28,225,176,78.22,49,21.78
1729,17,29,288,217,75.35,71,24.65
1730,17,30,332,256,77.11,76,22.89
1731,17,31,206,160,77.67,46,22.33
1732,17,32,240,181,75.42,59,24.58
1733,17,33,189,129,68.25,60,31.75
1734,17,34,237,193,81.43,44,18.57
1735,17,35,211,168,79.62,43,20.38
1736,17,36,232,177,76.29,55,23.71
1737,17,37,252,201,79.76,51,20.24
1738,17,38,342,260,76.02,82,23.98
1739,17,39,289,236,81.66,53,18.34
1740,17,40,352,272,77.27,80,22.73
1741,17,41,415,331,79.76,84,20.24
1801,18,1,359,271,75.49,88,24.51
1802,18,2,433,316,72.98,117,27.02
1803,18,3,310,231,74.52,79,25.48
1804,18,4,379,294,77.57,85,22.43
1805,18,5,222,161,72.52,61,27.48
1806,18,6,342,245,71.64,97,28.36
1807,18,7,367,275,74.93,92,25.07
1808,18,8,368,276,75.0,92,25.0
1809,18,9,345,274,79.42,71,20.58
1810,18,10,457,356,77.9,101,22.1
1811,18,11,346,253,73.12,93,26.88
1812,18,12,351,281,80.06,70,19.94
1813,18,13,390,293,75.13,97,24.87
1814,18,14,375,292,77.87,83,22.13
1815,18,15,392,298,76.02,94,23.98
1816,18,16,350,263,75.14,87,24.86
1817,18,17,395,299,75.7,96,24.3
1818,18,18,276,212,76.81,64,23.19
1819,18,19,304,234,76.97,70,23.03
1820,18,20,240,188,78.33,52,21.67
1821,18,21,452,339,75.0,113,25.0
1822,18,22,382,299,78.27,83,21.73
1823,18,23,359,255,71.03,104,28.97
1824,18,24,346,249,71.97,97,28.03
1825,18,25,389,288,74.04,101,25.96
1826,18,26,447,347,77.63,100,22.37
1827,18,27,323,253,78.33,70,21.67
1828,18,28,324,243,75.0,81,25.0
1829,18,29,435,341,78.39,94,21.61
1830,18,30,451,313,69.4,138,30.6
1831,18,31,401,302,75.31,99,24.69
1832,18,32,355,278,78.31,77,21.69
1833,18,33,272,216,79.41,56,20.59
1834,18,34,399,308,77.19,91,22.81
1835,18,35,420,332,79.05,88,20.95
1836,18,36,399,310,77.69,89,22.31
1837,18,37,418,308,73.68,110,26.32
1838,18,38,322,250,77.64,72,22.36
1839,18,39,309,235,76.05,74,23.95
1840,18,40,396,308,77.78,88,22.22
1841,18,41,438,333,76.03,105,23.97
1842,18,42,322,228,70.81,94,29.19
1843,18,43,330,241,73.03,89,26.97
1844,18,44,337,233,69.14,104,30.86
1845,18,45,379,295,77.84,84,22.16
1846,18,46,432,299,69.21,133,30.79
1847,18,47,287,209,72.82,78,27.18
1848,18,48,276,200,72.46,76,27.54
1849,18,49,238,170,71.43,68,28.57
1850,18,50,252,194,76.98,58,23.02
1901,19,1,332,211,63.55,121,36.45
1902,19,2,500,386,77.2,114,22.8
1903,19,3,296,168,56.76,128,43.24
1904,19,4,439,257,58.54,182,41.46
1905,19,5,417,330,79.14,87,20.86
1906,19,6,412,257,62.38,155,37.62
1907,19,7,329,233,70.82,96,29.18
1908,19,8,402,232,57.71,170,42.29
1909,19,9,261,176,67.43,85,32.57
1910,19,10,488,398,81.56,90,18.44
1911,19,11,350,181,51.71,169,48.29
1912,19,12,298,170,57.05,128,42.95
1913,19,13,473,359,75.9,114,24.1
1914,19,14,402,313,77.86,89,22.14
1915,19,15,517,316,61.12,201,38.88
1916,19,16,373,213,57.1,160,42.9
1917,19,17,333,230,69.07,103,30.93
1918,19,18,372,324,87.1,48,12.9
1919,19,19,475,389,81.89,86,18.11
1920,19,20,325,271,83.38,54,16.62
1921,19,21,398,232,58.29,166,41.71
1922,19,22,412,327,79.37,85,20.63
1923,19,23,385,287,74.55,98,25.45
1924,19,24,288,173,60.07,115,39.93
1925,19,25,366,292,79.78,74,20.22
1926,19,26,356,288,80.9,68,19.1
1927,19,27,404,307,75.99,97,24.01
1928,19,28,461,361,78.31,100,21.69
1929,19,29,392,240,61.22,152,38.78
1930,19,30,376,227,60.37,149,39.63
1931,19,31,341,281,82.4,60,17.6
1932,19,32,353,232,65.72,121,34.28
1933,19,33,416,264,63.46,152,36.54
1934,19,34,331,258,77.95,73,22.05
1935,19,35,349,280,80.23,69,19.77
1936,19,36,537,422,78.58,115,21.42
1937,19,37,402,330,82.09,72,17.91
1938,19,38,359,275,76.6,84,23.4
1939,19,39,198,142,71.72,56,28.28
1940,19,40,424,329,77.59,95,22.41
1941,19,41,359,211,58.77,148,41.23
1942,19,42,307,248,80.78,59,19.22
1943,19,43,531,414,77.97,117,22.03
1944,19,44,425,249,58.59,176,41.41
1945,19,45,412,277,67.23,135,32.77
1946,19,46,356,255,71.63,101,28.37
1947,19,47,568,447,78.7,121,21.3
1948,19,48,459,347,75.6,112,24.4
1949,19,49,492,387,78.66,105,21.34
1950,19,50,343,240,69.97,103,30.03
1951,19,51,415,295,71.08,120,28.92
1952,19,52,480,278,57.92,202,42.08
1953,19,53,353,265,75.07,88,24.93
1954,19,54,297,161,54.21,136,45.79
1955,19,55,322,197,61.18,125,38.82
1956,19,56,416,350,84.13,66,15.87
1957,19,57,335,273,81.49,62,18.51
2001,20,1,387,293,75.71,94,24.29
2002,20,2,120,79,65.83,41,34.17
2003,20,3,342,250,73.1,92,26.9
2004,20,4,160,109,68.13,51,31.88
2005,20,5,398,285,71.61,113,28.39
2006,20,6,151,103,68.21,48,31.79
2007,20,7,428,325,75.93,103,24.07
2008,20,8,316,239,75.63,77,24.37
2009,20,9,493,380,77.08,113,22.92
2010,20,10,240,174,72.5,66,27.5
2011,20,11,458,322,70.31,136,29.69
2012,20,12,346,230,66.47,116,33.53
2013,20,13,307,231,75.24,76,24.76
2014,20,14,188,142,75.53,46,24.47
2015,20,15,358,266,74.3,92,25.7
2016,20,16,427,340,79.63,87,20.37
2017,20,17,240,170,70.83,70,29.17
2018,20,18,238,169,71.01,69,28.99
2019,20,19,379,291,76.78,88,23.22
2020,20,20,280,195,69.64,85,30.36
2021,20,21,289,196,67.82,93,32.18
2022,20,22,485,378,77.94,107,22.06
2023,20,23,210,169,80.48,41,19.52
2024,20,24,442,351,79.41,91,20.59
2025,20,25,224,160,71.43,64,28.57
2026,20,26,327,264,80.73,63,19.27
2027,20,27,169,132,78.11,37,21.89
2028,20,28,216,160,74.07,56,25.93
2029,20,29,238,167,70.17,71,29.83
2030,20,30,158,116,73.42,42,26.58
2031,20,31,399,291,72.93,108,27.07
2032,20,32,269,192,71.38,77,28.62
2033,20,33,222,166,74.77,56,25.23
2034,20,34,435,365,83.91,70,16.09
2035,20,35,259,169,65.25,90,34.75
2036,20,36,117,90,76.92,27,23.08
2037,20,37,114,77,67.54,37,32.46
2038,20,38,98,74,75.51,24,24.49
2039,20,39,27,17,62.96,10,37.04
2101,21,1,387,306,79.07,81,20.93
2102,21,2,233,158,67.81,75,32.19
2103,21,3,355,278,78.31,77,21.69
2104,21,4,298,246,82.55,52,17.45
2105,21,5,360,280,77.78,80,22.22
2106,21,6,292,227,77.74,65,22.26
2107,21,7,333,270,81.08,63,18.92
2108,21,8,361,282,78.12,79,21.88
2109,21,9,357,281,78.71,76,21.29
2110,21,10,285,216,75.79,69,24.21
2111,21,11,302,237,78.48,65,21.52
2112,21,12,302,239,79.14,63,20.86
2113,21,13,372,284,76.34,88,23.66
2114,21,14,382,298,78.01,84,21.99
2115,21,15,328,253,77.13,75,22.87
2116,21,16,300,216,72.0,84,28.0
2117,21,17,287,218,75.96,69,24.04
2118,21,18,306,241,78.76,65,21.24
2119,21,19,407,302,74.2,105,25.8
2120,21,20,305,246,80.66,59,19.34
2121,21,21,308,224,72.73,84,27.27
2122,21,22,311,250,80.39,61,19.61
2123,21,23,321,265,82.55,56,17.45
2124,21,24,369,292,79.13,77,20.87
2125,21,25,290,202,69.66,88,30.34
2126,21,26,353,257,72.8,96,27.2
2127,21,27,409,319,78.0,90,22.0
2128,21,28,419,311,74.22,108,25.78
2129,21,29,375,295,78.67,80,21.33
2130,21,30,290,207,71.38,83,28.62
2131,21,31,196,163,83.16,33,16.84
2132,21,32,252,198,78.57,54,21.43
2133,21,33,285,211,74.04,74,25.96
2134,21,34,326,251,76.99,75,23.01
2135,21,35,404,318,78.71,86,21.29
2136,21,36,335,246,73.43,89,26.57
2137,21,37,239,184,76.99,55,23.01
2138,21,38,353,256,72.52,97,27.48
2139,21,39,340,240,70.59,100,29.41
2140,21,40,309,227,73.46,82,26.54
2141,21,41,372,274,73.66,98,26.34
2142,21,42,367,267,72.75,100,27.25
2143,21,43,347,267,76.95,80,23.05
2144,21,44,367,269,73.3,98,26.7
2145,21,45,333,254,76.28,79,23.72
2146,21,46,365,292,80.0,73,20.0
2147,21,47,320,231,72.19,89,27.81
2148,21,48,349,285,81.66,64,18.34
2149,21,49,388,297,76.55,91,23.45
2150,21,50,265,201,75.85,64,24.15
2151,21,51,365,286,78.36,79,21.64
2152,21,52,341,246,72.14,95,27.86
2153,21,53,300,224,74.67,76,25.33
2154,21,54,266,212,79.7,54,20.3
2201,22,1,189,142,75.13,47,24.87
2202,22,2,433,312,72.06,121,27.94
2203,22,3,545,394,72.29,151,27.71
2204,22,4,297,220,74.07,77,25.93
2205,22,5,331,239,72.21,92,27.79
2206,22,6,324,243,75.0,81,25.0
2207,22,7,292,235,80.48,57,19.52
2208,22,8,495,395,79.8,100,20.2
2209,22,9,286,222,77.62,64,22.38
2210,22,10,455,350,76.92,105,23.08
2211,22,11,242,169,69.83,73,30.17
2212,22,12,272,185,68.01,87,31.99
2213,22,13,371,278,74.93,93,25.07
2214,22,14,290,217,74.83,73,25.17
2215,22,15,307,206,67.1,101,32.9
2216,22,16,294,235,79.93,59,20.07
2217,22,17,471,346,73.46,125,26.54
2218,22,18,328,229,69.82,99,30.18
2219,22,19,168,133,79.17,35,20.83
2220,22,20,378,273,72.22,105,27.78
2221,22,21,323,241,74.61,82,25.39
2222,22,22,348,238,68.39,110,31.61
2223,22,23,350,284,81.14,66,18.86
2224,22,24,418,333,79.67,85,20.33
2225,22,25,342,273,79.82,69,20.18
2301,23,1,319,212,66.46,107,33.54
2302,23,2,357,243,68.07,114,31.93
2303,23,3,307,205,66.78,102,33.22
2304,23,4,318,227,71.38,91,28.62
2305,23,5,364,287,78.85,77,21.15
2306,23,6,349,260,74.5,89,25.5
2307,23,7,358,266,74.3,92,25.7
2308,23,8,429,306,71.33,123,28.67
2309,23,9,348,272,78.16,76,21.84
2310,23,10,414,321,77.54,93,22.46
2311,23,11,415,319,76.87,96,23.13
2312,23,12,354,239,67.51,115,32.49
2313,23,13,344,263,76.45,81,23.55
2314,23,14,292,186,63.7,106,36.3
2315,23,15,319,233,73.04,86,26.96
2316,23,16,332,216,65.06,116,34.94
2317,23,17,290,211,72.76,79,27.24
2318,23,18,321,220,68.54,101,31.46
2319,23,19,308,223,72.4,85,27.6
2320,23,20,258,194,75.19,64,24.81
2321,23,21,300,196,65.33,104,34.67
2322,23,22,333,243,72.97,90,27.03
2323,23,23,328,212,64.63,116,35.37
2324,23,24,325,241,74.15,84,25.85
2325,23,25,321,233,72.59,88,27.41
2326,23,26,355,289,81.41,66,18.59
2327,23,27,296,193,65.2,103,34.8
2328,23,28,385,259,67.27,126,32.73
2329,23,29,295,200,67.8,95,32.2
2330,23,30,439,321,73.12,118,26.88
2331,23,31,302,225,74.5,77,25.5
2332,23,32,355,260,73.24,95,26.76
2333,23,33,403,313,77.67,90,22.33
2334,23,34,393,293,74.55,100,25.45
2335,23,35,251,170,67.73,81,32.27
2336,23,36,338,232,68.64,106,31.36
2337,23,37,369,238,64.5,131,35.5
2338,23,38,312,220,70.51,92,29.49
2339,23,39,392,303,77.3,89,22.7
2401,24,1,233,161,69.1,72,30.9
2402,24,2,278,216,77.7,62,22.3
2403,24,3,349,250,71.63,99,28.37
2404,24,4,238,180,75.63,58,24.37
2405,24,5,166,130,78.31,36,21.69
2406,24,6,322,240,74.53,82,25.47
2407,24,7,230,188,81.74,42,18.26
2408,24,8,128,96,75.0,32,25.0
2409,24,9,272,202,74.26,70,25.74
2410,24,10,145,107,73.79,38,26.21
2411,24,11,284,203,71.48,81,28.52
2412,24,12,188,138,73.4,50,26.6
2413,24,13,183,125,68.31,58,31.69
2414,24,14,231,159,68.83,72,31.17
2415,24,15,151,109,72.19,42,27.81
2416,24,16,866,556,64.2,310,35.8
2417,24,17,212,158,74.53,54,25.47
2418,24,18,242,191,78.93,51,21.07
2419,24,19,311,227,72.99,84,27.01
2420,24,20,255,189,74.12,66,25.88
2421,24,21,154,107,69.48,47,30.52
2422,24,22,343,253,73.76,90,26.24
2423,24,23,254,183,72.05,71,27.95
2424,24,24,336,224,66.67,112,33.33
2425,24,25,204,150,73.53,54,26.47
2426,24,26,412,326,79.13,86,20.87
2427,24,27,307,242,78.83,65,21.17
2428,24,28,187,146,78.07,41,21.93
2429,24,29,204,162,79.41,42,20.59
2430,24,30,178,128,71.91,50,28.09
2431,24,31,295,195,66.1,100,33.9
2432,24,32,144,108,75.0,36,25.0
2433,24,33,176,140,79.55,36,20.45
2434,24,34,265,190,71.7,75,28.3
2435,24,35,256,179,69.92,77,30.08
2436,24,36,332,248,74.7,84,25.3
2437,24,37,132,99,75.0,33,25.0
2438,24,38,239,169,70.71,70,29.29
2439,24,39,268,208,77.61,60,22.39
2440,24,40,328,223,67.99,105,32.01
2441,24,41,128,95,74.22,33,25.78
2501,25,1,357,293,82.07,64,17.93
2502,25,2,529,427,80.72,102,19.28
2503,25,3,716,623,87.01,93,12.99
2504,25,4,342,269,78.65,73,21.35
2505,25,5,434,335,77.19,99,22.81
2506,25,6,140,114,81.43,26,18.57
2507,25,7,442,375,84.84,67,15.16
2508,25,8,517,402,77.76,115,22.24
2509,25,9,441,356,80.73,85,19.27
2510,25,10,572,506,88.46,66,11.54
2511,25,11,495,407,82.22,88,17.78
2512,25,12,438,368,84.02,70,15.98
2513,25,13,507,400,78.9,107,21.1
2514,25,14,283,251,88.69,32,11.31
2515,25,15,379,283,74.67,96,25.33
2516,25,16,693,604,87.16,89,12.84
2517,25,17,451,374,82.93,77,17.07
2518,25,18,218,185,84.86,33,15.14
2519,25,19,453,343,75.72,110,24.28
2520,25,20,247,163,65.99,84,34.01
2521,25,21,842,740,87.89,102,12.11
2522,25,22,461,366,79.39,95,20.61
2523,25,23,509,397,78.0,112,22.0
2524,25,24,456,371,81.36,85,18.64
2525,25,25,377,311,82.49,66,17.51
2526,25,26,461,358,77.66,103,22.34
2527,25,27,561,471,83.96,90,16.04
2528,25,28,475,369,77.68,106,22.32
2529,25,29,335,258,77.01,77,22.99
2530,25,30,441,335,75.96,106,24.04
2531,25,31,806,696,86.35,110,13.65
2532,25,32,361,257,71.19,104,28.81
2601,26,1,364,312,85.71,52,14.29
2602,26,2,269,218,81.04,51,18.96
2603,26,3,413,359,86.92,54,13.08
2604,26,4,248,168,67.74,80,32.26
2605,26,5,310,240,77.42,70,22.58
2606,26,6,294,238,80.95,56,19.05
2607,26,7,331,278,83.99,53,16.01
2608,26,8,214,151,70.56,63,29.44
2609,26,9,286,227,79.37,59,20.63
2610,26,10,348,267,76.72,81,23.28
2611,26,11,322,243,75.47,79,24.53
2612,26,12,340,278,81.76,62,18.24
2613,26,13,187,146,78.07,41,21.93
2614,26,14,275,213,77.45,62,22.55
2615,26,15,215,172,80.0,43,20.0
2616,26,16,183,138,75.41,45,24.59
2617,26,17,310,260,83.87,50,16.13
2618,26,18,249,199,79.92,50,20.08
2619,26,19,203,149,73.4,54,26.6
2620,26,20,289,241,83.39,48,16.61
2621,26,21,417,348,83.45,69,16.55
2622,26,22,181,129,71.27,52,28.73
2623,26,23,244,184,75.41,60,24.59
2624,26,24,275,224,81.45,51,18.55
2625,26,25,245,202,82.45,43,17.55
2626,26,26,243,195,80.25,48,19.75
2627,26,27,379,302,79.68,77,20.32
2628,26,28,441,369,83.67,72,16.33
2629,26,29,175,142,81.14,33,18.86
2630,26,30,272,232,85.29,40,14.71
2631,26,31,152,108,71.05,44,28.95
2632,26,32,398,326,81.91,72,18.09
2633,26,33,364,313,85.99,51,14.01
2634,26,34,348,294,84.48,54,15.52
2635,26,35,274,221,80.66,53,19.34
2636,26,36,336,285,84.82,51,15.18
2637,26,37,349,304,87.11,45,12.89
2638,26,38,170,123,72.35,47,27.65
2639,26,39,388,326,84.02,62,15.98
2640,26,40,195,146,74.87,49,25.13
2641,26,41,385,326,84.68,59,15.32
2642,26,42,275,225,81.82,50,18.18
2643,26,43,221,176,79.64,45,20.36
2644,26,44,181,136,75.14,45,24.86
2645,26,45,176,129,73.3,47,26.7
2646,26,46,243,194,79.84,49,20.16
2647,26,47,239,189,79.08,50,20.92
2648,26,48,350,283,80.86,67,19.14
2649,26,49,208,168,80.77,40,19.23
2701,27,1,874,765,87.53,109,12.47
2702,27,2,409,339,82.89,70,17.11
2703,27,3,174,134,77.01,40,22.99
2704,27,4,207,161,77.78,46,22.22
2705,27,5,298,204,68.46,94,31.54
2706,27,6,446,362,81.17,84,18.83
2707,27,7,566,489,86.4,77,13.6
2708,27,8,322,240,74.53,82,25.47
2709,27,9,182,152,83.52,30,16.48
2710,27,10,259,204,78.76,55,21.24
2711,27,11,450,395,87.78,55,12.22
2712,27,12,295,264,89.49,31,10.51
2713,27,13,527,439,83.3,88,16.7
2714,27,14,190,136,71.58,54,28.42
2715,27,15,180,132,73.33,48,26.67
2716,27,16,453,376,83.0,77,17.0
2717,27,17,393,291,74.05,102,25.95
2718,27,18,243,170,69.96,73,30.04
2719,27,19,180,138,76.67,42,23.33
2720,27,20,269,173,64.31,96,35.69
2721,27,21,356,308,86.52,48,13.48
2722,27,22,153,112,73.2,41,26.8
2723,27,23,217,159,73.27,58,26.73
2724,27,24,252,189,75.0,63,25.0
2725,27,25,348,271,77.87,77,22.13
2726,27,26,242,190,78.51,52,21.49
2727,27,27,490,386,78.78,104,21.22
2728,27,28,499,424,84.97,75,15.03
2729,27,29,252,179,71.03,73,28.97
2730,27,30,169,130,76.92,39,23.08
2731,27,31,271,198,73.06,73,26.94
2732,27,32,351,271,77.21,80,22.79
2733,27,33,537,453,84.36,84,15.64
2734,27,34,192,142,73.96,50,26.04
2735,27,35,508,434,85.43,74,14.57
2736,27,36,265,203,76.6,62,23.4
2737,27,37,334,284,85.03,50,14.97
2738,27,38,512,427,83.4,85,16.6
2739,27,39,260,199,76.54,61,23.46
2740,27,40,528,429,81.25,99,18.75
2741,27,41,250,194,77.6,56,22.4
2742,27,42,250,214,85.6,36,14.4
2743,27,43,311,237,76.21,74,23.79
2744,27,44,262,184,70.23,78,29.77
2745,27,45,1085,953,87.83,132,12.17
2746,27,46,341,314,92.08,27,7.92
2747,27,47,226,190,84.07,36,15.93
2748,27,48,672,546,81.25,126,18.75
2749,27,49,264,205,77.65,59,22.35
2750,27,50,309,216,69.9,93,30.1
2801,28,1,206,149,72.33,57,27.67
2802,28,2,247,192,77.73,55,22.27
2803,28,3,216,161,74.54,55,25.46
2804,28,4,277,236,85.2,41,14.8
2805,28,5,173,140,80.92,33,19.08
2806,28,6,165,138,83.64,27,16.36
2807,28,7,266,202,75.94,64,24.06
2808,28,8,479,412,86.01,67,13.99
2809,28,9,279,204,73.12,75,26.88
2810,28,10,379,308,81.27,71,18.73
2811,28,11,687,542,78.89,145,21.11
2812,28,12,251,198,78.88,53,21.12
2813,28,13,276,210,76.09,66,23.91
2814,28,14,270,207,76.67,63,23.33
2815,28,15,53,42,79.25,11,20.75
2816,28,16,178,132,74.16,46,25.84
2817,28,17,237,171,72.15,66,27.85
2818,28,18,239,170,71.13,69,28.87
2819,28,19,274,217,79.2,57,20.8
2820,28,20,234,168,71.79,66,28.21
2821,28,21,249,178,71.49,71,28.51
2822,28,22,261,215,82.38,46,17.62
2823,28,23,328,244,74.39,84,25.61
2824,28,24,243,155,63.79,88,36.21
2825,28,25,430,327,76.05,103,23.95
2826,28,26,247,176,71.26,71,28.74
2827,28,27,314,262,83.44,52,16.56
2828,28,28,392,331,84.44,61,15.56
2829,28,29,150,118,78.67,32,21.33
2830,28,30,45,39,86.67,6,13.33
2831,28,31,302,238,78.81,64,21.19
2832,28,32,268,193,72.01,75,27.99
2833,28,33,297,214,72.05,83,27.95
2834,28,34,502,377,75.1,125,24.9
2835,28,35,297,226,76.09,71,23.91
2836,28,36,130,101,77.69,29,22.31
2837,28,37,312,230,73.72,82,26.28
2838,28,38,117,89,76.07,28,23.93
2839,28,39,210,155,73.81,55,26.19
2840,28,40,354,281,79.38,73,20.62
2841,28,41,180,124,68.89,56,31.11
2842,28,42,287,214,74.56,73,25.44
2843,28,43,325,246,75.69,79,24.31
2844,28,44,219,163,74.43,56,25.57
2845,28,45,454,385,84.8,69,15.2
2846,28,46,569,454,79.79,115,20.21
2901,29,1,522,411,78.74,111,21.26
2902,29,2,431,329,76.33,102,23.67
2903,29,3,301,223,74.09,78,25.91
2904,29,4,425,325,76.47,100,23.53
2905,29,5,272,192,70.59,80,29.41
2906,29,6,263,207,78.71,56,21.29
2907,29,7,391,302,77.24,89,22.76
2908,29,8,339,256,75.52,83,24.48
2909,29,9,420,324,77.14,96,22.86
2910,29,10,486,398,81.89,88,18.11
2911,29,11,189,153,80.95,36,19.05
2912,29,12,451,352,78.05,99,21.95
2913,29,13,332,243,73.19,89,26.81
2914,29,14,320,247,77.19,73,22.81
2915,29,15,413,323,78.21,90,21.79
2916,29,16,347,269,77.52,78,22.48
2917,29,17,350,285,81.43,65,18.57
2918,29,18,330,244,73.94,86,26.06
2919,29,19,350,268,76.57,82,23.43
2920,29,20,379,284,74.93,95,25.07
2921,29,21,450,321,71.33,129,28.67
2922,29,22,264,198,75.0,66,25.0
2923,29,23,442,336,76.02,106,23.98
2924,29,24,352,280,79.55,72,20.45
2925,29,25,418,334,79.9,84,20.1
2926,29,26,338,280,82.84,58,17.16
2927,29,27,337,250,74.18,87,25.82
2928,29,28,420,334,79.52,86,20.48
2929,29,29,434,326,75.12,108,24.88
2930,29,30,510,399,78.24,111,21.76
2931,29,31,394,276,70.05,118,29.95
2932,29,32,406,294,72.41,112,27.59
2933,29,33,246,192,78.05,54,21.95
2934,29,34,251,178,70.92,73,29.08
2935,29,35,279,180,64.52,99,35.48
2936,29,36,329,240,72.95,89,27.05
2937,29,37,346,238,68.79,108,31.21
2938,29,38,474,361,76.16,113,23.84
2939,29,39,399,296,74.19,103,25.81
2940,29,40,404,309,76.49,95,23.51
2941,29,41,309,231,74.76,78,25.24
2942,29,42,388,290,74.74,98,25.26
2943,29,43,456,352,77.19,104,22.81
2944,29,44,385,285,74.03,100,25.97
3001,30,1,459,366,79.74,93,20.26
3002,30,2,410,302,73.66,108,26.34
3003,30,3,352,294,83.52,58,16.48
3004,30,4,404,308,76.24,96,23.76
3005,30,5,331,256,77.34,75,22.66
3006,30,6,282,216,76.6,66,23.4
3007,30,7,458,341,74.45,117,25.55
3008,30,8,514,397,77.24,117,22.76
3009,30,9,349,266,76.22,83,23.78
3010,30,10,391,290,74.17,101,25.83
3011,30,11,419,317,75.66,102,24.34
3012,30,12,374,276,73.8,98,26.2
3013,30,13,415,320,77.11,95,22.89
3014,30,14,302,217,71.85,85,28.15
3015,30,15,373,320,85.79,53,14.21
3016,30,16,224,174,77.68,50,22.32
3017,30,17,428,343,80.14,85,19.86
3018,30,18,518,431,83.2,87,16.8
3019,30,19,437,338,77.35,99,22.65
3020,30,20,440,339,77.05,101,22.95
3021,30,21,288,214,74.31,74,25.69
3022,30,22,620,499,80.48,121,19.52
3023,30,23,533,427,80.11,106,19.89
3024,30,24,599,473,78.96,126,21.04
3025,30,25,620,504,81.29,116,18.71
3026,30,26,258,193,74.81,65,25.19
3027,30,27,298,234,78.52,64,21.48
3028,30,28,439,360,82.0,79,18.0
3029,30,29,294,221,75.17,73,24.83
3030,30,30,179,144,80.45,35,19.55
3031,30,31,263,197,74.9,66,25.1
3032,30,32,340,282,82.94,58,17.06
3101,31,1,273,203,74.36,70,25.64
3102,31,2,252,194,76.98,58,23.02
3103,31,3,264,199,75.38,65,24.62
3104,31,4,360,298,82.78,62,17.22
3105,31,5,307,243,79.15,64,20.85
3106,31,6,194,157,80.93,37,19.07
3107,31,7,402,351,87.31,51,12.69
3108,31,8,267,211,79.03,56,20.97
3109,31,9,312,240,76.92,72,23.08
3110,31,10,338,280,82.84,58,17.16
3111,31,11,214,162,75.7,52,24.3
3112,31,12,232,176,75.86,56,24.14
3113,31,13,307,241,78.5,66,21.5
3114,31,14,267,212,79.4,55,20.6
3115,31,15,283,203,71.73,80,28.27
3116,31,16,345,292,84.64,53,15.36
3117,31,17,262,202,77.1,60,22.9
3118,31,18,269,210,78.07,59,21.93
3119,31,19,257,185,71.98,72,28.02
3120,31,20,249,180,72.29,69,27.71
3121,31,21,249,187,75.1,62,24.9
3122,31,22,242,191,78.93,51,21.07
3123,31,23,312,262,83.97,50,16.03
3124,31,24,288,230,79.86,58,20.14
3125,31,25,296,230,77.7,66,22.3
3126,31,26,291,231,79.38,60,20.62
3127,31,27,301,223,74.09,78,25.91
3128,31,28,271,203,74.91,68,25.09
3129,31,29,269,211,78.44,58,21.56
3130,31,30,237,188,79.32,49,20.68
3131,31,31,239,181,75.73,58,24.27
3132,31,32,229,173,75.55,56,24.45
3133,31,33,268,211,78.73,57,21.27
3134,31,34,286,216,75.52,70,24.48
3135,31,35,344,260,75.58,84,24.42
3136,31,36,278,223,80.22,55,19.78
3137,31,37,272,216,79.41,56,20.59
3138,31,38,252,202,80.16,50,19.84
3139,31,39,312,268,85.9,44,14.1
3140,31,40,320,239,74.69,81,25.31
3141,31,41,264,207,78.41,57,21.59
3201,32,1,646,545,84.37,101,15.63
3202,32,2,569,491,86.29,78,13.71
3203,32,3,534,462,86.52,72,13.48
3204,32,4,447,404,90.38,43,9.62
3205,32,5,530,479,90.38,51,9.62
3206,32,6,608,554,91.12,54,8.88
3207,32,7,587,517,88.07,70,11.93
3208,32,8,623,565,90.69,58,9.31
3209,32,9,517,433,83.75,84,16.25
3210,32,10,562,475,84.52,87,15.48
3211,32,11,453,400,88.3,53,11.7
3212,32,12,342,301,88.01,41,11.99
3213,32,13,549,471,85.79,78,14.21
3214,32,14,545,499,91.56,46,8.44
3215,32,15,481,415,86.28,66,13.72
3216,32,16,482,430,89.21,52,10.79
3217,32,17,493,428,86.82,65,13.18
3218,32,18,495,427,86.26,68,13.74
3219,32,19,474,408,86.08,66,13.92
3220,32,20,481,431,89.6,50,10.4
3221,32,21,511,448,87.67,63,12.33
3222,32,22,639,572,89.51,67,10.49
3223,32,23,535,475,88.79,60,11.21
3224,32,24,433,375,86.61,58,13.39
3225,32,25,505,441,87.33,64,12.67
3226,32,26,525,469,89.33,56,10.67
3227,32,27,509,446,87.62,63,12.38
3228,32,28,528,456,86.36,72,13.64
3229,32,29,529,464,87.71,65,12.29
3230,32,30,491,434,88.39,57,11.61
3231,32,31,542,467,86.16,75,13.84
3232,32,32,597,541,90.62,56,9.38
3233,32,33,457,411,89.93,46,10.07
3234,32,34,563,502,89.17,61,10.83
3235,32,35,483,417,86.34,66,13.66
3236,32,36,521,466,89.44,55,10.56
3237,32,37,588,500,85.03,88,14.97
3238,32,38,491,431,87.78,60,12.22
3239,32,39,566,488,86.22,78,13.78
3240,32,40,514,447,86.96,67,13.04
3241,32,41,542,474,87.45,68,12.55
3242,32,42,477,411,86.16,66,13.84
3243,32,43,464,403,86.85,61,13.15
3301,33,1,560,461,82.32,99,17.68
3302,33,2,688,565,82.12,123,17.88
3303,33,3,749,645,86.11,104,13.89
3304,33,4,709,591,83.36,118,16.64
3305,33,5,505,421,83.37,84,16.63
3306,33,6,475,384,80.84,91,19.16
3307,33,7,561,467,83.24,94,16.76
3308,33,8,667,584,87.56,83,12.44
3309,33,9,597,491,82.24,106,17.76
3310,33,10,449,379,84.41,70,15.59
3311,33,11,543,452,83.24,91,16.76
3312,33,12,545,458,84.04,87,15.96
3313,33,13,527,430,81.59,97,18.41
3314,33,14,258,210,81.4,48,18.6
3315,33,15,553,463,83.73,90,16.27
3316,33,16,723,584,80.77,139,19.23
3317,33,17,557,452,81.15,105,18.85
3318,33,18,759,645,84.98,114,15.02
3319,33,19,634,520,82.02,114,17.98
3320,33,20,679,585,86.16,94,13.84
3321,33,21,597,482,80.74,115,19.26
3322,33,22,502,406,80.88,96,19.12
3323,33,23,609,513,84.24,96,15.76
3324,33,24,668,597,89.37,71,10.63
3325,33,25,647,545,84.23,102,15.77
3326,33,26,390,332,85.13,58,14.87
3327,33,27,629,520,82.67,109,17.33
3328,33,28,496,430,86.69,66,13.31
3401,34,1,399,300,75.19,99,24.81
3402,34,2,310,250,80.65,60,19.35
3403,34,3,364,265,72.8,99,27.2
3404,34,4,279,224,80.29,55,19.71
3405,34,5,303,240,79.21,63,20.79
3406,34,6,398,305,76.63,93,23.37
3407,34,7,371,285,76.82,86,23.18
3408,34,8,299,234,78.26,65,21.74
3409,34,9,236,173,73.31,63,26.69
3410,34,10,302,230,76.16,72,23.84
3411,34,11,310,220,70.97,90,29.03
3412,34,12,376,298,79.26,78,20.74
3413,34,13,368,284,77.17,84,22.83
3414,34,14,274,213,77.74,61,22.26
3415,34,15,317,239,75.39,78,24.61
3416,34,16,327,253,77.37,74,22.63
3417,34,17,439,351,79.95,88,20.05
3418,34,18,215,158,73.49,57,26.51
3419,34,19,381,299,78.48,82,21.52
3420,34,20,406,337,83.0,69,17.0
3421,34,21,418,322,77.03,96,22.97
3422,34,22,357,287,80.39,70,19.61
3423,34,23,309,240,77.67,69,22.33
3424,34,24,306,235,76.8,71,23.2
3425,34,25,534,416,77.9,118,22.1
3426,34,26,417,331,79.38,86,20.62
3427,34,27,288,202,70.14,86,29.86
3428,34,28,223,166,74.44,57,25.56
3429,34,29,279,207,74.19,72,25.81
3430,34,30,333,267,80.18,66,19.82
3431,34,31,271,213,78.6,58,21.4
3432,34,32,352,273,77.56,79,22.44
3433,34,33,299,227,75.92,72,24.08
3434,34,34,410,337,82.2,73,17.8
3435,34,35,432,330,76.39,102,23.61
3436,34,36,302,232,76.82,70,23.18
3437,34,37,208,145,69.71,63,30.29
3438,34,38,182,130,71.43,52,28.57
3439,34,39,263,184,69.96,79,30.04
3440,34,40,379,287,75.73,92,24.27
3441,34,41,215,156,72.56,59,27.44
3442,34,42,358,286,79.89,72,20.11
3443,34,43,322,271,84.16,51,15.84
3444,34,44,306,241,78.76,65,21.24
3445,34,45,354,274,77.4,80,22.6
3446,34,46,242,198,81.82,44,18.18
3447,34,47,317,269,84.86,48,15.14
3448,34,48,360,298,82.78,62,17.22
3449,34,49,320,271,84.69,49,15.31
3450,34,50,288,226,78.47,62,21.53
3451,34,51,414,327,78.99,87,21.01
3452,34,52,280,233,83.21,47,16.79
3453,34,53,248,199,80.24,49,19.76
3501,35,1,457,368,80.53,89,19.47
3502,35,2,468,409,87.39,59,12.61
3503,35,3,420,341,81.19,79,18.81
3504,35,4,476,387,81.3,89,18.7
3505,35,5,385,328,85.19,57,14.81
3506,35,6,488,414,84.84,74,15.16
3507,35,7,466,399,85.62,67,14.38
3508,35,8,463,399,86.18,64,13.82
3509,35,9,399,303,75.94,96,24.06
3510,35,10,526,466,88.59,60,11.41
3511,35,11,509,421,82.71,88,17.29
3512,35,12,310,235,75.81,75,24.19
3513,35,13,319,248,77.74,71,22.26
3514,35,14,369,283,76.69,86,23.31
3515,35,15,561,481,85.74,80,14.26
3516,35,16,246,183,74.39,63,25.61
3517,35,17,456,391,85.75,65,14.25
3518,35,18,317,246,77.6,71,22.4
3519,35,19,287,226,78.75,61,21.25
3520,35,20,466,382,81.97,84,18.03
3521,35,21,470,389,82.77,81,17.23
3522,35,22,579,489,84.46,90,15.54
3523,35,23,468,375,80.13,93,19.87
3524,35,24,418,340,81.34,78,18.66
3525,35,25,469,403,85.93,66,14.07
3526,35,26,410,334,81.46,76,18.54
3527,35,27,409,353,86.31,56,13.69
3528,35,28,462,387,83.77,75,16.23
3529,35,29,439,354,80.64,85,19.36
3530,35,30,416,331,79.57,85,20.43
3531,35,31,493,400,81.14,93,18.86
3601,36,1,385,287,74.55,98,25.45
3602,36,2,373,269,72.12,104,27.88
3603,36,3,342,255,74.56,87,25.44
3604,36,4,433,336,77.6,97,22.4
3605,36,5,346,259,74.86,87,25.14
3606,36,6,341,262,76.83,79,23.17
3607,36,7,381,270,70.87,111,29.13
3608,36,8,321,235,73.21,86,26.79
3609,36,9,382,286,74.87,96,25.13
3610,36,10,496,391,78.83,105,21.17
3611,36,11,269,196,72.86,73,27.14
3612,36,12,241,178,73.86,63,26.14
3613,36,13,266,205,77.07,61,22.93
3614,36,14,423,316,74.7,107,25.3
3615,36,15,377,309,81.96,68,18.04
3616,36,16,378,282,74.6,96,25.4
3617,36,17,467,361,77.3,106,22.7
3618,36,18,403,301,74.69,102,25.31
3619,36,19,493,364,73.83,129,26.17
3620,36,20,435,323,74.25,112,25.75
3621,36,21,349,250,71.63,99,28.37
3622,36,22,358,258,72.07,100,27.93
3623,36,23,349,257,73.64,92,26.36
3624,36,24,455,343,75.38,112,24.62
3625,36,25,407,303,74.45,104,25.55
3626,36,26,360,267,74.17,93,25.83
3627,36,27,330,250,75.76,80,24.24
3628,36,28,347,261,75.22,86,24.78
3629,36,29,414,308,74.4,106,25.6
3630,36,30,368,267,72.55,101,27.45
3701,37,1,201,158,78.61,43,21.39
3702,37,2,296,206,69.59,90,30.41
3703,37,3,225,158,70.22,67,29.78
3704,37,4,264,179,67.8,85,32.2
3705,37,5,324,249,76.85,75,23.15
3706,37,6,214,173,80.84,41,19.16
3707,37,7,247,196,79.35,51,20.65
3708,37,8,228,184,80.7,44,19.3
3709,37,9,299,225,75.25,74,24.75
3710,37,10,394,303,76.9,91,23.1
3711,37,11,204,148,72.55,56,27.45
3712,37,12,296,221,74.66,75,25.34
3713,37,13,235,179,76.17,56,23.83
3714,37,14,364,268,73.63,96,26.37
3715,37,15,333,260,78.08,73,21.92
3716,37,16,348,255,73.28,93,26.72
3717,37,17,226,171,75.66,55,24.34
3718,37,18,267,193,72.28,74,27.72
3719,37,19,236,178,75.42,58,24.58
3720,37,20,282,214,75.89,68,24.11
3721,37,21,243,180,74.07,63,25.93
3722,37,22,283,208,73.5,75,26.5
3723,37,23,302,225,74.5,77,25.5
3724,37,24,296,222,75.0,74,25.0
3725,37,25,268,186,69.4,82,30.6
3726,37,26,424,311,73.35,113,26.65
3727,37,27,309,229,74.11,80,25.89
3728,37,28,275,211,76.73,64,23.27
3729,37,29,267,209,78.28,58,21.72
3730,37,30,274,194,70.8,80,29.2
3731,37,31,366,290,79.23,76,20.77
3732,37,32,279,218,78.14,61,21.86
3733,37,33,233,175,75.11,58,24.89
3734,37,34,269,196,72.86,73,27.14
3735,37,35,321,240,74.77,81,25.23
3736,37,36,216,158,73.15,58,26.85
3737,37,37,323,238,73.68,85,26.32
3738,37,38,331,244,73.72,87,26.28
3739,37,39,257,196,76.26,61,23.74
3740,37,40,323,251,77.71,72,22.29
3741,37,41,305,240,78.69,65,21.31
3801,38,1,381,301,79.0,80,21.0
3802,38,2,372,254,68.28,118,31.72
3803,38,3,393,278,70.74,115,29.26
3804,38,4,360,253,70.28,107,29.72
3805,38,5,363,262,72.18,101,27.82
3806,38,6,381,259,67.98,122,32.02
3807,38,7,372,256,68.82,116,31.18
3808,38,8,381,279,73.23,102,26.77
3809,38,9,468,337,72.01,131,27.99
3810,38,10,351,251,71.51,100,28.49
3811,38,11,358,293,81.84,65,18.16
3812,38,12,346,231,66.76,115,33.24
3813,38,13,440,320,72.73,120,27.27
3814,38,14,420,309,73.57,111,26.43
3815,38,15,361,277,76.73,84,23.27
3816,38,16,383,264,68.93,119,31.07
3817,38,17,461,313,67.9,148,32.1
3818,38,18,404,305,75.5,99,24.5
3819,38,19,418,321,76.79,97,23.21
3820,38,20,394,273,69.29,121,30.71
3821,38,21,394,304,77.16,90,22.84
3822,38,22,366,289,78.96,77,21.04
3823,38,23,412,309,75.0,103,25.0
3824,38,24,380,272,71.58,108,28.42
3825,38,25,365,271,74.25,94,25.75
3826,38,26,400,308,77.0,92,23.0
3827,38,27,383,262,68.41,121,31.59
3828,38,28,484,329,67.98,155,32.02
3829,38,29,408,298,73.04,110,26.96
3830,38,30,394,272,69.04,122,30.96
3831,38,31,411,335,81.51,76,18.49
3832,38,32,375,301,80.27,74,19.73
3833,38,33,330,256,77.58,74,22.42
3834,38,34,354,278,78.53,76,21.47
3835,38,35,372,297,79.84,75,20.16
3836,38,36,372,300,80.65,72,19.35
3837,38,37,383,257,67.1,126,32.9
3838,38,38,388,291,75.0,97,25.0
3839,38,39,431,331,76.8,100,23.2
3840,38,40,402,306,76.12,96,23.88
3841,38,41,353,287,81.3,66,18.7
3901,39,1,376,281,74.73,95,25.27
3902,39,2,245,209,85.31,36,14.69
3903,39,3,466,391,83.91,75,16.09
3904,39,4,391,286,73.15,105,26.85
3905,39,5,426,336,78.87,90,21.13
3906,39,6,436,325,74.54,111,25.46
3907,39,7,372,302,81.18,70,18.82
3908,39,8,420,357,85.0,63,15.0
3909,39,9,369,306,82.93,63,17.07
3910,39,10,196,170,86.73,26,13.27
3911,39,11,392,314,80.1,78,19.9
3912,39,12,555,445,80.18,110,19.82
3913,39,13,334,274,82.04,60,17.96
3914,39,14,420,326,77.62,94,22.38
3915,39,15,467,359,76.87,108,23.13
3916,39,16,370,292,78.92,78,21.08
3917,39,17,413,342,82.81,71,17.19
3918,39,18,409,343,83.86,66,16.14
3919,39,19,397,329,82.87,68,17.13
3920,39,20,512,375,73.24,137,26.76
3921,39,21,405,274,67.65,131,32.35
3922,39,22,408,335,82.11,73,17.89
3923,39,23,408,309,75.74,99,24.26
3924,39,24,502,360,71.71,142,28.29
3925,39,25,346,289,83.53,57,16.47
3926,39,26,366,277,75.68,89,24.32
3927,39,27,56,44,78.57,12,21.43
3928,39,28,512,435,84.96,77,15.04
3929,39,29,214,175,81.78,39,18.22
3930,39,30,513,444,86.55,69,13.45
3931,39,31,364,287,78.85,77,21.15
3932,39,32,299,224,74.92,75,25.08
3933,39,33,414,348,84.06,66,15.94
3934,39,34,480,383,79.79,97,20.21
3935,39,35,401,337,84.04,64,15.96
3936,39,36,100,87,87.0,13,13.0
3937,39,37,364,301,82.69,63,17.31
3938,39,38,206,169,82.04,37,17.96
3939,39,39,251,204,81.27,47,18.73
3940,39,40,410,310,75.61,100,24.39
3941,39,41,409,332,81.17,77,18.83
3942,39,42,419,328,78.28,91,21.72
3943,39,43,417,303,72.66,114,27.34
3944,39,44,324,249,76.85,75,23.15
3945,39,45,351,271,77.21,80,22.79
4001,40,1,412,335,81.31,77,18.69
4002,40,2,482,410,85.06,72,14.94
4003,40,3,596,526,88.26,70,11.74
4004,40,4,285,238,83.51,47,16.49
4005,40,5,529,457,86.39,72,13.61
4006,40,6,549,497,90.53,52,9.47
4007,40,7,455,408,89.67,47,10.33
4008,40,8,627,563,89.79,64,10.21
4009,40,9,369,307,83.2,62,16.8
4010,40,10,519,417,80.35,102,19.65
4011,40,11,487,425,87.27,62,12.73
4012,40,12,400,354,88.5,46,11.5
4013,40,13,702,633,90.17,69,9.83
4014,40,14,429,346,80.65,83,19.35
4015,40,15,444,365,82.21,79,17.79
4016,40,16,629,542,86.17,87,13.83
4017,40,17,389,334,85.86,55,14.14
4018,40,18,373,308,82.57,65,17.43
4019,40,19,579,456,78.76,123,21.24
4020,40,20,487,402,82.55,85,17.45
4021,40,21,546,488,89.38,58,10.62
4022,40,22,578,513,88.75,65,11.25
4023,40,23,576,513,89.06,63,10.94
4024,40,24,435,349,80.23,86,19.77
4025,40,25,562,488,86.83,74,13.17
4026,40,26,501,458,91.42,43,8.58
4027,40,27,582,504,86.6,78,13.4
4028,40,28,514,434,84.44,80,15.56
4029,40,29,491,399,81.26,92,18.74
4030,40,30,383,316,82.51,67,17.49
4031,40,31,531,478,90.02,53,9.98
4032,40,32,525,466,88.76,59,11.24
4033,40,33,468,418,89.32,50,10.68
4034,40,34,398,335,84.17,63,15.83
4035,40,35,317,269,84.86,48,15.14
4036,40,36,403,351,87.1,52,12.9
4037,40,37,494,414,83.81,80,16.19
4038,40,38,594,528,88.89,66,11.11
4039,40,39,188,145,77.13,43,22.87
4101,41,1,422,264,62.56,158,37.44
4102,41,2,449,279,62.14,170,37.86
4103,41,3,417,296,70.98,121,29.02
4104,41,4,404,296,73.27,108,26.73
4105,41,5,491,348,70.88,143,29.12
4106,41,6,483,367,75.98,116,24.02
4107,41,7,440,297,67.5,143,32.5
4108,41,8,429,284,66.2,145,33.8
4109,41,9,369,265,71.82,104,28.18
4110,41,10,423,305,72.1,118,27.9
4111,41,11,456,281,61.62,175,38.38
4112,41,12,461,334,72.45,127,27.55
4113,41,13,472,319,67.58,153,32.42
4114,41,14,442,334,75.57,108,24.43
4115,41,15,516,389,75.39,127,24.61
4116,41,16,411,282,68.61,129,31.39
4117,41,17,372,257,69.09,115,30.91
4118,41,18,376,251,66.76,125,33.24
4119,41,19,437,344,78.72,93,21.28
4120,41,20,315,221,70.16,94,29.84
4121,41,21,452,327,72.35,125,27.65
4122,41,22,479,331,69.1,148,30.9
4123,41,23,395,257,65.06,138,34.94
4124,41,24,407,266,65.36,141,34.64
4125,41,25,381,270,70.87,111,29.13
4126,41,26,396,282,71.21,114,28.79
4127,41,27,370,247,66.76,123,33.24
4128,41,28,406,290,71.43,116,28.57
4129,41,29,335,239,71.34,96,28.66
4130,41,30,372,273,73.39,99,26.61
4131,41,31,371,274,73.85,97,26.15
4132,41,32,372,263,70.7,109,29.3
4133,41,33,394,271,68.78,123,31.22
4134,41,34,383,257,67.1,126,32.9
4135,41,35,477,309,64.78,168,35.22
4136,41,36,425,283,66.59,142,33.41
4137,41,37,476,368,77.31,108,22.69
4138,41,38,417,289,69.3,128,30.7
4139,41,39,420,281,66.9,139,33.1
4140,41,40,463,292,63.07,171,36.93
4141,41,41,443,310,69.98,133,30.02
4142,41,42,418,288,68.9,130,31.1
4143,41,43,403,279,69.23,124,30.77
4144,41,44,426,274,64.32,152,35.68
4145,41,45,422,295,69.91,127,30.09
4146,41,46,411,284,69.1,127,30.9
4147,41,47,410,286,69.76,124,30.24
4201,42,1,396,345,87.12,51,12.88
4202,42,2,594,520,87.54,74,12.46
4203,42,3,511,444,86.89,67,13.11
4204,42,4,1120,978,87.32,142,12.68
4205,42,5,388,347,89.43,41,10.57
4206,42,6,454,391,86.12,63,13.88
4207,42,7,563,485,86.15,78,13.85
4208,42,8,370,299,80.81,71,19.19
4209,42,9,662,551,83.23,111,16.77
4210,42,10,698,589,84.38,109,15.62
4211,42,11,313,270,86.26,43,13.74
4212,42,12,381,332,87.14,49,12.86
4213,42,13,380,323,85.0,57,15.0
4214,42,14,668,577,86.38,91,13.62
4215,42,15,651,553,84.95,98,15.05
4216,42,16,491,409,83.3,82,16.7
4217,42,17,769,650,84.53,119,15.47
4218,42,18,646,551,85.29,95,14.71
4219,42,19,593,511,86.17,82,13.83
4220,42,20,582,486,83.51,96,16.49
4221,42,21,617,554,89.79,63,10.21
4222,42,22,273,240,87.91,33,12.09
4223,42,23,497,417,83.9,80,16.1
4224,42,24,427,375,87.82,52,12.18
4225,42,25,562,469,83.45,93,16.55
4226,42,26,780,678,86.92,102,13.08
4227,42,27,331,260,78.55,71,21.45
4228,42,28,527,437,82.92,90,17.08
4229,42,29,591,504,85.28,87,14.72
4230,42,30,371,316,85.18,55,14.82
4231,42,31,561,473,84.31,88,15.69
4232,42,32,593,498,83.98,95,16.02
4233,42,33,564,479,84.93,85,15.07
4234,42,34,372,306,82.26,66,17.74
4235,42,35,597,506,84.76,91,15.24
4236,42,36,890,756,84.94,134,15.06
4237,42,37,376,320,85.11,56,14.89
4238,42,38,482,413,85.68,69,14.32
4239,42,39,870,756,86.9,114,13.1
4240,42,40,729,635,87.11,94,12.89
4241,42,41,515,445,86.41,70,13.59
4242,42,42,877,781,89.05,96,10.95
4301,43,1,245,213,86.94,32,13.06
4302,43,2,518,463,89.38,55,10.62
4303,43,3,453,396,87.42,57,12.58
4304,43,4,557,494,88.69,63,11.31
4305,43,5,445,395,88.76,50,11.24
4306,43,6,383,344,89.82,39,10.18
4307,43,7,282,254,90.07,28,9.93
4308,43,8,367,320,87.19,47,12.81
4309,43,9,465,397,85.38,68,14.62
4310,43,10,573,507,88.48,66,11.52
4311,43,11,449,403,89.76,46,10.24
4312,43,12,312,271,86.86,41,13.14
4313,43,13,487,428,87.89,59,12.11
4314,43,14,490,431,87.96,59,12.04
4315,43,15,460,397,86.3,63,13.7
4316,43,16,641,566,88.3,75,11.7
4317,43,17,387,348,89.92,39,10.08
4318,43,18,533,471,88.37,62,11.63
4319,43,19,469,429,91.47,40,8.53
4320,43,20,581,516,88.81,65,11.19
4321,43,21,544,460,84.56,84,15.44
4322,43,22,333,296,88.89,37,11.11
4323,43,23,341,303,88.86,38,11.14
4324,43,24,350,300,85.71,50,14.29
4325,43,25,396,337,85.1,59,14.9
4326,43,26,289,259,89.62,30,10.38
4327,43,27,443,387,87.36,56,12.64
4328,43,28,574,510,88.85,64,11.15
4329,43,29,668,599,89.67,69,10.33
4330,43,30,508,448,88.19,60,11.81
4331,43,31,443,380,85.78,63,14.22
4332,43,32,487,449,92.2,38,7.8
4333,43,33,441,390,88.44,51,11.56
4334,43,34,316,282,89.24,34,10.76
4335,43,35,493,426,86.41,67,13.59
4336,43,36,317,280,88.33,37,11.67
4337,43,37,571,514,90.02,57,9.98
4338,43,38,325,276,84.92,49,15.08
4339,43,39,354,302,85.31,52,14.69
4340,43,40,358,310,86.59,48,13.41
4341,43,41,581,518,89.16,63,10.84
4342,43,42,450,400,88.89,50,11.11
4343,43,43,454,408,89.87,46,10.13
4344,43,44,448,396,88.39,52,11.61
4345,43,45,293,254,86.69,39,13.31
4346,43,46,284,250,88.03,34,11.97
4401,44,1,797,706,88.58,91,11.42
4402,44,2,523,459,87.76,64,12.24
4403,44,3,274,249,90.88,25,9.12
4404,44,4,389,365,93.83,24,6.17
4405,44,5,525,475,90.48,50,9.52
4406,44,6,651,595,91.4,56,8.6
4407,44,7,316,274,86.71,42,13.29
4408,44,8,721,650,90.15,71,9.85
4409,44,9,549,494,89.98,55,10.02
4410,44,10,572,501,87.59,71,12.41
4411,44,11,613,531,86.62,82,13.38
4412,44,12,546,488,89.38,58,10.62
4413,44,13,465,416,89.46,49,10.54
4414,44,14,517,456,88.2,61,11.8
4415,44,15,487,441,90.55,46,9.45
4416,44,16,623,543,87.16,80,12.84
4417,44,17,706,632,89.52,74,10.48
4418,44,18,568,501,88.2,67,11.8
4419,44,19,624,553,88.62,71,11.38
4420,44,20,665,595,89.47,70,10.53
4421,44,21,622,567,91.16,55,8.84
4422,44,22,505,444,87.92,61,12.08
4423,44,23,516,473,91.67,43,8.33
4424,44,24,350,324,92.57,26,7.43
4425,44,25,549,498,90.71,51,9.29
4426,44,26,709,636,89.7,73,10.3
4427,44,27,616,552,89.61,64,10.39
4428,44,28,589,517,87.78,72,12.22
4429,44,29,618,561,90.78,57,9.22
4430,44,30,643,572,88.96,71,11.04
4431,44,31,486,423,87.04,63,12.96
4432,44,32,621,541,87.12,80,12.88
4433,44,33,611,560,91.65,51,8.35
4434,44,34,554,500,90.25,54,9.75
4435,44,35,542,473,87.27,69,12.73
4436,44,36,622,567,91.16,55,8.84
4437,44,37,605,547,90.41,58,9.59
4438,44,38,649,559,86.13,90,13.87
4439,44,39,592,549,92.74,43,7.26
4440,44,40,511,459,89.82,52,10.18
4441,44,41,689,609,88.39,80,11.61
4501,45,1,365,311,85.21,54,14.79
4502,45,2,438,382,87.21,56,12.79
4503,45,3,393,335,85.24,58,14.76
4504,45,4,506,415,82.02,91,17.98
4505,45,5,447,374,83.67,73,16.33
4506,45,6,590,494,83.73,96,16.27
4507,45,7,610,523,85.74,87,14.26
4508,45,8,445,357,80.22,88,19.78
4509,45,9,425,321,75.53,104,24.47
4510,45,10,418,321,76.79,97,23.21
4511,45,11,337,271,80.42,66,19.58
4512,45,12,378,298,78.84,80,21.16
4513,45,13,347,297,85.59,50,14.41
4514,45,14,613,501,81.73,112,18.27
4515,45,15,523,426,81.45,97,18.55
4516,45,16,350,286,81.71,64,18.29
4517,45,17,453,344,75.94,109,24.06
4518,45,18,455,363,79.78,92,20.22
4519,45,19,231,177,76.62,54,23.38
4520,45,20,293,231,78.84,62,21.16
4521,45,21,368,273,74.18,95,25.82
4522,45,22,383,302,78.85,81,21.15
4523,45,23,393,296,75.32,97,24.68
4524,45,24,334,234,70.06,100,29.94
4525,45,25,281,210,74.73,71,25.27
4526,45,26,238,181,76.05,57,23.95
4527,45,27,404,304,75.25,100,24.75
4528,45,28,342,262,76.61,80,23.39
4529,45,29,272,219,80.51,53,19.49
4530,45,30,425,331,77.88,94,22.12
4531,45,31,336,262,77.98,74,22.02
4532,45,32,394,294,74.62,100,25.38
4533,45,33,300,246,82.0,54,18.0
4534,45,34,443,352,79.46,91,20.54
4535,45,35,468,360,76.92,108,23.08
4536,45,36,433,330,76.21,103,23.79
4537,45,37,402,297,73.88,105,26.12
4538,45,38,405,303,74.81,102,25.19
4539,45,39,416,317,76.2,99,23.8
4540,45,40,395,274,69.37,121,30.63
4541,45,41,373,273,73.19,100,26.81
4542,45,42,394,302,76.65,92,23.35
4543,45,43,439,321,73.12,118,26.88
4544,45,44,383,281,73.37,102,26.63
4545,45,45,268,179,66.79,89,33.21
4546,45,46,334,227,67.96,107,32.04
4547,45,47,297,204,68.69,93,31.31
4548,45,48,320,215,67.19,105,32.81
4601,46,1,393,322,81.93,71,18.07
4602,46,2,501,438,87.43,63,12.57
4603,46,3,578,518,89.62,60,10.38
4604,46,4,488,434,88.93,54,11.07
4605,46,5,677,579,85.52,98,14.48
4606,46,6,433,374,86.37,59,13.63
4607,46,7,475,415,87.37,60,12.63
4608,46,8,337,289,85.76,48,14.24
4609,46,9,575,506,88.0,69,12.0
4610,46,10,877,789,89.97,88,10.03
4611,46,11,477,404,84.7,73,15.3
4612,46,12,554,488,88.09,66,11.91
4613,46,13,537,481,89.57,56,10.43
4614,46,14,520,427,82.12,93,17.88
4615,46,15,522,467,89.46,55,10.54
4616,46,16,580,526,90.69,54,9.31
4617,46,17,539,469,87.01,70,12.99
4618,46,18,575,491,85.39,84,14.61
4619,46,19,340,294,86.47,46,13.53
4620,46,20,434,380,87.56,54,12.44
4621,46,21,385,319,82.86,66,17.14
4622,46,22,365,314,86.03,51,13.97
4623,46,23,478,410,85.77,68,14.23
4624,46,24,648,570,87.96,78,12.04
4625,46,25,501,446,89.02,55,10.98
4626,46,26,710,624,87.89,86,12.11
4627,46,27,666,576,86.49,90,13.51
4628,46,28,466,418,89.7,48,10.3
4629,46,29,409,356,87.04,53,12.96
4630,46,30,524,457,87.21,67,12.79
4631,46,31,528,483,91.48,45,8.52
4632,46,32,481,403,83.78,78,16.22
4633,46,33,519,479,92.29,40,7.71
4634,46,34,663,574,86.58,89,13.42
4635,46,35,580,503,86.72,77,13.28
4636,46,36,482,422,87.55,60,12.45
4637,46,37,406,351,86.45,55,13.55
4638,46,38,587,507,86.37,80,13.63
4639,46,39,464,384,82.76,80,17.24
4640,46,40,438,387,88.36,51,11.64
4701,47,1,371,321,86.52,50,13.48
4702,47,2,514,462,89.88,52,10.12
4703,47,3,489,448,91.62,41,8.38
4704,47,4,622,552,88.75,70,11.25
4705,47,5,575,504,87.65,71,12.35
4706,47,6,640,575,89.84,65,10.16
4707,47,7,497,414,83.3,83,16.7
4708,47,8,533,462,86.68,71,13.32
4709,47,9,495,432,87.27,63,12.73
4710,47,10,645,578,89.61,67,10.39
4711,47,11,530,468,88.3,62,11.7
4712,47,12,578,506,87.54,72,12.46
4713,47,13,520,454,87.31,66,12.69
4714,47,14,492,447,90.85,45,9.15
4715,47,15,665,592,89.02,73,10.98
4716,47,16,530,476,89.81,54,10.19
4717,47,17,525,437,83.24,88,16.76
4718,47,18,512,438,85.55,74,14.45
4719,47,19,824,752,91.26,72,8.74
4720,47,20,567,509,89.77,58,10.23
4721,47,21,507,439,86.59,68,13.41
4722,47,22,583,514,88.16,69,11.84
4723,47,23,609,561,92.12,48,7.88
4724,47,24,539,489,90.72,50,9.28
4725,47,25,651,573,88.02,78,11.98
4726,47,26,736,670,91.03,66,8.97
4727,47,27,457,399,87.31,58,12.69
4728,47,28,494,434,87.85,60,12.15
4729,47,29,630,566,89.84,64,10.16
4730,47,30,668,597,89.37,71,10.63
4731,47,31,584,509,87.16,75,12.84
4732,47,32,651,596,91.55,55,8.45
4733,47,33,512,456,89.06,56,10.94
4734,47,34,557,498,89.41,59,10.59
4735,47,35,525,453,86.29,72,13.71
4736,47,36,626,557,88.98,69,11.02
4737,47,37,497,440,88.53,57,11.47
4738,47,38,540,487,90.19,53,9.81
4739,47,39,531,474,89.27,57,10.73
4740,47,40,499,447,89.58,52,10.42
4741,47,41,591,525,88.83,66,11.17
4742,47,42,519,455,87.67,64,12.33
4743,47,43,482,434,90.04,48,9.96
4744,47,44,450,399,88.67,51,11.33
4745,47,45,503,457,90.85,46,9.15
4746,47,46,546,470,86.08,76,13.92
4747,47,47,657,583,88.74,74,11.26
4748,47,48,35,23,65.71,12,34.29
4801,48,1,498,446,89.56,52,10.44
4802,48,2,207,186,89.86,21,10.14
4803,48,3,571,492,86.16,79,13.84
4804,48,4,443,390,88.04,53,11.96
4805,48,5,245,221,90.2,24,9.8
4806,48,6,587,510,86.88,77,13.12
4807,48,7,530,485,91.51,45,8.49
4808,48,8,245,215,87.76,30,12.24
4809,48,9,318,274,86.16,44,13.84
4810,48,10,699,643,91.99,56,8.01
4811,48,11,399,361,90.48,38,9.52
4812,48,12,587,536,91.31,51,8.69
4813,48,13,611,524,85.76,87,14.24
4814,48,14,197,166,84.26,31,15.74
4815,48,15,318,274,86.16,44,13.84
4816,48,16,547,476,87.02,71,12.98
4817,48,17,426,383,89.91,43,10.09
4818,48,18,327,262,80.12,65,19.88
4819,48,19,345,312,90.43,33,9.57
4820,48,20,550,480,87.27,70,12.73
4821,48,21,633,526,83.1,107,16.9
4822,48,22,370,323,87.3,47,12.7
4823,48,23,430,386,89.77,44,10.23
4824,48,24,570,435,76.32,135,23.68
4825,48,25,421,390,92.64,31,7.36
4826,48,26,244,206,84.43,38,15.57
4827,48,27,494,420,85.02,74,14.98
4828,48,28,510,414,81.18,96,18.82
4829,48,29,179,167,93.3,12,6.7
4830,48,30,417,371,88.97,46,11.03
4831,48,31,720,606,84.17,114,15.83
4832,48,32,536,477,88.99,59,11.01
4833,48,33,259,236,91.12,23,8.88
4834,48,34,416,371,89.18,45,10.82
4835,48,35,288,245,85.07,43,14.93
4836,48,36,272,247,90.81,25,9.19
4837,48,37,507,456,89.94,51,10.06
4838,48,38,506,462,91.3,44,8.7
4839,48,39,360,316,87.78,44,12.22
4840,48,40,454,418,92.07,36,7.93
4841,48,41,647,553,85.47,94,14.53
4842,48,42,579,531,91.71,48,8.29
4843,48,43,585,512,87.52,73,12.48
4844,48,44,637,582,91.37,55,8.63
4845,48,45,372,325,87.37,47,12.63
4846,48,46,278,236,84.89,42,15.11
4901,49,1,329,259,78.72,70,21.28
4902,49,2,308,275,89.29,33,10.71
4903,49,3,626,543,86.74,83,13.26
4904,49,4,675,575,85.19,100,14.81
4905,49,5,489,428,87.53,61,12.47
4906,49,6,434,372,85.71,62,14.29
4907,49,7,404,343,84.9,61,15.1
4908,49,8,454,399,87.89,55,12.11
4909,49,9,511,448,87.67,63,12.33
4910,49,10,588,499,84.86,89,15.14
4911,49,11,657,578,87.98,79,12.02
4912,49,12,630,562,89.21,68,10.79
4913,49,13,574,490,85.37,84,14.63
4914,49,14,385,325,84.42,60,15.58
4915,49,15,383,315,82.25,68,17.75
4916,49,16,456,380,83.33,76,16.67
4917,49,17,388,324,83.51,64,16.49
4918,49,18,650,562,86.46,88,13.54
4919,49,19,473,392,82.88,81,17.12
4920,49,20,759,675,88.93,84,11.07
4921,49,21,314,269,85.67,45,14.33
4922,49,22,531,456,85.88,75,14.12
4923,49,23,664,575,86.6,89,13.4
4924,49,24,390,332,85.13,58,14.87
4925,49,25,642,544,84.74,98,15.26
4926,49,26,570,498,87.37,72,12.63
4927,49,27,589,511,86.76,78,13.24
4928,49,28,728,623,85.58,105,14.42
4929,49,29,590,511,86.61,79,13.39
4930,49,30,529,458,86.58,71,13.42
4931,49,31,346,285,82.37,61,17.63
4932,49,32,492,386,78.46,106,21.54
4933,49,33,393,333,84.73,60,15.27
5001,50,1,320,259,80.94,61,19.06
5002,50,2,216,174,80.56,42,19.44
5003,50,3,285,242,84.91,43,15.09
5004,50,4,398,338,84.92,60,15.08
5005,50,5,202,167,82.67,35,17.33
5006,50,6,388,317,81.7,71,18.3
5007,50,7,484,414,85.54,70,14.46
5008,50,8,373,308,82.57,65,17.43
5009,50,9,306,254,83.01,52,16.99
5010,50,10,367,277,75.48,90,24.52
5011,50,11,171,119,69.59,52,30.41
5012,50,12,143,118,82.52,25,17.48
5013,50,13,459,382,83.22,77,16.78
5014,50,14,106,85,80.19,21,19.81
5015,50,15,475,410,86.32,65,13.68
5016,50,16,100,73,73.0,27,27.0
5017,50,17,375,307,81.87,68,18.13
5018,50,18,44,33,75.0,11,25.0
5019,50,19,323,269,83.28,54,16.72
5020,50,20,418,347,83.01,71,16.99
5021,50,21,344,287,83.43,57,16.57
5022,50,22,323,258,79.88,65,20.12
5023,50,23,245,179,73.06,66,26.94
5024,50,24,209,144,68.9,65,31.1
5025,50,25,291,225,77.32,66,22.68
5026,50,26,400,312,78.0,88,22.0
5027,50,27,96,71,73.96,25,26.04
5028,50,28,404,333,82.43,71,17.57
5029,50,29,392,322,82.14,70,17.86
5030,50,30,316,273,86.39,43,13.61
5031,50,31,539,456,84.6,83,15.4
5032,50,32,430,354,82.33,76,17.67
5033,50,33,224,174,77.68,50,22.32
5034,50,34,451,376,83.37,75,16.63
5035,50,35,527,457,86.72,70,13.28
5036,50,36,380,320,84.21,60,15.79
5037,50,37,395,339,85.82,56,14.18
5038,50,38,117,93,79.49,24,20.51
5039,50,39,216,171,79.17,45,20.83
5040,50,40,235,168,71.49,67,28.51
