id,ward,precinct,total,Yes,Yes Percent,No,No Percent
0101,1,1,501,383,76.45,118,23.55
0102,1,2,461,352,76.36,109,23.64
0103,1,3,595,500,84.03,95,15.97
0104,1,4,574,456,79.44,118,20.56
0105,1,5,510,408,80.0,102,20.0
0106,1,6,432,328,75.93,104,24.07
0107,1,7,365,300,82.19,65,17.81
0108,1,8,416,334,80.29,82,19.71
0109,1,9,361,284,78.67,77,21.33
0110,1,10,618,495,80.1,123,19.9
0111,1,11,567,467,82.36,100,17.64
0112,1,12,595,438,73.61,157,26.39
0113,1,13,251,197,78.49,54,21.51
0114,1,14,449,357,79.51,92,20.49
0115,1,15,467,367,78.59,100,21.41
0116,1,16,561,439,78.25,122,21.75
0117,1,17,430,329,76.51,101,23.49
0118,1,18,493,386,78.3,107,21.7
0119,1,19,592,446,75.34,146,24.66
0120,1,20,401,326,81.3,75,18.7
0121,1,21,674,548,81.31,126,18.69
0122,1,22,332,262,78.92,70,21.08
0123,1,23,652,521,79.91,131,20.09
0124,1,24,455,329,72.31,126,27.69
0125,1,25,491,385,78.41,106,21.59
0126,1,26,338,258,76.33,80,23.67
0127,1,27,567,461,81.31,106,18.69
0128,1,28,171,133,77.78,38,22.22
0129,1,29,622,506,81.35,116,18.65
0130,1,30,572,447,78.15,125,21.85
0131,1,31,450,355,78.89,95,21.11
0132,1,32,482,383,79.46,99,20.54
0133,1,33,530,412,77.74,118,22.26
0134,1,34,411,342,83.21,69,16.79
0135,1,35,622,477,76.69,145,23.31
0136,1,36,576,478,82.99,98,17.01
0137,1,37,494,391,79.15,103,20.85
0138,1,38,480,390,81.25,90,18.75
0139,1,39,419,352,84.01,67,15.99
0140,1,40,434,345,79.49,89,20.51
0141,1,41,282,225,79.79,57,20.21
0142,1,42,177,132,74.58,45,25.42
0143,1,43,321,251,78.19,70,21.81
0144,1,44,463,357,77.11,106,22.89
0201,2,1,551,442,80.22,109,19.78
0202,2,2,339,275,81.12,64,18.88
0203,2,3,557,432,77.56,125,22.44
0204,2,4,487,388,79.67,99,20.33
0205,2,5,613,475,77.49,138,22.51
0206,2,6,530,417,78.68,113,21.32
0207,2,7,438,344,78.54,94,21.46
0208,2,8,629,489,77.74,140,22.26
0209,2,9,454,360,79.3,94,20.7
0210,2,10,329,258,78.42,71,21.58
0211,2,11,447,360,80.54,87,19.46
0212,2,12,374,328,87.7,46,12.3
0213,2,13,378,315,83.33,63,16.67
0214,2,14,492,370,75.2,122,24.8
0215,2,15,428,351,82.01,77,17.99
0216,2,16,475,384,80.84,91,19.16
0217,2,17,573,434,75.74,139,24.26
0218,2,18,416,352,84.62,64,15.38
0219,2,19,297,234,78.79,63,21.21
0220,2,20,570,469,82.28,101,17.72
0221,2,21,520,413,79.42,107,20.58
0222,2,22,454,376,82.82,78,17.18
0223,2,23,288,243,84.38,45,15.63
0224,2,24,406,340,83.74,66,16.26
0225,2,25,535,426,79.63,109,20.37
0226,2,26,376,301,80.05,75,19.95
0227,2,27,401,314,78.3,87,21.7
0228,2,28,515,426,82.72,89,17.28
0229,2,29,498,393,78.92,105,21.08
0230,2,30,407,330,81.08,77,18.92
0231,2,31,515,436,84.66,79,15.34
0232,2,32,416,327,78.61,89,21.39
0233,2,33,630,508,80.63,122,19.37
0234,2,34,323,269,83.28,54,16.72
0235,2,35,597,490,82.08,107,17.92
0236,2,36,476,384,80.67,92,19.33
0237,2,37,406,331,81.53,75,18.47
0238,2,38,400,325,81.25,75,18.75
0239,2,39,319,242,75.86,77,24.14
0240,2,40,640,533,83.28,107,16.72
0241,2,41,546,441,80.77,105,19.23
0242,2,42,523,437,83.56,86,16.44
0243,2,43,609,506,83.09,103,16.91
0244,2,44,286,222,77.62,64,22.38
0245,2,45,538,443,82.34,95,17.66
0246,2,46,246,188,76.42,58,23.58
0301,3,1,640,534,83.44,106,16.56
0302,3,2,465,405,87.1,60,12.9
0303,3,3,376,294,78.19,82,21.81
0304,3,4,536,462,86.19,74,13.81
0305,3,5,269,218,81.04,51,18.96
0306,3,6,655,520,79.39,135,20.61
0307,3,7,267,240,89.89,27,10.11
0308,3,8,363,280,77.13,83,22.87
0309,3,9,537,431,80.26,106,19.74
0310,3,10,209,170,81.34,39,18.66
0311,3,11,536,451,84.14,85,15.86
0312,3,12,427,356,83.37,71,16.63
0313,3,13,540,440,81.48,100,18.52
0314,3,14,538,451,83.83,87,16.17
0315,3,15,441,346,78.46,95,21.54
0316,3,16,385,322,83.64,63,16.36
0317,3,17,685,549,80.15,136,19.85
0318,3,18,616,486,78.9,130,21.1
0319,3,19,572,462,80.77,110,19.23
0320,3,20,502,399,79.48,103,20.52
0321,3,21,496,420,84.68,76,15.32
0322,3,22,656,499,76.07,157,23.93
0323,3,23,387,318,82.17,69,17.83
0324,3,24,409,337,82.4,72,17.6
0325,3,25,787,648,82.34,139,17.66
0326,3,26,507,421,83.04,86,16.96
0327,3,27,606,478,78.88,128,21.12
0328,3,28,224,171,76.34,53,23.66
0329,3,29,489,363,74.23,126,25.77
0330,3,30,403,326,80.89,77,19.11
0331,3,31,542,443,81.73,99,18.27
0332,3,32,753,598,79.42,155,20.58
0333,3,33,585,471,80.51,114,19.49
0334,3,34,699,565,80.83,134,19.17
0335,3,35,257,208,80.93,49,19.07
0336,3,36,225,176,78.22,49,21.78
0337,3,37,454,362,79.74,92,20.26
0338,3,38,337,302,89.61,35,10.39
0339,3,39,942,758,80.47,184,19.53
0340,3,40,486,394,81.07,92,18.93
0341,3,41,325,260,80.0,65,20.0
0401,4,1,700,559,79.86,141,20.14
0402,4,2,649,533,82.13,116,17.87
0403,4,3,392,328,83.67,64,16.33
0404,4,4,648,525,81.02,123,18.98
0405,4,5,519,441,84.97,78,15.03
0406,4,6,528,443,83.9,85,16.1
0407,4,7,640,542,84.69,98,15.31
0408,4,8,543,439,80.85,104,19.15
0409,4,9,539,472,87.57,67,12.43
0410,4,10,637,529,83.05,108,16.95
0411,4,11,484,394,81.4,90,18.6
0412,4,12,666,536,80.48,130,19.52
0413,4,13,638,516,80.88,122,19.12
0414,4,14,503,420,83.5,83,16.5
0415,4,15,568,483,85.04,85,14.96
0416,4,16,848,687,81.01,161,18.99
0417,4,17,569,467,82.07,102,17.93
0418,4,18,468,378,80.77,90,19.23
0419,4,19,320,241,75.31,79,24.69
0420,4,20,373,314,84.18,59,15.82
0421,4,21,542,421,77.68,121,22.32
0422,4,22,444,374,84.23,70,15.77
0423,4,23,590,504,85.42,86,14.58
0424,4,24,465,383,82.37,82,17.63
0425,4,25,599,473,78.96,126,21.04
0426,4,26,441,372,84.35,69,15.65
0427,4,27,648,537,82.87,111,17.13
0428,4,28,444,376,84.68,68,15.32
0429,4,29,476,398,83.61,78,16.39
0430,4,30,677,554,81.83,123,18.17
0431,4,31,433,386,89.15,47,10.85
0432,4,32,560,473,84.46,87,15.54
0433,4,33,466,395,84.76,71,15.24
0434,4,34,440,355,80.68,85,19.32
0435,4,35,587,510,86.88,77,13.12
0436,4,36,602,505,83.89,97,16.11
0437,4,37,924,788,85.28,136,14.72
0438,4,38,551,482,87.48,69,12.52
0501,5,1,436,335,76.83,101,23.17
0502,5,2,353,281,79.6,72,20.4
0503,5,3,440,373,84.77,67,15.23
0504,5,4,596,478,80.2,118,19.8
0505,5,5,400,327,81.75,73,18.25
0506,5,6,353,292,82.72,61,17.28
0507,5,7,430,348,80.93,82,19.07
0508,5,8,429,363,84.62,66,15.38
0509,5,9,529,464,87.71,65,12.29
0510,5,10,379,307,81.0,72,19.0
0511,5,11,443,375,84.65,68,15.35
0512,5,12,296,234,79.05,62,20.95
0513,5,13,408,328,80.39,80,19.61
0514,5,14,379,326,86.02,53,13.98
0515,5,15,422,339,80.33,83,19.67
0516,5,16,446,351,78.7,95,21.3
0517,5,17,358,291,81.28,67,18.72
0518,5,18,417,343,82.25,74,17.75
0519,5,19,412,354,85.92,58,14.08
0520,5,20,494,442,89.47,52,10.53
0521,5,21,442,375,84.84,67,15.16
0522,5,22,527,463,87.86,64,12.14
0523,5,23,777,652,83.91,125,16.09
0524,5,24,573,481,83.94,92,16.06
0525,5,25,399,347,86.97,52,13.03
0526,5,26,454,374,82.38,80,17.62
0527,5,27,395,337,85.32,58,14.68
0528,5,28,465,393,84.52,72,15.48
0529,5,29,474,387,81.65,87,18.35
0530,5,30,292,220,75.34,72,24.66
0531,5,31,345,290,84.06,55,15.94
0532,5,32,493,421,85.4,72,14.6
0533,5,33,424,350,82.55,74,17.45
0534,5,34,434,375,86.41,59,13.59
0535,5,35,547,464,84.83,83,15.17
0536,5,36,257,211,82.1,46,17.9
0537,5,37,464,403,86.85,61,13.15
0538,5,38,426,343,80.52,83,19.48
0539,5,39,357,312,87.39,45,12.61
0540,5,40,358,286,79.89,72,20.11
0541,5,41,196,178,90.82,18,9.18
0601,6,1,389,332,85.35,57,14.65
0602,6,2,385,332,86.23,53,13.77
0603,6,3,370,317,85.68,53,14.32
0604,6,4,264,198,75.0,66,25.0
0605,6,5,234,189,80.77,45,19.23
0606,6,6,439,365,83.14,74,16.86
0607,6,7,366,283,77.32,83,22.68
0608,6,8,373,309,82.84,64,17.16
0609,6,9,396,315,79.55,81,20.45
0610,6,10,258,213,82.56,45,17.44
0611,6,11,326,266,81.6,60,18.4
0612,6,12,274,211,77.01,63,22.99
0613,6,13,279,228,81.72,51,18.28
0614,6,14,340,276,81.18,64,18.82
0615,6,15,314,244,77.71,70,22.29
0616,6,16,396,316,79.8,80,20.2
0617,6,17,243,188,77.37,55,22.63
0618,6,18,271,225,83.03,46,16.97
0619,6,19,303,234,77.23,69,22.77
0620,6,20,245,199,81.22,46,18.78
0621,6,21,171,126,73.68,45,26.32
0622,6,22,211,168,79.62,43,20.38
0623,6,23,176,131,74.43,45,25.57
0624,6,24,194,150,77.32,44,22.68
0625,6,25,191,146,76.44,45,23.56
0626,6,26,264,204,77.27,60,22.73
0627,6,27,220,178,80.91,42,19.09
0628,6,28,173,141,81.5,32,18.5
0629,6,29,362,305,84.25,57,15.75
0630,6,30,319,263,82.45,56,17.55
0631,6,31,328,294,89.63,34,10.37
0632,6,32,382,298,78.01,84,21.99
0633,6,33,389,334,85.86,55,14.14
0634,6,34,376,319,84.84,57,15.16
0635,6,35,342,282,82.46,60,17.54
0636,6,36,407,340,83.54,67,16.46
0637,6,37,419,332,79.24,87,20.76
0638,6,38,403,341,84.62,62,15.38
0639,6,39,307,239,77.85,68,22.15
0640,6,40,325,270,83.08,55,16.92
0641,6,41,375,310,82.67,65,17.33
0642,6,42,345,284,82.32,61,17.68
0643,6,43,341,278,81.52,63,18.48
0644,6,44,388,308,79.38,80,20.62
0645,6,45,376,316,84.04,60,15.96
0646,6,46,286,231,80.77,55,19.23
0647,6,47,256,212,82.81,44,17.19
0648,6,48,351,285,81.2,66,18.8
0701,7,1,349,280,80.23,69,19.77
0702,7,2,347,268,77.23,79,22.77
0703,7,3,352,295,83.81,57,16.19
0704,7,4,346,289,83.53,57,16.47
0705,7,5,316,247,78.16,69,21.84
0706,7,6,447,363,81.21,84,18.79
0707,7,7,351,274,78.06,77,21.94
0708,7,8,210,173,82.38,37,17.62
0709,7,9,598,467,78.09,131,21.91
0710,7,10,354,306,86.44,48,13.56
0711,7,11,381,305,80.05,76,19.95
0712,7,12,315,243,77.14,72,22.86
0713,7,13,208,177,85.1,31,14.9
0714,7,14,395,304,76.96,91,23.04
0715,7,15,334,294,88.02,40,11.98
0716,7,16,343,266,77.55,77,22.45
0717,7,17,287,229,79.79,58,20.21
0718,7,18,312,259,83.01,53,16.99
0719,7,19,340,295,86.76,45,13.24
0720,7,20,278,213,76.62,65,23.38
0721,7,21,274,203,74.09,71,25.91
0722,7,22,302,237,78.48,65,21.52
0723,7,23,322,268,83.23,54,16.77
0724,7,24,292,237,81.16,55,18.84
0725,7,25,289,224,77.51,65,22.49
0726,7,26,272,220,80.88,52,19.12
0727,7,27,264,222,84.09,42,15.91
0728,7,28,258,188,72.87,70,27.13
0729,7,29,328,267,81.4,61,18.6
0730,7,30,276,238,86.23,38,13.77
0731,7,31,250,190,76.0,60,24.0
0732,7,32,442,363,82.13,79,17.87
0733,7,33,425,373,87.76,52,12.24
0734,7,34,436,367,84.17,69,15.83
0735,7,35,387,302,78.04,85,21.96
0736,7,36,454,375,82.6,79,17.4
0737,7,37,352,282,80.11,70,19.89
0738,7,38,314,254,80.89,60,19.11
0739,7,39,323,254,78.64,69,21.36
0740,7,40,283,241,85.16,42,14.84
0741,7,41,335,280,83.58,55,16.42
0742,7,42,346,285,82.37,61,17.63
0743,7,43,332,268,80.72,64,19.28
0744,7,44,311,257,82.64,54,17.36
0745,7,45,330,265,80.3,65,19.7
0746,7,46,84,68,80.95,16,19.05
0801,8,1,324,264,81.48,60,18.52
0802,8,2,344,273,79.36,71,20.64
0803,8,3,401,344,85.79,57,14.21
0804,8,4,415,361,86.99,54,13.01
0805,8,5,316,287,90.82,29,9.18
0806,8,6,355,293,82.54,62,17.46
0807,8,7,405,341,84.2,64,15.8
0808,8,8,370,322,87.03,48,12.97
0809,8,9,232,195,84.05,37,15.95
0810,8,10,470,403,85.74,67,14.26
0811,8,11,301,235,78.07,66,21.93
0812,8,12,318,250,78.62,68,21.38
0813,8,13,418,329,78.71,89,21.29
0814,8,14,295,211,71.53,84,28.47
0815,8,15,238,212,89.08,26,10.92
0816,8,16,107,94,87.85,13,12.15
0817,8,17,306,262,85.62,44,14.38
0818,8,18,327,263,80.43,64,19.57
0819,8,19,397,339,85.39,58,14.61
0820,8,20,424,348,82.08,76,17.92
0821,8,21,464,383,82.54,81,17.46
0822,8,22,328,266,81.1,62,18.9
0823,8,23,282,242,85.82,40,14.18
0824,8,24,197,158,80.2,39,19.8
0825,8,25,352,274,77.84,78,22.16
0826,8,26,301,243,80.73,58,19.27
0827,8,27,402,329,81.84,73,18.16
0828,8,28,368,323,87.77,45,12.23
0829,8,29,376,316,84.04,60,15.96
0830,8,30,394,331,84.01,63,15.99
0831,8,31,286,234,81.82,52,18.18
0832,8,32,285,241,84.56,44,15.44
0833,8,33,269,205,76.21,64,23.79
0834,8,34,331,276,83.38,55,16.62
0835,8,35,416,346,83.17,70,16.83
0836,8,36,363,291,80.17,72,19.83
0837,8,37,277,237,85.56,40,14.44
0838,8,38,270,220,81.48,50,18.52
0839,8,39,337,272,80.71,65,19.29
0840,8,40,294,253,86.05,41,13.95
0841,8,41,380,304,80.0,76,20.0
0842,8,42,475,402,84.63,73,15.37
0843,8,43,196,145,73.98,51,26.02
0844,8,44,258,219,84.88,39,15.12
0845,8,45,307,249,81.11,58,18.89
0846,8,46,291,235,80.76,56,19.24
0847,8,47,302,246,81.46,56,18.54
0848,8,48,326,272,83.44,54,16.56
0849,8,49,347,287,82.71,60,17.29
0850,8,50,340,286,84.12,54,15.88
0851,8,51,341,290,85.04,51,14.96
0852,8,52,449,391,87.08,58,12.92
0853,8,53,210,178,84.76,32,15.24
0854,8,54,298,224,75.17,74,24.83
0855,8,55,264,221,83.71,43,16.29
0856,8,56,382,313,81.94,69,18.06
0901,9,1,334,277,82.93,57,17.07
0902,9,2,278,227,81.65,51,18.35
0903,9,3,210,145,69.05,65,30.95
0904,9,4,266,226,84.96,40,15.04
0905,9,5,342,282,82.46,60,17.54
0906,9,6,323,268,82.97,55,17.03
0907,9,7,271,212,78.23,59,21.77
0908,9,8,357,276,77.31,81,22.69
0909,9,9,403,324,80.4,79,19.6
0910,9,10,255,214,83.92,41,16.08
0911,9,11,248,197,79.44,51,20.56
0912,9,12,380,318,83.68,62,16.32
0913,9,13,382,329,86.13,53,13.87
0914,9,14,392,340,86.73,52,13.27
0915,9,15,358,263,73.46,95,26.54
0916,9,16,344,276,80.23,68,19.77
0917,9,17,222,183,82.43,39,17.57
0918,9,18,244,202,82.79,42,17.21
0919,9,19,354,285,80.51,69,19.49
0920,9,20,315,256,81.27,59,18.73
0921,9,21,316,254,80.38,62,19.62
0922,9,22,384,317,82.55,67,17.45
0923,9,23,371,304,81.94,67,18.06
0924,9,24,346,285,82.37,61,17.63
0925,9,25,297,251,84.51,46,15.49
0926,9,26,304,243,79.93,61,20.07
0927,9,27,275,223,81.09,52,18.91
0928,9,28,224,180,80.36,44,19.64
0929,9,29,299,235,78.6,64,21.4
0930,9,30,292,237,81.16,55,18.84
0931,9,31,287,230,80.14,57,19.86
0932,9,32,348,283,81.32,65,18.68
0933,9,33,244,195,79.92,49,20.08
0934,9,34,285,232,81.4,53,18.6
0935,9,35,320,272,85.0,48,15.0
0936,9,36,295,230,77.97,65,22.03
0937,9,37,508,364,71.65,144,28.35
0938,9,38,320,250,78.13,70,21.88
0939,9,39,362,290,80.11,72,19.89
0940,9,40,381,324,85.04,57,14.96
0941,9,41,276,225,81.52,51,18.48
0942,9,42,366,319,87.16,47,12.84
0943,9,43,304,236,77.63,68,22.37
0944,9,44,323,267,82.66,56,17.34
0945,9,45,256,204,79.69,52,20.31
0946,9,46,331,267,80.66,64,19.34
0947,9,47,363,319,87.88,44,12.12
0948,9,48,341,292,85.63,49,14.37
0949,9,49,388,315,81.19,73,18.81
0950,9,50,472,408,86.44,64,13.56
0951,9,51,342,290,84.8,52,15.2
1001,10,1,278,227,81.65,51,18.35
1002,10,2,340,219,64.41,121,35.59
1003,10,3,366,234,63.93,132,36.07
1004,10,4,275,205,74.55,70,25.45
1005,10,5,286,206,72.03,80,27.97
1006,10,6,284,215,75.7,69,24.3
1007,10,7,268,207,77.24,61,22.76
1008,10,8,184,125,67.93,59,32.07
1009,10,9,343,230,67.06,113,32.94
1010,10,10,401,260,64.84,141,35.16
1011,10,11,467,342,73.23,125,26.77
1012,10,12,256,171,66.8,85,33.2
1013,10,13,323,243,75.23,80,24.77
1014,10,14,457,336,73.52,121,26.48
1015,10,15,627,524,83.57,103,16.43
1016,10,16,299,210,70.23,89,29.77
1017,10,17,468,309,66.03,159,33.97
1018,10,18,206,159,77.18,47,22.82
1019,10,19,367,260,70.84,107,29.16
1020,10,20,364,266,73.08,98,26.92
1021,10,21,362,259,71.55,103,28.45
1022,10,22,221,162,73.3,59,26.7
1023,10,23,309,237,76.7,72,23.3
1024,10,24,325,217,66.77,108,33.23
1025,10,25,108,88,81.48,20,18.52
1026,10,26,261,199,76.25,62,23.75
1027,10,27,308,237,76.95,71,23.05
1028,10,28,402,303,75.37,99,24.63
1029,10,29,383,301,78.59,82,21.41
1030,10,30,325,228,70.15,97,29.85
1031,10,31,318,235,73.9,83,26.1
1032,10,32,375,260,69.33,115,30.67
1033,10,33,291,206,70.79,85,29.21
1034,10,34,243,176,72.43,67,27.57
1035,10,35,374,261,69.79,113,30.21
1036,10,36,87,70,80.46,17,19.54
1101,11,1,366,266,72.68,100,27.32
1102,11,2,33,18,54.55,15,45.45
1103,11,3,419,323,77.09,96,22.91
1104,11,4,293,217,74.06,76,25.94
1105,11,5,560,392,70.0,168,30.0
1106,11,6,659,502,76.18,157,23.82
1107,11,7,396,314,79.29,82,20.71
1108,11,8,388,290,74.74,98,25.26
1109,11,9,376,265,70.48,111,29.52
1110,11,10,402,287,71.39,115,28.61
1111,11,11,466,324,69.53,142,30.47
1112,11,12,504,345,68.45,159,31.55
1113,11,13,470,307,65.32,163,34.68
1114,11,14,201,146,72.64,55,27.36
1115,11,15,146,114,78.08,32,21.92
1116,11,16,287,208,72.47,79,27.53
1117,11,17,504,361,71.63,143,28.37
1118,11,18,318,240,75.47,78,24.53
1119,11,19,562,390,69.4,172,30.6
1120,11,20,278,201,72.3,77,27.7
1121,11,21,471,326,69.21,145,30.79
1122,11,22,525,353,67.24,172,32.76
1123,11,23,207,144,69.57,63,30.43
1124,11,24,458,332,72.49,126,27.51
1125,11,25,504,349,69.25,155,30.75
1126,11,26,429,316,73.66,113,26.34
1127,11,27,167,124,74.25,43,25.75
1128,11,28,197,137,69.54,60,30.46
1129,11,29,485,329,67.84,156,32.16
1130,11,30,208,149,71.63,59,28.37
1131,11,31,359,245,68.25,114,31.75
1132,11,32,164,112,68.29,52,31.71
1133,11,33,529,415,78.45,114,21.55
1134,11,34,119,75,63.03,44,36.97
1135,11,35,64,44,68.75,20,31.25
1136,11,36,177,138,77.97,39,22.03
1137,11,37,112,80,71.43,32,28.57
1138,11,38,218,160,73.39,58,26.61
1201,12,1,362,242,66.85,120,33.15
1202,12,2,307,227,73.94,80,26.06
1203,12,3,452,324,71.68,128,28.32
1204,12,4,444,325,73.2,119,26.8
1205,12,5,315,221,70.16,94,29.84
1206,12,6,421,314,74.58,107,25.42
1207,12,7,360,262,72.78,98,27.22
1208,12,8,367,270,73.57,97,26.43
1209,12,9,311,231,74.28,80,25.72
1210,12,10,508,370,72.83,138,27.17
1211,12,11,404,276,68.32,128,31.68
1212,12,12,373,274,73.46,99,26.54
1213,12,13,404,300,74.26,104,25.74
1214,12,14,330,231,70.0,99,30.0
1215,12,15,337,245,72.7,92,27.3
1216,12,16,332,235,70.78,97,29.22
1217,12,17,456,320,70.18,136,29.82
1218,12,18,360,256,71.11,104,28.89
1219,12,19,357,259,72.55,98,27.45
1220,12,20,468,356,76.07,112,23.93
1221,12,21,403,289,71.71,114,28.29
1222,12,22,377,250,66.31,127,33.69
1223,12,23,381,282,74.02,99,25.98
1301,13,1,311,211,67.85,100,32.15
1302,13,2,253,176,69.57,77,30.43
1303,13,3,288,214,74.31,74,25.69
1304,13,4,371,224,60.38,147,39.62
1305,13,5,412,302,73.3,110,26.7
1306,13,6,274,169,61.68,105,38.32
1307,13,7,293,223,76.11,70,23.89
1308,13,8,268,181,67.54,87,32.46
1309,13,9,385,276,71.69,109,28.31
1310,13,10,278,161,57.91,117,42.09
1311,13,11,344,235,68.31,109,31.69
1312,13,12,310,213,68.71,97,31.29
1313,13,13,333,248,74.47,85,25.53
1314,13,14,332,249,75.0,83,25.0
1315,13,15,481,343,71.31,138,28.69
1316,13,16,262,192,73.28,70,26.72
1317,13,17,310,209,67.42,101,32.58
1318,13,18,283,192,67.84,91,32.16
1319,13,19,442,332,75.11,110,24.89
1320,13,20,230,144,62.61,86,37.39
1321,13,21,353,217,61.47,136,38.53
1322,13,22,342,229,66.96,113,33.04
1323,13,23,291,201,69.07,90,30.93
1324,13,24,346,236,68.21,110,31.79
1325,13,25,351,239,68.09,112,31.91
1326,13,26,350,243,69.43,107,30.57
1327,13,27,314,220,70.06,94,29.94
1328,13,28,265,191,72.08,74,27.92
1329,13,29,298,206,69.13,92,30.87
1330,13,30,273,212,77.66,61,22.34
1331,13,31,355,219,61.69,136,38.31
1332,13,32,288,170,59.03,118,40.97
1333,13,33,332,220,66.27,112,33.73
1334,13,34,345,267,77.39,78,22.61
1335,13,35,298,222,74.5,76,25.5
1336,13,36,254,178,70.08,76,29.92
1337,13,37,336,259,77.08,77,22.92
1338,13,38,274,171,62.41,103,37.59
1339,13,39,329,259,78.72,70,21.28
1340,13,40,317,237,74.76,80,25.24
1341,13,41,426,317,74.41,109,25.59
1342,13,42,325,198,60.92,127,39.08
1343,13,43,324,223,68.83,101,31.17
1344,13,44,357,257,71.99,100,28.01
1345,13,45,357,249,69.75,108,30.25
1346,13,46,400,291,72.75,109,27.25
1347,13,47,366,290,79.23,76,20.77
1348,13,48,271,183,67.53,88,32.47
1401,14,1,365,227,62.19,138,37.81
1402,14,2,523,401,76.67,122,23.33
1403,14,3,368,283,76.9,85,23.1
1404,14,4,349,197,56.45,152,43.55
1405,14,5,540,394,72.96,146,27.04
1406,14,6,211,151,71.56,60,28.44
1407,14,7,509,367,72.1,142,27.9
1408,14,8,467,332,71.09,135,28.91
1409,14,9,453,268,59.16,185,40.84
1410,14,10,284,204,71.83,80,28.17
1411,14,11,228,169,74.12,59,25.88
1412,14,12,400,288,72.0,112,28.0
1413,14,13,359,270,75.21,89,24.79
1414,14,14,362,279,77.07,83,22.93
1415,14,15,385,288,74.81,97,25.19
1416,14,16,267,193,72.28,74,27.72
1417,14,17,329,224,68.09,105,31.91
1418,14,18,180,138,76.67,42,23.33
1419,14,19,359,282,78.55,77,21.45
1420,14,20,313,237,75.72,76,24.28
1421,14,21,376,270,71.81,106,28.19
1422,14,22,490,352,71.84,138,28.16
1423,14,23,265,183,69.06,82,30.94
1424,14,24,405,276,68.15,129,31.85
1425,14,25,188,131,69.68,57,30.32
1426,14,26,286,212,74.13,74,25.87
1427,14,27,354,271,76.55,83,23.45
1428,14,28,335,240,71.64,95,28.36
1429,14,29,281,195,69.4,86,30.6
1430,14,30,266,202,75.94,64,24.06
1431,14,31,217,162,74.65,55,25.35
1501,15,1,326,232,71.17,94,28.83
1502,15,2,200,155,77.5,45,22.5
1503,15,3,215,163,75.81,52,24.19
1504,15,4,358,271,75.7,87,24.3
1505,15,5,340,241,70.88,99,29.12
1506,15,6,376,276,73.4,100,26.6
1507,15,7,186,134,72.04,52,27.96
1508,15,8,367,254,69.21,113,30.79
1509,15,9,474,351,74.05,123,25.95
1510,15,10,490,359,73.27,131,26.73
1511,15,11,437,312,71.4,125,28.6
1512,15,12,458,361,78.82,97,21.18
1513,15,13,368,250,67.93,118,32.07
1514,15,14,330,235,71.21,95,28.79
1515,15,15,318,227,71.38,91,28.62
1516,15,16,414,307,74.15,107,25.85
1517,15,17,198,159,80.3,39,19.7
1518,15,18,131,99,75.57,32,24.43
1519,15,19,297,235,79.12,62,20.88
1520,15,20,211,168,79.62,43,20.38
1521,15,21,162,128,79.01,34,20.99
1522,15,22,197,141,71.57,56,28.43
1523,15,23,218,177,81.19,41,18.81
1524,15,24,189,143,75.66,46,24.34
1601,16,1,450,353,78.44,97,21.56
1602,16,2,252,176,69.84,76,30.16
1603,16,3,229,181,79.04,48,20.96
1604,16,4,300,242,80.67,58,19.33
1605,16,5,202,155,76.73,47,23.27
1606,16,6,236,186,78.81,50,21.19
1607,16,7,278,217,78.06,61,21.94
1608,16,8,191,148,77.49,43,22.51
1609,16,9,266,214,80.45,52,19.55
1610,16,10,226,185,81.86,41,18.14
1611,16,11,298,223,74.83,75,25.17
1612,16,12,258,212,82.17,46,17.83
1613,16,13,336,242,72.02,94,27.98
1614,16,14,205,161,78.54,44,21.46
1615,16,15,260,192,73.85,68,26.15
1616,16,16,209,167,79.9,42,20.1
1617,16,17,389,299,76.86,90,23.14
1618,16,18,322,248,77.02,74,22.98
1619,16,19,263,204,77.57,59,22.43
1620,16,20,170,127,74.71,43,25.29
1621,16,21,227,193,85.02,34,14.98
1622,16,22,228,179,78.51,49,21.49
1623,16,23,370,275,74.32,95,25.68
1624,16,24,129,106,82.17,23,17.83
1625,16,25,311,239,76.85,72,23.15
1626,16,26,175,138,78.86,37,21.14
1627,16,27,186,148,79.57,38,20.43
1628,16,28,202,166,82.18,36,17.82
1629,16,29,200,154,77.0,46,23.0
1630,16,30,184,151,82.07,33,17.93
1631,16,31,241,191,79.25,50,20.75
1632,16,32,381,297,77.95,84,22.05
1633,16,33,189,156,82.54,33,17.46
1634,16,34,221,186,84.16,35,15.84
1635,16,35,416,317,76.2,99,23.8
1636,16,36,186,142,76.34,44,23.66
1701,17,1,363,272,74.93,91,25.07
1702,17,2,298,236,79.19,62,20.81
1703,17,3,302,244,80.79,58,19.21
1704,17,4,336,278,82.74,58,17.26
1705,17,5,250,190,76.0,60,24.0
1706,17,6,336,278,82.74,58,17.26
1707,17,7,353,268,75.92,85,24.08
1708,17,8,214,162,75.7,52,24.3
1709,17,9,245,192,78.37,53,21.63
1710,17,10,401,326,81.3,75,18.7
1711,17,11,241,188,78.01,53,21.99
1712,17,12,493,379,76.88,114,23.12
1713,17,13,225,181,80.44,44,19.56
1714,17,14,380,303,79.74,77,20.26
1715,17,15,332,265,79.82,67,20.18
1716,17,16,392,304,77.55,88,22.45
1717,17,17,337,255,75.67,82,24.33
1718,17,18,378,316,83.6,62,16.4
1719,17,19,195,149,76.41,46,23.59
1720,17,20,399,352,88.22,47,11.78
1721,17,21,379,311,82.06,68,17.94
1722,17,22,310,258,83.23,52,16.77
1723,17,23,216,177,81.94,39,18.06
1724,17,24,253,216,85.38,37,14.62
1725,17,25,263,204,77.57,59,22.43
1726,17,26,317,270,85.17,47,14.83
1727,17,27,193,163,84.46,30,15.54
1728,17,28,229,190,82.97,39,17.03
1729,17,29,291,234,80.41,57,19.59
1730,17,30,332,257,77.41,75,22.59
1731,17,31,207,177,85.51,30,14.49
1732,17,32,243,197,81.07,46,18.93
1733,17,33,192,142,73.96,50,26.04
1734,17,34,233,196,84.12,37,15.88
1735,17,35,216,171,79.17,45,20.83
1736,17,36,231,188,81.39,43,18.61
1737,17,37,256,209,81.64,47,18.36
1738,17,38,350,292,83.43,58,16.57
1739,17,39,291,239,82.13,52,17.87
1740,17,40,352,294,83.52,58,16.48
1741,17,41,428,362,84.58,66,15.42
1801,18,1,365,290,79.45,75,20.55
1802,18,2,436,322,73.85,114,26.15
1803,18,3,312,232,74.36,80,25.64
1804,18,4,388,315,81.19,73,18.81
1805,18,5,229,178,77.73,51,22.27
1806,18,6,335,233,69.55,102,30.45
1807,18,7,376,306,81.38,70,18.62
1808,18,8,380,312,82.11,68,17.89
1809,18,9,351,291,82.91,60,17.09
1810,18,10,463,395,85.31,68,14.69
1811,18,11,351,266,75.78,85,24.22
1812,18,12,360,298,82.78,62,17.22
1813,18,13,393,317,80.66,76,19.34
1814,18,14,377,309,81.96,68,18.04
1815,18,15,404,294,72.77,110,27.23
1816,18,16,357,293,82.07,64,17.93
1817,18,17,395,309,78.23,86,21.77
1818,18,18,275,226,82.18,49,17.82
1819,18,19,316,267,84.49,49,15.51
1820,18,20,253,208,82.21,45,17.79
1821,18,21,460,360,78.26,100,21.74
1822,18,22,397,337,84.89,60,15.11
1823,18,23,363,279,76.86,84,23.14
1824,18,24,351,245,69.8,106,30.2
1825,18,25,392,291,74.23,101,25.77
1826,18,26,462,389,84.2,73,15.8
1827,18,27,332,267,80.42,65,19.58
1828,18,28,326,235,72.09,91,27.91
1829,18,29,441,337,76.42,104,23.58
1830,18,30,451,301,66.74,150,33.26
1831,18,31,397,306,77.08,91,22.92
1832,18,32,372,318,85.48,54,14.52
1833,18,33,279,234,83.87,45,16.13
1834,18,34,419,353,84.25,66,15.75
1835,18,35,433,364,84.06,69,15.94
1836,18,36,400,292,73.0,108,27.0
1837,18,37,426,360,84.51,66,15.49
1838,18,38,328,276,84.15,52,15.85
1839,18,39,310,247,79.68,63,20.32
1840,18,40,397,305,76.83,92,23.17
1841,18,41,447,368,82.33,79,17.67
1842,18,42,322,244,75.78,78,24.22
1843,18,43,332,224,67.47,108,32.53
1844,18,44,332,231,69.58,101,30.42
1845,18,45,388,309,79.64,79,20.36
1846,18,46,436,295,67.66,141,32.34
1847,18,47,288,220,76.39,68,23.61
1848,18,48,279,223,79.93,56,20.07
1849,18,49,243,184,75.72,59,24.28
1850,18,50,266,205,77.07,61,22.93
1901,19,1,325,197,60.62,128,39.38
1902,19,2,517,413,79.88,104,20.12
1903,19,3,298,139,46.64,159,53.36
1904,19,4,436,219,50.23,217,49.77
1905,19,5,413,329,79.66,84,20.34
1906,19,6,410,220,53.66,190,46.34
1907,19,7,322,211,65.53,111,34.47
1908,19,8,401,210,52.37,191,47.63
1909,19,9,256,155,60.55,101,39.45
1910,19,10,488,392,80.33,96,19.67
1911,19,11,348,156,44.83,192,55.17
1912,19,12,299,150,50.17,149,49.83
1913,19,13,492,409,83.13,83,16.87
1914,19,14,408,312,76.47,96,23.53
1915,19,15,519,265,51.06,254,48.94
1916,19,16,368,180,48.91,188,51.09
1917,19,17,333,202,60.66,131,39.34
1918,19,18,377,311,82.49,66,17.51
1919,19,19,486,387,79.63,99,20.37
1920,19,20,335,284,84.78,51,15.22
1921,19,21,404,203,50.25,201,49.75
1922,19,22,408,311,76.23,97,23.77
1923,19,23,382,245,64.14,137,35.86
1924,19,24,287,149,51.92,138,48.08
1925,19,25,366,278,75.96,88,24.04
1926,19,26,355,267,75.21,88,24.79
1927,19,27,412,311,75.49,101,24.51
1928,19,28,477,382,80.08,95,19.92
1929,19,29,393,198,50.38,195,49.62
1930,19,30,373,199,53.35,174,46.65
1931,19,31,341,261,76.54,80,23.46
1932,19,32,351,197,56.13,154,43.87
1933,19,33,414,220,53.14,194,46.86
1934,19,34,331,255,77.04,76,22.96
1935,19,35,352,270,76.7,82,23.3
1936,19,36,552,441,79.89,111,20.11
1937,19,37,401,327,81.55,74,18.45
1938,19,38,366,283,77.32,83,22.68
1939,19,39,202,168,83.17,34,16.83
1940,19,40,427,334,78.22,93,21.78
1941,19,41,355,175,49.3,180,50.7
1942,19,42,325,267,82.15,58,17.85
1943,19,43,551,450,81.67,101,18.33
1944,19,44,422,208,49.29,214,50.71
1945,19,45,408,249,61.03,159,38.97
1946,19,46,343,212,61.81,131,38.19
1947,19,47,581,473,81.41,108,18.59
1948,19,48,472,391,82.84,81,17.16
1949,19,49,489,407,83.23,82,16.77
1950,19,50,340,212,62.35,128,37.65
1951,19,51,415,268,64.58,147,35.42
1952,19,52,478,245,51.26,233,48.74
1953,19,53,349,243,69.63,106,30.37
1954,19,54,294,141,47.96,153,52.04
1955,19,55,314,168,53.5,146,46.5
1956,19,56,420,340,80.95,80,19.05
1957,19,57,345,273,79.13,72,20.87
2001,20,1,388,303,78.09,85,21.91
2002,20,2,122,86,70.49,36,29.51
2003,20,3,345,276,80.0,69,20.0
2004,20,4,162,129,79.63,33,20.37
2005,20,5,411,319,77.62,92,22.38
2006,20,6,156,121,77.56,35,22.44
2007,20,7,434,366,84.33,68,15.67
2008,20,8,314,253,80.57,61,19.43
2009,20,9,500,404,80.8,96,19.2
2010,20,10,244,185,75.82,59,24.18
2011,20,11,466,357,76.61,109,23.39
2012,20,12,341,255,74.78,86,25.22
2013,20,13,309,243,78.64,66,21.36
2014,20,14,188,146,77.66,42,22.34
2015,20,15,361,268,74.24,93,25.76
2016,20,16,430,355,82.56,75,17.44
2017,20,17,243,169,69.55,74,30.45
2018,20,18,237,194,81.86,43,18.14
2019,20,19,383,295,77.02,88,22.98
2020,20,20,281,203,72.24,78,27.76
2021,20,21,290,216,74.48,74,25.52
2022,20,22,493,398,80.73,95,19.27
2023,20,23,210,172,81.9,38,18.1
2024,20,24,448,358,79.91,90,20.09
2025,20,25,236,184,77.97,52,22.03
2026,20,26,339,291,85.84,48,14.16
2027,20,27,173,140,80.92,33,19.08
2028,20,28,222,176,79.28,46,20.72
2029,20,29,238,187,78.57,51,21.43
2030,20,30,164,138,84.15,26,15.85
2031,20,31,407,322,79.12,85,20.88
2032,20,32,266,202,75.94,64,24.06
2033,20,33,227,190,83.7,37,16.3
2034,20,34,443,359,81.04,84,18.96
2035,20,35,261,202,77.39,59,22.61
2036,20,36,116,96,82.76,20,17.24
2037,20,37,117,99,84.62,18,15.38
2038,20,38,103,81,78.64,22,21.36
2039,20,39,27,20,74.07,7,25.93
2101,21,1,399,338,84.71,61,15.29
2102,21,2,237,177,74.68,60,25.32
2103,21,3,359,293,81.62,66,18.38
2104,21,4,302,253,83.77,49,16.23
2105,21,5,371,304,81.94,67,18.06
2106,21,6,288,237,82.29,51,17.71
2107,21,7,357,309,86.55,48,13.45
2108,21,8,363,299,82.37,64,17.63
2109,21,9,371,302,81.4,69,18.6
2110,21,10,300,254,84.67,46,15.33
2111,21,11,301,246,81.73,55,18.27
2112,21,12,307,257,83.71,50,16.29
2113,21,13,381,320,83.99,61,16.01
2114,21,14,391,324,82.86,67,17.14
2115,21,15,328,261,79.57,67,20.43
2116,21,16,313,255,81.47,58,18.53
2117,21,17,292,234,80.14,58,19.86
2118,21,18,321,268,83.49,53,16.51
2119,21,19,405,338,83.46,67,16.54
2120,21,20,314,274,87.26,40,12.74
2121,21,21,308,242,78.57,66,21.43
2122,21,22,318,257,80.82,61,19.18
2123,21,23,331,295,89.12,36,10.88
2124,21,24,381,320,83.99,61,16.01
2125,21,25,305,240,78.69,65,21.31
2126,21,26,350,273,78.0,77,22.0
2127,21,27,405,328,80.99,77,19.01
2128,21,28,430,349,81.16,81,18.84
2129,21,29,384,324,84.38,60,15.63
2130,21,30,300,224,74.67,76,25.33
2131,21,31,202,177,87.62,25,12.38
2132,21,32,260,215,82.69,45,17.31
2133,21,33,293,244,83.28,49,16.72
2134,21,34,332,277,83.43,55,16.57
2135,21,35,415,344,82.89,71,17.11
2136,21,36,349,291,83.38,58,16.62
2137,21,37,253,215,84.98,38,15.02
2138,21,38,357,287,80.39,70,19.61
2139,21,39,345,271,78.55,74,21.45
2140,21,40,330,264,80.0,66,20.0
2141,21,41,377,312,82.76,65,17.24
2142,21,42,389,316,81.23,73,18.77
2143,21,43,355,294,82.82,61,17.18
2144,21,44,377,306,81.17,71,18.83
2145,21,45,334,274,82.04,60,17.96
2146,21,46,374,306,81.82,68,18.18
2147,21,47,327,259,79.2,68,20.8
2148,21,48,348,294,84.48,54,15.52
2149,21,49,384,329,85.68,55,14.32
2150,21,50,266,213,80.08,53,19.92
2151,21,51,373,312,83.65,61,16.35
2152,21,52,350,269,76.86,81,23.14
2153,21,53,312,260,83.33,52,16.67
2154,21,54,282,231,81.91,51,18.09
2201,22,1,189,154,81.48,35,18.52
2202,22,2,441,307,69.61,134,30.39
2203,22,3,547,388,70.93,159,29.07
2204,22,4,298,213,71.48,85,28.52
2205,22,5,327,238,72.78,89,27.22
2206,22,6,326,234,71.78,92,28.22
2207,22,7,293,228,77.82,65,22.18
2208,22,8,500,398,79.6,102,20.4
2209,22,9,289,225,77.85,64,22.15
2210,22,10,452,320,70.8,132,29.2
2211,22,11,241,165,68.46,76,31.54
2212,22,12,280,192,68.57,88,31.43
2213,22,13,373,275,73.73,98,26.27
2214,22,14,290,213,73.45,77,26.55
2215,22,15,308,203,65.91,105,34.09
2216,22,16,291,223,76.63,68,23.37
2217,22,17,473,349,73.78,124,26.22
2218,22,18,330,235,71.21,95,28.79
2219,22,19,172,137,79.65,35,20.35
2220,22,20,387,291,75.19,96,24.81
2221,22,21,323,247,76.47,76,23.53
2222,22,22,346,248,71.68,98,28.32
2223,22,23,363,302,83.2,61,16.8
2224,22,24,424,319,75.24,105,24.76
2225,22,25,344,264,76.74,80,23.26
2301,23,1,319,190,59.56,129,40.44
2302,23,2,359,235,65.46,124,34.54
2303,23,3,308,182,59.09,126,40.91
2304,23,4,318,225,70.75,93,29.25
2305,23,5,367,284,77.38,83,22.62
2306,23,6,349,258,73.93,91,26.07
2307,23,7,359,268,74.65,91,25.35
2308,23,8,431,303,70.3,128,29.7
2309,23,9,355,268,75.49,87,24.51
2310,23,10,412,308,74.76,104,25.24
2311,23,11,413,318,77.0,95,23.0
2312,23,12,359,213,59.33,146,40.67
2313,23,13,344,241,70.06,103,29.94
2314,23,14,294,174,59.18,120,40.82
2315,23,15,319,230,72.1,89,27.9
2316,23,16,332,204,61.45,128,38.55
2317,23,17,287,213,74.22,74,25.78
2318,23,18,318,205,64.47,113,35.53
2319,23,19,312,220,70.51,92,29.49
2320,23,20,258,177,68.6,81,31.4
2321,23,21,295,179,60.68,116,39.32
2322,23,22,339,243,71.68,96,28.32
2323,23,23,329,203,61.7,126,38.3
2324,23,24,327,232,70.95,95,29.05
2325,23,25,318,225,70.75,93,29.25
2326,23,26,358,270,75.42,88,24.58
2327,23,27,294,182,61.9,112,38.1
2328,23,28,383,247,64.49,136,35.51
2329,23,29,299,194,64.88,105,35.12
2330,23,30,446,325,72.87,121,27.13
2331,23,31,304,216,71.05,88,28.95
2332,23,32,354,251,70.9,103,29.1
2333,23,33,399,300,75.19,99,24.81
2334,23,34,388,277,71.39,111,28.61
2335,23,35,248,155,62.5,93,37.5
2336,23,36,330,203,61.52,127,38.48
2337,23,37,367,214,58.31,153,41.69
2338,23,38,316,209,66.14,107,33.86
2339,23,39,393,311,79.13,82,20.87
2401,24,1,247,207,83.81,40,16.19
2402,24,2,292,240,82.19,52,17.81
2403,24,3,347,260,74.93,87,25.07
2404,24,4,243,190,78.19,53,21.81
2405,24,5,166,126,75.9,40,24.1
2406,24,6,325,259,79.69,66,20.31
2407,24,7,224,178,79.46,46,20.54
2408,24,8,135,104,77.04,31,22.96
2409,24,9,274,197,71.9,77,28.1
2410,24,10,143,110,76.92,33,23.08
2411,24,11,293,227,77.47,66,22.53
2412,24,12,187,143,76.47,44,23.53
2413,24,13,183,129,70.49,54,29.51
2414,24,14,235,181,77.02,54,22.98
2415,24,15,151,119,78.81,32,21.19
2416,24,16,873,581,66.55,292,33.45
2417,24,17,209,153,73.21,56,26.79
2418,24,18,252,207,82.14,45,17.86
2419,24,19,320,249,77.81,71,22.19
2420,24,20,259,208,80.31,51,19.69
2421,24,21,157,117,74.52,40,25.48
2422,24,22,349,269,77.08,80,22.92
2423,24,23,257,192,74.71,65,25.29
2424,24,24,344,236,68.6,108,31.4
2425,24,25,210,171,81.43,39,18.57
2426,24,26,420,341,81.19,79,18.81
2427,24,27,321,259,80.69,62,19.31
2428,24,28,186,148,79.57,38,20.43
2429,24,29,210,168,80.0,42,20.0
2430,24,30,189,152,80.42,37,19.58
2431,24,31,300,218,72.67,82,27.33
2432,24,32,149,125,83.89,24,16.11
2433,24,33,182,142,78.02,40,21.98
2434,24,34,272,204,75.0,68,25.0
2435,24,35,266,209,78.57,57,21.43
2436,24,36,334,263,78.74,71,21.26
2437,24,37,135,113,83.7,22,16.3
2438,24,38,254,193,75.98,61,24.02
2439,24,39,274,211,77.01,63,22.99
2440,24,40,334,249,74.55,85,25.45
2441,24,41,134,107,79.85,27,20.15
2501,25,1,356,272,76.4,84,23.6
2502,25,2,537,388,72.25,149,27.75
2503,25,3,707,565,79.92,142,20.08
2504,25,4,341,276,80.94,65,19.06
2505,25,5,433,302,69.75,131,30.25
2506,25,6,139,100,71.94,39,28.06
2507,25,7,438,341,77.85,97,22.15
2508,25,8,523,393,75.14,130,24.86
2509,25,9,441,329,74.6,112,25.4
2510,25,10,573,465,81.15,108,18.85
2511,25,11,497,368,74.04,129,25.96
2512,25,12,435,339,77.93,96,22.07
2513,25,13,509,392,77.01,117,22.99
2514,25,14,286,231,80.77,55,19.23
2515,25,15,379,265,69.92,114,30.08
2516,25,16,687,570,82.97,117,17.03
2517,25,17,450,343,76.22,107,23.78
2518,25,18,216,168,77.78,48,22.22
2519,25,19,461,333,72.23,128,27.77
2520,25,20,250,171,68.4,79,31.6
2521,25,21,849,694,81.74,155,18.26
2522,25,22,467,345,73.88,122,26.12
2523,25,23,509,388,76.23,121,23.77
2524,25,24,455,353,77.58,102,22.42
2525,25,25,379,284,74.93,95,25.07
2526,25,26,459,337,73.42,122,26.58
2527,25,27,561,445,79.32,116,20.68
2528,25,28,482,359,74.48,123,25.52
2529,25,29,332,258,77.71,74,22.29
2530,25,30,442,317,71.72,125,28.28
2531,25,31,803,638,79.45,165,20.55
2532,25,32,354,223,62.99,131,37.01
2601,26,1,367,291,79.29,76,20.71
2602,26,2,273,210,76.92,63,23.08
2603,26,3,417,329,78.9,88,21.1
2604,26,4,251,179,71.31,72,28.69
2605,26,5,315,233,73.97,82,26.03
2606,26,6,295,230,77.97,65,22.03
2607,26,7,334,260,77.84,74,22.16
2608,26,8,213,154,72.3,59,27.7
2609,26,9,287,211,73.52,76,26.48
2610,26,10,349,250,71.63,99,28.37
2611,26,11,320,230,71.88,90,28.13
2612,26,12,346,253,73.12,93,26.88
2613,26,13,194,150,77.32,44,22.68
2614,26,14,274,199,72.63,75,27.37
2615,26,15,213,157,73.71,56,26.29
2616,26,16,185,138,74.59,47,25.41
2617,26,17,308,234,75.97,74,24.03
2618,26,18,254,190,74.8,64,25.2
2619,26,19,210,155,73.81,55,26.19
2620,26,20,290,234,80.69,56,19.31
2621,26,21,423,322,76.12,101,23.88
2622,26,22,182,138,75.82,44,24.18
2623,26,23,245,178,72.65,67,27.35
2624,26,24,272,197,72.43,75,27.57
2625,26,25,250,185,74.0,65,26.0
2626,26,26,245,185,75.51,60,24.49
2627,26,27,378,280,74.07,98,25.93
2628,26,28,443,336,75.85,107,24.15
2629,26,29,176,132,75.0,44,25.0
2630,26,30,273,216,79.12,57,20.88
2631,26,31,157,106,67.52,51,32.48
2632,26,32,404,310,76.73,94,23.27
2633,26,33,366,289,78.96,77,21.04
2634,26,34,354,258,72.88,96,27.12
2635,26,35,275,219,79.64,56,20.36
2636,26,36,333,251,75.38,82,24.62
2637,26,37,351,285,81.2,66,18.8
2638,26,38,169,115,68.05,54,31.95
2639,26,39,388,296,76.29,92,23.71
2640,26,40,200,144,72.0,56,28.0
2641,26,41,387,312,80.62,75,19.38
2642,26,42,271,221,81.55,50,18.45
2643,26,43,217,158,72.81,59,27.19
2644,26,44,180,134,74.44,46,25.56
2645,26,45,177,125,70.62,52,29.38
2646,26,46,248,172,69.35,76,30.65
2647,26,47,240,186,77.5,54,22.5
2648,26,48,357,271,75.91,86,24.09
2649,26,49,210,162,77.14,48,22.86
2701,27,1,877,683,77.88,194,22.12
2702,27,2,407,312,76.66,95,23.34
2703,27,3,170,145,85.29,25,14.71
2704,27,4,209,164,78.47,45,21.53
2705,27,5,304,222,73.03,82,26.97
2706,27,6,456,375,82.24,81,17.76
2707,27,7,563,449,79.75,114,20.25
2708,27,8,321,249,77.57,72,22.43
2709,27,9,179,141,78.77,38,21.23
2710,27,10,256,213,83.2,43,16.8
2711,27,11,444,364,81.98,80,18.02
2712,27,12,298,248,83.22,50,16.78
2713,27,13,535,441,82.43,94,17.57
2714,27,14,197,154,78.17,43,21.83
2715,27,15,177,136,76.84,41,23.16
2716,27,16,450,346,76.89,104,23.11
2717,27,17,405,316,78.02,89,21.98
2718,27,18,247,183,74.09,64,25.91
2719,27,19,180,140,77.78,40,22.22
2720,27,20,273,196,71.79,77,28.21
2721,27,21,360,276,76.67,84,23.33
2722,27,22,155,113,72.9,42,27.1
2723,27,23,217,168,77.42,49,22.58
2724,27,24,253,197,77.87,56,22.13
2725,27,25,348,278,79.89,70,20.11
2726,27,26,253,202,79.84,51,20.16
2727,27,27,495,381,76.97,114,23.03
2728,27,28,500,408,81.6,92,18.4
2729,27,29,251,187,74.5,64,25.5
2730,27,30,171,127,74.27,44,25.73
2731,27,31,274,215,78.47,59,21.53
2732,27,32,363,291,80.17,72,19.83
2733,27,33,545,434,79.63,111,20.37
2734,27,34,195,147,75.38,48,24.62
2735,27,35,505,391,77.43,114,22.57
2736,27,36,267,209,78.28,58,21.72
2737,27,37,340,281,82.65,59,17.35
2738,27,38,510,413,80.98,97,19.02
2739,27,39,262,206,78.63,56,21.37
2740,27,40,535,404,75.51,131,24.49
2741,27,41,255,200,78.43,55,21.57
2742,27,42,261,212,81.23,49,18.77
2743,27,43,311,248,79.74,63,20.26
2744,27,44,265,210,79.25,55,20.75
2745,27,45,1097,896,81.68,201,18.32
2746,27,46,334,276,82.63,58,17.37
2747,27,47,237,196,82.7,41,17.3
2748,27,48,684,532,77.78,152,22.22
2749,27,49,266,217,81.58,49,18.42
2750,27,50,312,235,75.32,77,24.68
2801,28,1,208,165,79.33,43,20.67
2802,28,2,256,198,77.34,58,22.66
2803,28,3,224,185,82.59,39,17.41
2804,28,4,280,224,80.0,56,20.0
2805,28,5,179,138,77.09,41,22.91
2806,28,6,167,136,81.44,31,18.56
2807,28,7,284,230,80.99,54,19.01
2808,28,8,479,377,78.71,102,21.29
2809,28,9,279,215,77.06,64,22.94
2810,28,10,382,289,75.65,93,24.35
2811,28,11,694,541,77.95,153,22.05
2812,28,12,260,213,81.92,47,18.08
2813,28,13,274,218,79.56,56,20.44
2814,28,14,278,228,82.01,50,17.99
2815,28,15,52,43,82.69,9,17.31
2816,28,16,178,139,78.09,39,21.91
2817,28,17,246,193,78.46,53,21.54
2818,28,18,242,192,79.34,50,20.66
2819,28,19,281,205,72.95,76,27.05
2820,28,20,236,169,71.61,67,28.39
2821,28,21,252,194,76.98,58,23.02
2822,28,22,263,207,78.71,56,21.29
2823,28,23,333,252,75.68,81,24.32
2824,28,24,245,181,73.88,64,26.12
2825,28,25,431,353,81.9,78,18.1
2826,28,26,249,186,74.7,63,25.3
2827,28,27,305,240,78.69,65,21.31
2828,28,28,393,312,79.39,81,20.61
2829,28,29,155,116,74.84,39,25.16
2830,28,30,46,38,82.61,8,17.39
2831,28,31,309,253,81.88,56,18.12
2832,28,32,273,204,74.73,69,25.27
2833,28,33,302,228,75.5,74,24.5
2834,28,34,511,388,75.93,123,24.07
2835,28,35,310,243,78.39,67,21.61
2836,28,36,138,113,81.88,25,18.12
2837,28,37,307,241,78.5,66,21.5
2838,28,38,121,101,83.47,20,16.53
2839,28,39,212,158,74.53,54,25.47
2840,28,40,361,295,81.72,66,18.28
2841,28,41,184,136,73.91,48,26.09
2842,28,42,290,227,78.28,63,21.72
2843,28,43,327,270,82.57,57,17.43
2844,28,44,217,151,69.59,66,30.41
2845,28,45,453,357,78.81,96,21.19
2846,28,46,575,443,77.04,132,22.96
2901,29,1,524,413,78.82,111,21.18
2902,29,2,440,367,83.41,73,16.59
2903,29,3,308,249,80.84,59,19.16
2904,29,4,428,343,80.14,85,19.86
2905,29,5,273,212,77.66,61,22.34
2906,29,6,265,221,83.4,44,16.6
2907,29,7,385,311,80.78,74,19.22
2908,29,8,341,280,82.11,61,17.89
2909,29,9,421,334,79.33,87,20.67
2910,29,10,489,395,80.78,94,19.22
2911,29,11,197,168,85.28,29,14.72
2912,29,12,456,372,81.58,84,18.42
2913,29,13,338,264,78.11,74,21.89
2914,29,14,321,260,81.0,61,19.0
2915,29,15,414,322,77.78,92,22.22
2916,29,16,349,284,81.38,65,18.62
2917,29,17,355,244,68.73,111,31.27
2918,29,18,336,275,81.85,61,18.15
2919,29,19,356,289,81.18,67,18.82
2920,29,20,384,308,80.21,76,19.79
2921,29,21,448,334,74.55,114,25.45
2922,29,22,271,207,76.38,64,23.62
2923,29,23,446,327,73.32,119,26.68
2924,29,24,356,298,83.71,58,16.29
2925,29,25,424,342,80.66,82,19.34
2926,29,26,339,292,86.14,47,13.86
2927,29,27,333,261,78.38,72,21.62
2928,29,28,428,351,82.01,77,17.99
2929,29,29,438,297,67.81,141,32.19
2930,29,30,514,399,77.63,115,22.37
2931,29,31,395,266,67.34,129,32.66
2932,29,32,401,286,71.32,115,28.68
2933,29,33,248,206,83.06,42,16.94
2934,29,34,262,196,74.81,66,25.19
2935,29,35,286,207,72.38,79,27.62
2936,29,36,335,253,75.52,82,24.48
2937,29,37,347,258,74.35,89,25.65
2938,29,38,473,359,75.9,114,24.1
2939,29,39,401,285,71.07,116,28.93
2940,29,40,407,339,83.29,68,16.71
2941,29,41,319,250,78.37,69,21.63
2942,29,42,398,316,79.4,82,20.6
2943,29,43,469,363,77.4,106,22.6
2944,29,44,385,300,77.92,85,22.08
3001,30,1,459,344,74.95,115,25.05
3002,30,2,408,311,76.23,97,23.77
3003,30,3,353,266,75.35,87,24.65
3004,30,4,402,291,72.39,111,27.61
3005,30,5,336,241,71.73,95,28.27
3006,30,6,282,198,70.21,84,29.79
3007,30,7,459,317,69.06,142,30.94
3008,30,8,515,372,72.23,143,27.77
3009,30,9,348,268,77.01,80,22.99
3010,30,10,392,303,77.3,89,22.7
3011,30,11,418,314,75.12,104,24.88
3012,30,12,382,283,74.08,99,25.92
3013,30,13,418,309,73.92,109,26.08
3014,30,14,298,218,73.15,80,26.85
3015,30,15,372,302,81.18,70,18.82
3016,30,16,227,165,72.69,62,27.31
3017,30,17,426,310,72.77,116,27.23
3018,30,18,524,398,75.95,126,24.05
3019,30,19,446,314,70.4,132,29.6
3020,30,20,441,312,70.75,129,29.25
3021,30,21,287,201,70.03,86,29.97
3022,30,22,619,469,75.77,150,24.23
3023,30,23,533,394,73.92,139,26.08
3024,30,24,600,441,73.5,159,26.5
3025,30,25,630,458,72.7,172,27.3
3026,30,26,263,183,69.58,80,30.42
3027,30,27,301,230,76.41,71,23.59
3028,30,28,435,333,76.55,102,23.45
3029,30,29,298,216,72.48,82,27.52
3030,30,30,181,140,77.35,41,22.65
3031,30,31,263,181,68.82,82,31.18
3032,30,32,339,260,76.7,79,23.3
3101,31,1,270,192,71.11,78,28.89
3102,31,2,255,194,76.08,61,23.92
3103,31,3,267,204,76.4,63,23.6
3104,31,4,357,286,80.11,71,19.89
3105,31,5,312,235,75.32,77,24.68
3106,31,6,193,144,74.61,49,25.39
3107,31,7,402,309,76.87,93,23.13
3108,31,8,265,194,73.21,71,26.79
3109,31,9,315,238,75.56,77,24.44
3110,31,10,340,277,81.47,63,18.53
3111,31,11,210,151,71.9,59,28.1
3112,31,12,237,161,67.93,76,32.07
3113,31,13,312,231,74.04,81,25.96
3114,31,14,271,210,77.49,61,22.51
3115,31,15,292,205,70.21,87,29.79
3116,31,16,349,264,75.64,85,24.36
3117,31,17,263,205,77.95,58,22.05
3118,31,18,267,193,72.28,74,27.72
3119,31,19,257,175,68.09,82,31.91
3120,31,20,248,172,69.35,76,30.65
3121,31,21,253,189,74.7,64,25.3
3122,31,22,238,168,70.59,70,29.41
3123,31,23,310,253,81.61,57,18.39
3124,31,24,288,223,77.43,65,22.57
3125,31,25,295,219,74.24,76,25.76
3126,31,26,287,210,73.17,77,26.83
3127,31,27,299,234,78.26,65,21.74
3128,31,28,272,199,73.16,73,26.84
3129,31,29,273,199,72.89,74,27.11
3130,31,30,239,192,80.33,47,19.67
3131,31,31,236,173,73.31,63,26.69
3132,31,32,229,161,70.31,68,29.69
3133,31,33,266,208,78.2,58,21.8
3134,31,34,286,213,74.48,73,25.52
3135,31,35,340,239,70.29,101,29.71
3136,31,36,279,213,76.34,66,23.66
3137,31,37,271,198,73.06,73,26.94
3138,31,38,257,203,78.99,54,21.01
3139,31,39,318,237,74.53,81,25.47
3140,31,40,325,229,70.46,96,29.54
3141,31,41,268,204,76.12,64,23.88
3201,32,1,648,496,76.54,152,23.46
3202,32,2,574,467,81.36,107,18.64
3203,32,3,543,423,77.9,120,22.1
3204,32,4,448,367,81.92,81,18.08
3205,32,5,545,446,81.83,99,18.17
3206,32,6,598,503,84.11,95,15.89
3207,32,7,584,465,79.62,119,20.38
3208,32,8,619,525,84.81,94,15.19
3209,32,9,511,403,78.86,108,21.14
3210,32,10,563,417,74.07,146,25.93
3211,32,11,458,364,79.48,94,20.52
3212,32,12,341,272,79.77,69,20.23
3213,32,13,558,444,79.57,114,20.43
3214,32,14,539,430,79.78,109,20.22
3215,32,15,476,376,78.99,100,21.01
3216,32,16,479,384,80.17,95,19.83
3217,32,17,486,381,78.4,105,21.6
3218,32,18,491,398,81.06,93,18.94
3219,32,19,477,382,80.08,95,19.92
3220,32,20,485,388,80.0,97,20.0
3221,32,21,511,422,82.58,89,17.42
3222,32,22,632,499,78.96,133,21.04
3223,32,23,536,445,83.02,91,16.98
3224,32,24,435,347,79.77,88,20.23
3225,32,25,503,417,82.9,86,17.1
3226,32,26,517,419,81.04,98,18.96
3227,32,27,518,422,81.47,96,18.53
3228,32,28,530,424,80.0,106,20.0
3229,32,29,529,421,79.58,108,20.42
3230,32,30,503,386,76.74,117,23.26
3231,32,31,540,426,78.89,114,21.11
3232,32,32,603,497,82.42,106,17.58
3233,32,33,450,377,83.78,73,16.22
3234,32,34,565,446,78.94,119,21.06
3235,32,35,489,407,83.23,82,16.77
3236,32,36,522,413,79.12,109,20.88
3237,32,37,600,467,77.83,133,22.17
3238,32,38,488,380,77.87,108,22.13
3239,32,39,563,449,79.75,114,20.25
3240,32,40,516,416,80.62,100,19.38
3241,32,41,536,421,78.54,115,21.46
3242,32,42,477,375,78.62,102,21.38
3243,32,43,464,364,78.45,100,21.55
3301,33,1,567,433,76.37,134,23.63
3302,33,2,696,524,75.29,172,24.71
3303,33,3,749,573,76.5,176,23.5
3304,33,4,709,532,75.04,177,24.96
3305,33,5,507,379,74.75,128,25.25
3306,33,6,483,345,71.43,138,28.57
3307,33,7,568,450,79.23,118,20.77
3308,33,8,669,523,78.18,146,21.82
3309,33,9,601,469,78.04,132,21.96
3310,33,10,448,332,74.11,116,25.89
3311,33,11,537,422,78.58,115,21.42
3312,33,12,549,431,78.51,118,21.49
3313,33,13,526,385,73.19,141,26.81
3314,33,14,262,197,75.19,65,24.81
3315,33,15,564,435,77.13,129,22.87
3316,33,16,722,567,78.53,155,21.47
3317,33,17,562,437,77.76,125,22.24
3318,33,18,761,589,77.4,172,22.6
3319,33,19,635,474,74.65,161,25.35
3320,33,20,687,544,79.18,143,20.82
3321,33,21,592,444,75.0,148,25.0
3322,33,22,499,370,74.15,129,25.85
3323,33,23,610,471,77.21,139,22.79
3324,33,24,670,547,81.64,123,18.36
3325,33,25,650,517,79.54,133,20.46
3326,33,26,390,296,75.9,94,24.1
3327,33,27,635,478,75.28,157,24.72
3328,33,28,500,398,79.6,102,20.4
3401,34,1,405,332,81.98,73,18.02
3402,34,2,313,270,86.26,43,13.74
3403,34,3,360,294,81.67,66,18.33
3404,34,4,273,237,86.81,36,13.19
3405,34,5,312,263,84.29,49,15.71
3406,34,6,409,341,83.37,68,16.63
3407,34,7,384,315,82.03,69,17.97
3408,34,8,307,263,85.67,44,14.33
3409,34,9,240,192,80.0,48,20.0
3410,34,10,305,261,85.57,44,14.43
3411,34,11,317,257,81.07,60,18.93
3412,34,12,377,319,84.62,58,15.38
3413,34,13,370,305,82.43,65,17.57
3414,34,14,277,225,81.23,52,18.77
3415,34,15,321,265,82.55,56,17.45
3416,34,16,325,256,78.77,69,21.23
3417,34,17,438,380,86.76,58,13.24
3418,34,18,225,177,78.67,48,21.33
3419,34,19,394,326,82.74,68,17.26
3420,34,20,420,361,85.95,59,14.05
3421,34,21,429,364,84.85,65,15.15
3422,34,22,362,315,87.02,47,12.98
3423,34,23,312,263,84.29,49,15.71
3424,34,24,313,256,81.79,57,18.21
3425,34,25,536,458,85.45,78,14.55
3426,34,26,421,353,83.85,68,16.15
3427,34,27,287,231,80.49,56,19.51
3428,34,28,226,182,80.53,44,19.47
3429,34,29,292,237,81.16,55,18.84
3430,34,30,347,306,88.18,41,11.82
3431,34,31,283,233,82.33,50,17.67
3432,34,32,359,301,83.84,58,16.16
3433,34,33,301,247,82.06,54,17.94
3434,34,34,421,361,85.75,60,14.25
3435,34,35,448,371,82.81,77,17.19
3436,34,36,324,273,84.26,51,15.74
3437,34,37,209,161,77.03,48,22.97
3438,34,38,181,127,70.17,54,29.83
3439,34,39,277,214,77.26,63,22.74
3440,34,40,383,322,84.07,61,15.93
3441,34,41,220,175,79.55,45,20.45
3442,34,42,360,311,86.39,49,13.61
3443,34,43,333,289,86.79,44,13.21
3444,34,44,314,274,87.26,40,12.74
3445,34,45,363,297,81.82,66,18.18
3446,34,46,245,211,86.12,34,13.88
3447,34,47,322,279,86.65,43,13.35
3448,34,48,371,322,86.79,49,13.21
3449,34,49,333,291,87.39,42,12.61
3450,34,50,289,250,86.51,39,13.49
3451,34,51,417,345,82.73,72,17.27
3452,34,52,284,248,87.32,36,12.68
3453,34,53,251,207,82.47,44,17.53
3501,35,1,454,339,74.67,115,25.33
3502,35,2,469,373,79.53,96,20.47
3503,35,3,423,320,75.65,103,24.35
3504,35,4,468,357,76.28,111,23.72
3505,35,5,388,307,79.12,81,20.88
3506,35,6,495,384,77.58,111,22.42
3507,35,7,469,369,78.68,100,21.32
3508,35,8,465,358,76.99,107,23.01
3509,35,9,402,311,77.36,91,22.64
3510,35,10,523,418,79.92,105,20.08
3511,35,11,512,387,75.59,125,24.41
3512,35,12,313,232,74.12,81,25.88
3513,35,13,328,245,74.7,83,25.3
3514,35,14,372,271,72.85,101,27.15
3515,35,15,560,430,76.79,130,23.21
3516,35,16,248,185,74.6,63,25.4
3517,35,17,457,346,75.71,111,24.29
3518,35,18,319,242,75.86,77,24.14
3519,35,19,291,227,78.01,64,21.99
3520,35,20,470,382,81.28,88,18.72
3521,35,21,471,361,76.65,110,23.35
3522,35,22,579,451,77.89,128,22.11
3523,35,23,465,353,75.91,112,24.09
3524,35,24,415,310,74.7,105,25.3
3525,35,25,469,352,75.05,117,24.95
3526,35,26,406,292,71.92,114,28.08
3527,35,27,412,304,73.79,108,26.21
3528,35,28,459,359,78.21,100,21.79
3529,35,29,431,331,76.8,100,23.2
3530,35,30,421,307,72.92,114,27.08
3531,35,31,492,371,75.41,121,24.59
3601,36,1,381,288,75.59,93,24.41
3602,36,2,373,274,73.46,99,26.54
3603,36,3,348,237,68.1,111,31.9
3604,36,4,437,335,76.66,102,23.34
3605,36,5,347,257,74.06,90,25.94
3606,36,6,346,263,76.01,83,23.99
3607,36,7,387,266,68.73,121,31.27
3608,36,8,324,229,70.68,95,29.32
3609,36,9,380,271,71.32,109,28.68
3610,36,10,496,365,73.59,131,26.41
3611,36,11,275,188,68.36,87,31.64
3612,36,12,245,175,71.43,70,28.57
3613,36,13,269,200,74.35,69,25.65
3614,36,14,426,305,71.6,121,28.4
3615,36,15,375,292,77.87,83,22.13
3616,36,16,378,278,73.54,100,26.46
3617,36,17,466,345,74.03,121,25.97
3618,36,18,402,289,71.89,113,28.11
3619,36,19,497,365,73.44,132,26.56
3620,36,20,441,324,73.47,117,26.53
3621,36,21,351,236,67.24,115,32.76
3622,36,22,363,256,70.52,107,29.48
3623,36,23,352,251,71.31,101,28.69
3624,36,24,450,326,72.44,124,27.56
3625,36,25,405,296,73.09,109,26.91
3626,36,26,357,251,70.31,106,29.69
3627,36,27,324,249,76.85,75,23.15
3628,36,28,342,253,73.98,89,26.02
3629,36,29,414,287,69.32,127,30.68
3630,36,30,371,263,70.89,108,29.11
3701,37,1,202,161,79.7,41,20.3
3702,37,2,301,223,74.09,78,25.91
3703,37,3,225,161,71.56,64,28.44
3704,37,4,268,190,70.9,78,29.1
3705,37,5,319,248,77.74,71,22.26
3706,37,6,217,184,84.79,33,15.21
3707,37,7,252,205,81.35,47,18.65
3708,37,8,224,182,81.25,42,18.75
3709,37,9,310,245,79.03,65,20.97
3710,37,10,403,309,76.67,94,23.33
3711,37,11,199,153,76.88,46,23.12
3712,37,12,296,227,76.69,69,23.31
3713,37,13,235,187,79.57,48,20.43
3714,37,14,373,301,80.7,72,19.3
3715,37,15,331,272,82.18,59,17.82
3716,37,16,356,283,79.49,73,20.51
3717,37,17,237,197,83.12,40,16.88
3718,37,18,273,211,77.29,62,22.71
3719,37,19,242,193,79.75,49,20.25
3720,37,20,286,227,79.37,59,20.63
3721,37,21,246,195,79.27,51,20.73
3722,37,22,292,219,75.0,73,25.0
3723,37,23,312,257,82.37,55,17.63
3724,37,24,306,247,80.72,59,19.28
3725,37,25,275,202,73.45,73,26.55
3726,37,26,429,329,76.69,100,23.31
3727,37,27,315,251,79.68,64,20.32
3728,37,28,279,218,78.14,61,21.86
3729,37,29,279,221,79.21,58,20.79
3730,37,30,284,225,79.23,59,20.77
3731,37,31,369,301,81.57,68,18.43
3732,37,32,281,244,86.83,37,13.17
3733,37,33,234,187,79.91,47,20.09
3734,37,34,276,202,73.19,74,26.81
3735,37,35,323,270,83.59,53,16.41
3736,37,36,215,163,75.81,52,24.19
3737,37,37,316,255,80.7,61,19.3
3738,37,38,334,246,73.65,88,26.35
3739,37,39,262,209,79.77,53,20.23
3740,37,40,328,264,80.49,64,19.51
3741,37,41,311,253,81.35,58,18.65
3801,38,1,379,285,75.2,94,24.8
3802,38,2,366,238,65.03,128,34.97
3803,38,3,385,251,65.19,134,34.81
3804,38,4,370,255,68.92,115,31.08
3805,38,5,360,243,67.5,117,32.5
3806,38,6,388,249,64.18,139,35.82
3807,38,7,361,241,66.76,120,33.24
3808,38,8,381,260,68.24,121,31.76
3809,38,9,464,315,67.89,149,32.11
3810,38,10,352,231,65.63,121,34.38
3811,38,11,352,257,73.01,95,26.99
3812,38,12,345,209,60.58,136,39.42
3813,38,13,439,305,69.48,134,30.52
3814,38,14,423,297,70.21,126,29.79
3815,38,15,360,262,72.78,98,27.22
3816,38,16,386,247,63.99,139,36.01
3817,38,17,460,290,63.04,170,36.96
3818,38,18,400,272,68.0,128,32.0
3819,38,19,418,313,74.88,105,25.12
3820,38,20,390,248,63.59,142,36.41
3821,38,21,398,292,73.37,106,26.63
3822,38,22,355,270,76.06,85,23.94
3823,38,23,409,285,69.68,124,30.32
3824,38,24,380,253,66.58,127,33.42
3825,38,25,367,253,68.94,114,31.06
3826,38,26,401,294,73.32,107,26.68
3827,38,27,376,235,62.5,141,37.5
3828,38,28,482,296,61.41,186,38.59
3829,38,29,404,287,71.04,117,28.96
3830,38,30,393,250,63.61,143,36.39
3831,38,31,414,321,77.54,93,22.46
3832,38,32,379,280,73.88,99,26.12
3833,38,33,329,233,70.82,96,29.18
3834,38,34,359,257,71.59,102,28.41
3835,38,35,374,278,74.33,96,25.67
3836,38,36,364,270,74.18,94,25.82
3837,38,37,386,250,64.77,136,35.23
3838,38,38,390,280,71.79,110,28.21
3839,38,39,423,312,73.76,111,26.24
3840,38,40,403,270,67.0,133,33.0
3841,38,41,352,272,77.27,80,22.73
3901,39,1,378,267,70.63,111,29.37
3902,39,2,245,205,83.67,40,16.33
3903,39,3,466,360,77.25,106,22.75
3904,39,4,380,258,67.89,122,32.11
3905,39,5,422,306,72.51,116,27.49
3906,39,6,437,310,70.94,127,29.06
3907,39,7,367,288,78.47,79,21.53
3908,39,8,421,325,77.2,96,22.8
3909,39,9,370,286,77.3,84,22.7
3910,39,10,195,161,82.56,34,17.44
3911,39,11,391,292,74.68,99,25.32
3912,39,12,562,419,74.56,143,25.44
3913,39,13,333,251,75.38,82,24.62
3914,39,14,424,311,73.35,113,26.65
3915,39,15,458,320,69.87,138,30.13
3916,39,16,369,283,76.69,86,23.31
3917,39,17,413,316,76.51,97,23.49
3918,39,18,408,322,78.92,86,21.08
3919,39,19,390,301,77.18,89,22.82
3920,39,20,507,341,67.26,166,32.74
3921,39,21,401,259,64.59,142,35.41
3922,39,22,408,323,79.17,85,20.83
3923,39,23,414,281,67.87,133,32.13
3924,39,24,501,336,67.07,165,32.93
3925,39,25,346,270,78.03,76,21.97
3926,39,26,365,255,69.86,110,30.14
3927,39,27,57,42,73.68,15,26.32
3928,39,28,515,404,78.45,111,21.55
3929,39,29,217,167,76.96,50,23.04
3930,39,30,511,421,82.39,90,17.61
3931,39,31,365,285,78.08,80,21.92
3932,39,32,302,220,72.85,82,27.15
3933,39,33,421,333,79.1,88,20.9
3934,39,34,484,348,71.9,136,28.1
3935,39,35,410,322,78.54,88,21.46
3936,39,36,99,82,82.83,17,17.17
3937,39,37,368,285,77.45,83,22.55
3938,39,38,208,163,78.37,45,21.63
3939,39,39,255,198,77.65,57,22.35
3940,39,40,406,284,69.95,122,30.05
3941,39,41,408,300,73.53,108,26.47
3942,39,42,414,317,76.57,97,23.43
3943,39,43,412,274,66.5,138,33.5
3944,39,44,320,226,70.63,94,29.38
3945,39,45,347,247,71.18,100,28.82
4001,40,1,412,322,78.16,90,21.84
4002,40,2,480,373,77.71,107,22.29
4003,40,3,598,460,76.92,138,23.08
4004,40,4,283,225,79.51,58,20.49
4005,40,5,538,433,80.48,105,19.52
4006,40,6,557,443,79.53,114,20.47
4007,40,7,454,357,78.63,97,21.37
4008,40,8,624,516,82.69,108,17.31
4009,40,9,364,287,78.85,77,21.15
4010,40,10,518,396,76.45,122,23.55
4011,40,11,489,376,76.89,113,23.11
4012,40,12,400,331,82.75,69,17.25
4013,40,13,698,560,80.23,138,19.77
4014,40,14,427,329,77.05,98,22.95
4015,40,15,441,345,78.23,96,21.77
4016,40,16,634,490,77.29,144,22.71
4017,40,17,390,314,80.51,76,19.49
4018,40,18,376,294,78.19,82,21.81
4019,40,19,577,427,74.0,150,26.0
4020,40,20,487,378,77.62,109,22.38
4021,40,21,543,458,84.35,85,15.65
4022,40,22,583,483,82.85,100,17.15
4023,40,23,574,478,83.28,96,16.72
4024,40,24,444,351,79.05,93,20.95
4025,40,25,563,430,76.38,133,23.62
4026,40,26,495,406,82.02,89,17.98
4027,40,27,587,458,78.02,129,21.98
4028,40,28,514,412,80.16,102,19.84
4029,40,29,483,365,75.57,118,24.43
4030,40,30,383,308,80.42,75,19.58
4031,40,31,540,447,82.78,93,17.22
4032,40,32,528,441,83.52,87,16.48
4033,40,33,470,382,81.28,88,18.72
4034,40,34,399,309,77.44,90,22.56
4035,40,35,320,255,79.69,65,20.31
4036,40,36,405,321,79.26,84,20.74
4037,40,37,505,400,79.21,105,20.79
4038,40,38,600,477,79.5,123,20.5
4039,40,39,192,151,78.65,41,21.35
4101,41,1,408,220,53.92,188,46.08
4102,41,2,451,254,56.32,197,43.68
4103,41,3,413,271,65.62,142,34.38
4104,41,4,405,273,67.41,132,32.59
4105,41,5,493,329,66.73,164,33.27
4106,41,6,474,331,69.83,143,30.17
4107,41,7,433,276,63.74,157,36.26
4108,41,8,423,260,61.47,163,38.53
4109,41,9,363,232,63.91,131,36.09
4110,41,10,426,274,64.32,152,35.68
4111,41,11,450,249,55.33,201,44.67
4112,41,12,449,311,69.27,138,30.73
4113,41,13,469,298,63.54,171,36.46
4114,41,14,442,317,71.72,125,28.28
4115,41,15,505,351,69.5,154,30.5
4116,41,16,407,254,62.41,153,37.59
4117,41,17,368,243,66.03,125,33.97
4118,41,18,374,231,61.76,143,38.24
4119,41,19,435,320,73.56,115,26.44
4120,41,20,311,209,67.2,102,32.8
4121,41,21,449,296,65.92,153,34.08
4122,41,22,478,297,62.13,181,37.87
4123,41,23,399,255,63.91,144,36.09
4124,41,24,408,254,62.25,154,37.75
4125,41,25,380,256,67.37,124,32.63
4126,41,26,391,252,64.45,139,35.55
4127,41,27,368,233,63.32,135,36.68
4128,41,28,411,279,67.88,132,32.12
4129,41,29,335,229,68.36,106,31.64
4130,41,30,365,238,65.21,127,34.79
4131,41,31,365,248,67.95,117,32.05
4132,41,32,375,241,64.27,134,35.73
4133,41,33,397,250,62.97,147,37.03
4134,41,34,373,224,60.05,149,39.95
4135,41,35,483,288,59.63,195,40.37
4136,41,36,424,264,62.26,160,37.74
4137,41,37,472,325,68.86,147,31.14
4138,41,38,412,252,61.17,160,38.83
4139,41,39,417,249,59.71,168,40.29
4140,41,40,463,254,54.86,209,45.14
4141,41,41,441,286,64.85,155,35.15
4142,41,42,412,260,63.11,152,36.89
4143,41,43,398,250,62.81,148,37.19
4144,41,44,428,238,55.61,190,44.39
4145,41,45,420,269,64.05,151,35.95
4146,41,46,411,251,61.07,160,38.93
4147,41,47,411,269,65.45,142,34.55
4201,42,1,396,336,84.85,60,15.15
4202,42,2,593,495,83.47,98,16.53
4203,42,3,507,413,81.46,94,18.54
4204,42,4,1118,924,82.65,194,17.35
4205,42,5,390,325,83.33,65,16.67
4206,42,6,456,367,80.48,89,19.52
4207,42,7,567,470,82.89,97,17.11
4208,42,8,370,292,78.92,78,21.08
4209,42,9,663,544,82.05,119,17.95
4210,42,10,694,563,81.12,131,18.88
4211,42,11,319,268,84.01,51,15.99
4212,42,12,382,324,84.82,58,15.18
4213,42,13,375,302,80.53,73,19.47
4214,42,14,665,550,82.71,115,17.29
4215,42,15,649,519,79.97,130,20.03
4216,42,16,489,372,76.07,117,23.93
4217,42,17,764,609,79.71,155,20.29
4218,42,18,646,529,81.89,117,18.11
4219,42,19,587,484,82.45,103,17.55
4220,42,20,582,454,78.01,128,21.99
4221,42,21,618,513,83.01,105,16.99
4222,42,22,272,227,83.46,45,16.54
4223,42,23,492,385,78.25,107,21.75
4224,42,24,428,354,82.71,74,17.29
4225,42,25,568,436,76.76,132,23.24
4226,42,26,770,626,81.3,144,18.7
4227,42,27,338,247,73.08,91,26.92
4228,42,28,532,427,80.26,105,19.74
4229,42,29,583,457,78.39,126,21.61
4230,42,30,369,308,83.47,61,16.53
4231,42,31,558,448,80.29,110,19.71
4232,42,32,597,470,78.73,127,21.27
4233,42,33,570,455,79.82,115,20.18
4234,42,34,371,297,80.05,74,19.95
4235,42,35,598,478,79.93,120,20.07
4236,42,36,897,681,75.92,216,24.08
4237,42,37,378,285,75.4,93,24.6
4238,42,38,482,385,79.88,97,20.12
4239,42,39,868,722,83.18,146,16.82
4240,42,40,724,602,83.15,122,16.85
4241,42,41,517,415,80.27,102,19.73
4242,42,42,875,746,85.26,129,14.74
4301,43,1,244,197,80.74,47,19.26
4302,43,2,525,437,83.24,88,16.76
4303,43,3,454,378,83.26,76,16.74
4304,43,4,558,453,81.18,105,18.82
4305,43,5,438,363,82.88,75,17.12
4306,43,6,376,313,83.24,63,16.76
4307,43,7,284,239,84.15,45,15.85
4308,43,8,369,307,83.2,62,16.8
4309,43,9,469,383,81.66,86,18.34
4310,43,10,570,477,83.68,93,16.32
4311,43,11,452,377,83.41,75,16.59
4312,43,12,314,250,79.62,64,20.38
4313,43,13,480,384,80.0,96,20.0
4314,43,14,485,392,80.82,93,19.18
4315,43,15,466,381,81.76,85,18.24
4316,43,16,646,528,81.73,118,18.27
4317,43,17,385,330,85.71,55,14.29
4318,43,18,528,450,85.23,78,14.77
4319,43,19,472,401,84.96,71,15.04
4320,43,20,585,501,85.64,84,14.36
4321,43,21,554,437,78.88,117,21.12
4322,43,22,335,273,81.49,62,18.51
4323,43,23,344,278,80.81,66,19.19
4324,43,24,351,277,78.92,74,21.08
4325,43,25,395,315,79.75,80,20.25
4326,43,26,288,246,85.42,42,14.58
4327,43,27,449,380,84.63,69,15.37
4328,43,28,582,488,83.85,94,16.15
4329,43,29,668,556,83.23,112,16.77
4330,43,30,508,422,83.07,86,16.93
4331,43,31,450,371,82.44,79,17.56
4332,43,32,490,420,85.71,70,14.29
4333,43,33,441,376,85.26,65,14.74
4334,43,34,313,265,84.66,48,15.34
4335,43,35,488,404,82.79,84,17.21
4336,43,36,318,261,82.08,57,17.92
4337,43,37,574,475,82.75,99,17.25
4338,43,38,326,267,81.9,59,18.1
4339,43,39,356,280,78.65,76,21.35
4340,43,40,362,312,86.19,50,13.81
4341,43,41,581,492,84.68,89,15.32
4342,43,42,452,368,81.42,84,18.58
4343,43,43,445,385,86.52,60,13.48
4344,43,44,449,365,81.29,84,18.71
4345,43,45,295,244,82.71,51,17.29
4346,43,46,289,231,79.93,58,20.07
4401,44,1,801,641,80.02,160,19.98
4402,44,2,521,435,83.49,86,16.51
4403,44,3,272,234,86.03,38,13.97
4404,44,4,390,330,84.62,60,15.38
4405,44,5,527,445,84.44,82,15.56
4406,44,6,647,532,82.23,115,17.77
4407,44,7,311,256,82.32,55,17.68
4408,44,8,720,603,83.75,117,16.25
4409,44,9,553,456,82.46,97,17.54
4410,44,10,568,459,80.81,109,19.19
4411,44,11,613,484,78.96,129,21.04
4412,44,12,545,458,84.04,87,15.96
4413,44,13,457,377,82.49,80,17.51
4414,44,14,521,422,81.0,99,19.0
4415,44,15,489,405,82.82,84,17.18
4416,44,16,621,477,76.81,144,23.19
4417,44,17,703,581,82.65,122,17.35
4418,44,18,574,470,81.88,104,18.12
4419,44,19,623,514,82.5,109,17.5
4420,44,20,672,551,81.99,121,18.01
4421,44,21,622,516,82.96,106,17.04
4422,44,22,503,419,83.3,84,16.7
4423,44,23,524,439,83.78,85,16.22
4424,44,24,345,302,87.54,43,12.46
4425,44,25,542,468,86.35,74,13.65
4426,44,26,710,579,81.55,131,18.45
4427,44,27,608,501,82.4,107,17.6
4428,44,28,586,475,81.06,111,18.94
4429,44,29,615,510,82.93,105,17.07
4430,44,30,648,529,81.64,119,18.36
4431,44,31,482,388,80.5,94,19.5
4432,44,32,611,468,76.6,143,23.4
4433,44,33,611,507,82.98,104,17.02
4434,44,34,553,472,85.35,81,14.65
4435,44,35,551,451,81.85,100,18.15
4436,44,36,617,525,85.09,92,14.91
4437,44,37,612,503,82.19,109,17.81
4438,44,38,647,521,80.53,126,19.47
4439,44,39,589,493,83.7,96,16.3
4440,44,40,509,419,82.32,90,17.68
4441,44,41,694,577,83.14,117,16.86
4501,45,1,363,285,78.51,78,21.49
4502,45,2,441,356,80.73,85,19.27
4503,45,3,395,317,80.25,78,19.75
4504,45,4,514,380,73.93,134,26.07
4505,45,5,446,352,78.92,94,21.08
4506,45,6,589,445,75.55,144,24.45
4507,45,7,621,485,78.1,136,21.9
4508,45,8,447,334,74.72,113,25.28
4509,45,9,432,303,70.14,129,29.86
4510,45,10,416,300,72.12,116,27.88
4511,45,11,342,247,72.22,95,27.78
4512,45,12,382,272,71.2,110,28.8
4513,45,13,352,285,80.97,67,19.03
4514,45,14,614,474,77.2,140,22.8
4515,45,15,517,374,72.34,143,27.66
4516,45,16,349,260,74.5,89,25.5
4517,45,17,457,330,72.21,127,27.79
4518,45,18,458,342,74.67,116,25.33
4519,45,19,237,176,74.26,61,25.74
4520,45,20,296,207,69.93,89,30.07
4521,45,21,362,255,70.44,107,29.56
4522,45,22,385,285,74.03,100,25.97
4523,45,23,398,280,70.35,118,29.65
4524,45,24,333,216,64.86,117,35.14
4525,45,25,278,188,67.63,90,32.37
4526,45,26,236,164,69.49,72,30.51
4527,45,27,409,280,68.46,129,31.54
4528,45,28,342,248,72.51,94,27.49
4529,45,29,265,192,72.45,73,27.55
4530,45,30,422,306,72.51,116,27.49
4531,45,31,343,270,78.72,73,21.28
4532,45,32,392,274,69.9,118,30.1
4533,45,33,299,230,76.92,69,23.08
4534,45,34,444,321,72.3,123,27.7
4535,45,35,463,326,70.41,137,29.59
4536,45,36,435,301,69.2,134,30.8
4537,45,37,399,275,68.92,124,31.08
4538,45,38,403,293,72.7,110,27.3
4539,45,39,418,293,70.1,125,29.9
4540,45,40,390,245,62.82,145,37.18
4541,45,41,369,240,65.04,129,34.96
4542,45,42,388,271,69.85,117,30.15
4543,45,43,436,301,69.04,135,30.96
4544,45,44,378,255,67.46,123,32.54
4545,45,45,263,163,61.98,100,38.02
4546,45,46,331,211,63.75,120,36.25
4547,45,47,301,199,66.11,102,33.89
4548,45,48,319,198,62.07,121,37.93
4601,46,1,392,313,79.85,79,20.15
4602,46,2,512,411,80.27,101,19.73
4603,46,3,581,481,82.79,100,17.21
4604,46,4,489,400,81.8,89,18.2
4605,46,5,673,527,78.31,146,21.69
4606,46,6,433,338,78.06,95,21.94
4607,46,7,480,406,84.58,74,15.42
4608,46,8,339,267,78.76,72,21.24
4609,46,9,573,458,79.93,115,20.07
4610,46,10,876,728,83.11,148,16.89
4611,46,11,483,398,82.4,85,17.6
4612,46,12,551,440,79.85,111,20.15
4613,46,13,534,452,84.64,82,15.36
4614,46,14,519,414,79.77,105,20.23
4615,46,15,522,427,81.8,95,18.2
4616,46,16,590,472,80.0,118,20.0
4617,46,17,539,442,82.0,97,18.0
4618,46,18,578,461,79.76,117,20.24
4619,46,19,343,270,78.72,73,21.28
4620,46,20,439,362,82.46,77,17.54
4621,46,21,390,297,76.15,93,23.85
4622,46,22,361,285,78.95,76,21.05
4623,46,23,478,384,80.33,94,19.67
4624,46,24,640,531,82.97,109,17.03
4625,46,25,513,418,81.48,95,18.52
4626,46,26,711,577,81.15,134,18.85
4627,46,27,672,530,78.87,142,21.13
4628,46,28,466,391,83.91,75,16.09
4629,46,29,403,323,80.15,80,19.85
4630,46,30,533,439,82.36,94,17.64
4631,46,31,532,459,86.28,73,13.72
4632,46,32,484,366,75.62,118,24.38
4633,46,33,515,439,85.24,76,14.76
4634,46,34,664,526,79.22,138,20.78
4635,46,35,587,482,82.11,105,17.89
4636,46,36,478,386,80.75,92,19.25
4637,46,37,410,337,82.2,73,17.8
4638,46,38,587,487,82.96,100,17.04
4639,46,39,462,346,74.89,116,25.11
4640,46,40,435,360,82.76,75,17.24
4701,47,1,367,292,79.56,75,20.44
4702,47,2,512,435,84.96,77,15.04
4703,47,3,495,420,84.85,75,15.15
4704,47,4,632,536,84.81,96,15.19
4705,47,5,577,474,82.15,103,17.85
4706,47,6,639,539,84.35,100,15.65
4707,47,7,494,392,79.35,102,20.65
4708,47,8,534,433,81.09,101,18.91
4709,47,9,495,396,80.0,99,20.0
4710,47,10,643,524,81.49,119,18.51
4711,47,11,537,438,81.56,99,18.44
4712,47,12,575,458,79.65,117,20.35
4713,47,13,521,422,81.0,99,19.0
4714,47,14,487,425,87.27,62,12.73
4715,47,15,666,521,78.23,145,21.77
4716,47,16,529,445,84.12,84,15.88
4717,47,17,526,404,76.81,122,23.19
4718,47,18,512,401,78.32,111,21.68
4719,47,19,826,676,81.84,150,18.16
4720,47,20,568,470,82.75,98,17.25
4721,47,21,512,411,80.27,101,19.73
4722,47,22,579,461,79.62,118,20.38
4723,47,23,606,498,82.18,108,17.82
4724,47,24,547,454,83.0,93,17.0
4725,47,25,653,520,79.63,133,20.37
4726,47,26,735,616,83.81,119,16.19
4727,47,27,463,374,80.78,89,19.22
4728,47,28,495,404,81.62,91,18.38
4729,47,29,639,526,82.32,113,17.68
4730,47,30,673,558,82.91,115,17.09
4731,47,31,583,477,81.82,106,18.18
4732,47,32,650,542,83.38,108,16.62
4733,47,33,511,423,82.78,88,17.22
4734,47,34,557,463,83.12,94,16.88
4735,47,35,527,415,78.75,112,21.25
4736,47,36,622,502,80.71,120,19.29
4737,47,37,492,412,83.74,80,16.26
4738,47,38,541,437,80.78,104,19.22
4739,47,39,528,407,77.08,121,22.92
4740,47,40,502,404,80.48,98,19.52
4741,47,41,589,471,79.97,118,20.03
4742,47,42,516,425,82.36,91,17.64
4743,47,43,473,396,83.72,77,16.28
4744,47,44,450,370,82.22,80,17.78
4745,47,45,506,413,81.62,93,18.38
4746,47,46,549,443,80.69,106,19.31
4747,47,47,657,533,81.13,124,18.87
4748,47,48,33,24,72.73,9,27.27
4801,48,1,503,411,81.71,92,18.29
4802,48,2,209,183,87.56,26,12.44
4803,48,3,571,466,81.61,105,18.39
4804,48,4,446,374,83.86,72,16.14
4805,48,5,246,204,82.93,42,17.07
4806,48,6,588,477,81.12,111,18.88
4807,48,7,535,450,84.11,85,15.89
4808,48,8,245,199,81.22,46,18.78
4809,48,9,317,249,78.55,68,21.45
4810,48,10,695,574,82.59,121,17.41
4811,48,11,402,334,83.08,68,16.92
4812,48,12,587,485,82.62,102,17.38
4813,48,13,609,489,80.3,120,19.7
4814,48,14,201,163,81.09,38,18.91
4815,48,15,325,263,80.92,62,19.08
4816,48,16,552,425,76.99,127,23.01
4817,48,17,428,366,85.51,62,14.49
4818,48,18,335,255,76.12,80,23.88
4819,48,19,352,295,83.81,57,16.19
4820,48,20,551,437,79.31,114,20.69
4821,48,21,636,496,77.99,140,22.01
4822,48,22,360,307,85.28,53,14.72
4823,48,23,434,371,85.48,63,14.52
4824,48,24,572,412,72.03,160,27.97
4825,48,25,423,360,85.11,63,14.89
4826,48,26,241,185,76.76,56,23.24
4827,48,27,498,398,79.92,100,20.08
4828,48,28,517,404,78.14,113,21.86
4829,48,29,179,164,91.62,15,8.38
4830,48,30,421,323,76.72,98,23.28
4831,48,31,717,546,76.15,171,23.85
4832,48,32,539,461,85.53,78,14.47
4833,48,33,252,218,86.51,34,13.49
4834,48,34,422,354,83.89,68,16.11
4835,48,35,287,220,76.66,67,23.34
4836,48,36,271,233,85.98,38,14.02
4837,48,37,507,411,81.07,96,18.93
4838,48,38,501,431,86.03,70,13.97
4839,48,39,356,286,80.34,70,19.66
4840,48,40,452,372,82.3,80,17.7
4841,48,41,650,521,80.15,129,19.85
4842,48,42,585,464,79.32,121,20.68
4843,48,43,584,477,81.68,107,18.32
4844,48,44,639,534,83.57,105,16.43
4845,48,45,382,308,80.63,74,19.37
4846,48,46,283,225,79.51,58,20.49
4901,49,1,335,263,78.51,72,21.49
4902,49,2,307,258,84.04,49,15.96
4903,49,3,631,497,78.76,134,21.24
4904,49,4,679,535,78.79,144,21.21
4905,49,5,501,428,85.43,73,14.57
4906,49,6,433,347,80.14,86,19.86
4907,49,7,402,328,81.59,74,18.41
4908,49,8,455,394,86.59,61,13.41
4909,49,9,516,418,81.01,98,18.99
4910,49,10,596,479,80.37,117,19.63
4911,49,11,672,544,80.95,128,19.05
4912,49,12,625,510,81.6,115,18.4
4913,49,13,574,449,78.22,125,21.78
4914,49,14,389,312,80.21,77,19.79
4915,49,15,380,303,79.74,77,20.26
4916,49,16,457,363,79.43,94,20.57
4917,49,17,389,326,83.8,63,16.2
4918,49,18,650,524,80.62,126,19.38
4919,49,19,487,389,79.88,98,20.12
4920,49,20,759,631,83.14,128,16.86
4921,49,21,317,252,79.5,65,20.5
4922,49,22,529,418,79.02,111,20.98
4923,49,23,674,527,78.19,147,21.81
4924,49,24,398,335,84.17,63,15.83
4925,49,25,642,505,78.66,137,21.34
4926,49,26,574,467,81.36,107,18.64
4927,49,27,590,473,80.17,117,19.83
4928,49,28,734,569,77.52,165,22.48
4929,49,29,590,479,81.19,111,18.81
4930,49,30,531,433,81.54,98,18.46
4931,49,31,348,282,81.03,66,18.97
4932,49,32,491,373,75.97,118,24.03
4933,49,33,397,326,82.12,71,17.88
5001,50,1,313,238,76.04,75,23.96
5002,50,2,217,170,78.34,47,21.66
5003,50,3,290,225,77.59,65,22.41
5004,50,4,396,320,80.81,76,19.19
5005,50,5,204,163,79.9,41,20.1
5006,50,6,392,307,78.32,85,21.68
5007,50,7,482,392,81.33,90,18.67
5008,50,8,375,305,81.33,70,18.67
5009,50,9,306,242,79.08,64,20.92
5010,50,10,359,261,72.7,98,27.3
5011,50,11,175,126,72.0,49,28.0
5012,50,12,141,111,78.72,30,21.28
5013,50,13,463,355,76.67,108,23.33
5014,50,14,104,72,69.23,32,30.77
5015,50,15,476,384,80.67,92,19.33
5016,50,16,97,70,72.16,27,27.84
5017,50,17,375,294,78.4,81,21.6
5018,50,18,45,32,71.11,13,28.89
5019,50,19,322,251,77.95,71,22.05
5020,50,20,418,327,78.23,91,21.77
5021,50,21,342,274,80.12,68,19.88
5022,50,22,321,247,76.95,74,23.05
5023,50,23,245,179,73.06,66,26.94
5024,50,24,208,134,64.42,74,35.58
5025,50,25,287,194,67.6,93,32.4
5026,50,26,398,285,71.61,113,28.39
5027,50,27,97,66,68.04,31,31.96
5028,50,28,411,324,78.83,87,21.17
5029,50,29,400,320,80.0,80,20.0
5030,50,30,314,260,82.8,54,17.2
5031,50,31,544,440,80.88,104,19.12
5032,50,32,434,354,81.57,80,18.43
5033,50,33,219,171,78.08,48,21.92
5034,50,34,447,352,78.75,95,21.25
5035,50,35,527,428,81.21,99,18.79
5036,50,36,378,295,78.04,83,21.96
5037,50,37,396,317,80.05,79,19.95
5038,50,38,115,93,80.87,22,19.13
5039,50,39,217,171,78.8,46,21.2
5040,50,40,235,159,67.66,76,32.34
