id,ward,precinct,total,Yes,Yes Percent,No,No Percent
0101,1,1,503,357,70.97,146,29.03
0102,1,2,460,298,64.78,162,35.22
0103,1,3,593,473,79.76,120,20.24
0104,1,4,567,445,78.48,122,21.52
0105,1,5,509,403,79.17,106,20.83
0106,1,6,434,338,77.88,96,22.12
0107,1,7,365,288,78.9,77,21.1
0108,1,8,426,333,78.17,93,21.83
0109,1,9,365,283,77.53,82,22.47
0110,1,10,618,491,79.45,127,20.55
0111,1,11,571,469,82.14,102,17.86
0112,1,12,597,437,73.2,160,26.8
0113,1,13,250,188,75.2,62,24.8
0114,1,14,448,349,77.9,99,22.1
0115,1,15,470,339,72.13,131,27.87
0116,1,16,555,413,74.41,142,25.59
0117,1,17,426,298,69.95,128,30.05
0118,1,18,491,349,71.08,142,28.92
0119,1,19,594,439,73.91,155,26.09
0120,1,20,403,302,74.94,101,25.06
0121,1,21,669,534,79.82,135,20.18
0122,1,22,330,249,75.45,81,24.55
0123,1,23,652,490,75.15,162,24.85
0124,1,24,446,290,65.02,156,34.98
0125,1,25,493,358,72.62,135,27.38
0126,1,26,334,224,67.07,110,32.93
0127,1,27,556,445,80.04,111,19.96
0128,1,28,168,110,65.48,58,34.52
0129,1,29,622,492,79.1,130,20.9
0130,1,30,565,388,68.67,177,31.33
0131,1,31,449,336,74.83,113,25.17
0132,1,32,476,364,76.47,112,23.53
0133,1,33,537,413,76.91,124,23.09
0134,1,34,410,316,77.07,94,22.93
0135,1,35,624,462,74.04,162,25.96
0136,1,36,569,456,80.14,113,19.86
0137,1,37,494,397,80.36,97,19.64
0138,1,38,481,369,76.72,112,23.28
0139,1,39,420,336,80.0,84,20.0
0140,1,40,430,336,78.14,94,21.86
0141,1,41,278,210,75.54,68,24.46
0142,1,42,176,124,70.45,52,29.55
0143,1,43,320,242,75.63,78,24.38
0144,1,44,457,339,74.18,118,25.82
0201,2,1,542,407,75.09,135,24.91
0202,2,2,340,280,82.35,60,17.65
0203,2,3,559,430,76.92,129,23.08
0204,2,4,488,370,75.82,118,24.18
0205,2,5,617,457,74.07,160,25.93
0206,2,6,528,410,77.65,118,22.35
0207,2,7,440,357,81.14,83,18.86
0208,2,8,626,475,75.88,151,24.12
0209,2,9,465,396,85.16,69,14.84
0210,2,10,335,277,82.69,58,17.31
0211,2,11,448,362,80.8,86,19.2
0212,2,12,377,309,81.96,68,18.04
0213,2,13,382,319,83.51,63,16.49
0214,2,14,496,390,78.63,106,21.37
0215,2,15,431,340,78.89,91,21.11
0216,2,16,477,389,81.55,88,18.45
0217,2,17,573,424,74.0,149,26.0
0218,2,18,411,353,85.89,58,14.11
0219,2,19,295,239,81.02,56,18.98
0220,2,20,573,475,82.9,98,17.1
0221,2,21,516,404,78.29,112,21.71
0222,2,22,459,388,84.53,71,15.47
0223,2,23,290,247,85.17,43,14.83
0224,2,24,407,348,85.5,59,14.5
0225,2,25,532,423,79.51,109,20.49
0226,2,26,372,290,77.96,82,22.04
0227,2,27,398,317,79.65,81,20.35
0228,2,28,521,449,86.18,72,13.82
0229,2,29,499,410,82.16,89,17.84
0230,2,30,405,333,82.22,72,17.78
0231,2,31,516,436,84.5,80,15.5
0232,2,32,419,340,81.15,79,18.85
0233,2,33,630,533,84.6,97,15.4
0234,2,34,322,276,85.71,46,14.29
0235,2,35,599,492,82.14,107,17.86
0236,2,36,474,386,81.43,88,18.57
0237,2,37,402,336,83.58,66,16.42
0238,2,38,399,328,82.21,71,17.79
0239,2,39,318,245,77.04,73,22.96
0240,2,40,640,526,82.19,114,17.81
0241,2,41,549,435,79.23,114,20.77
0242,2,42,515,436,84.66,79,15.34
0243,2,43,616,527,85.55,89,14.45
0244,2,44,287,245,85.37,42,14.63
0245,2,45,539,447,82.93,92,17.07
0246,2,46,245,189,77.14,56,22.86
0301,3,1,614,375,61.07,239,38.93
0302,3,2,451,318,70.51,133,29.49
0303,3,3,364,234,64.29,130,35.71
0304,3,4,520,353,67.88,167,32.12
0305,3,5,264,173,65.53,91,34.47
0306,3,6,644,499,77.48,145,22.52
0307,3,7,251,164,65.34,87,34.66
0308,3,8,351,207,58.97,144,41.03
0309,3,9,525,332,63.24,193,36.76
0310,3,10,203,135,66.5,68,33.5
0311,3,11,527,344,65.28,183,34.72
0312,3,12,407,267,65.6,140,34.4
0313,3,13,537,431,80.26,106,19.74
0314,3,14,528,425,80.49,103,19.51
0315,3,15,429,266,62.0,163,38.0
0316,3,16,380,247,65.0,133,35.0
0317,3,17,671,483,71.98,188,28.02
0318,3,18,599,397,66.28,202,33.72
0319,3,19,567,463,81.66,104,18.34
0320,3,20,490,306,62.45,184,37.55
0321,3,21,477,390,81.76,87,18.24
0322,3,22,667,510,76.46,157,23.54
0323,3,23,364,232,63.74,132,36.26
0324,3,24,404,275,68.07,129,31.93
0325,3,25,783,627,80.08,156,19.92
0326,3,26,497,399,80.28,98,19.72
0327,3,27,606,478,78.88,128,21.12
0328,3,28,214,126,58.88,88,41.12
0329,3,29,483,291,60.25,192,39.75
0330,3,30,390,246,63.08,144,36.92
0331,3,31,521,324,62.19,197,37.81
0332,3,32,741,588,79.35,153,20.65
0333,3,33,587,472,80.41,115,19.59
0334,3,34,693,542,78.21,151,21.79
0335,3,35,244,171,70.08,73,29.92
0336,3,36,216,136,62.96,80,37.04
0337,3,37,446,263,58.97,183,41.03
0338,3,38,324,232,71.6,92,28.4
0339,3,39,934,765,81.91,169,18.09
0340,3,40,488,340,69.67,148,30.33
0341,3,41,315,209,66.35,106,33.65
0401,4,1,692,472,68.21,220,31.79
0402,4,2,644,527,81.83,117,18.17
0403,4,3,381,241,63.25,140,36.75
0404,4,4,632,405,64.08,227,35.92
0405,4,5,504,347,68.85,157,31.15
0406,4,6,510,362,70.98,148,29.02
0407,4,7,616,438,71.1,178,28.9
0408,4,8,524,344,65.65,180,34.35
0409,4,9,506,372,73.52,134,26.48
0410,4,10,616,427,69.32,189,30.68
0411,4,11,468,306,65.38,162,34.62
0412,4,12,645,412,63.88,233,36.12
0413,4,13,638,519,81.35,119,18.65
0414,4,14,471,321,68.15,150,31.85
0415,4,15,558,381,68.28,177,31.72
0416,4,16,851,700,82.26,151,17.74
0417,4,17,562,453,80.6,109,19.4
0418,4,18,454,302,66.52,152,33.48
0419,4,19,309,171,55.34,138,44.66
0420,4,20,366,295,80.6,71,19.4
0421,4,21,539,404,74.95,135,25.05
0422,4,22,437,320,73.23,117,26.77
0423,4,23,583,441,75.64,142,24.36
0424,4,24,451,334,74.06,117,25.94
0425,4,25,594,460,77.44,134,22.56
0426,4,26,424,280,66.04,144,33.96
0427,4,27,637,458,71.9,179,28.1
0428,4,28,435,278,63.91,157,36.09
0429,4,29,463,305,65.87,158,34.13
0430,4,30,661,426,64.45,235,35.55
0431,4,31,400,293,73.25,107,26.75
0432,4,32,536,365,68.1,171,31.9
0433,4,33,450,310,68.89,140,31.11
0434,4,34,430,283,65.81,147,34.19
0435,4,35,571,394,69.0,177,31.0
0436,4,36,582,418,71.82,164,28.18
0437,4,37,921,765,83.06,156,16.94
0438,4,38,535,388,72.52,147,27.48
0501,5,1,425,250,58.82,175,41.18
0502,5,2,342,199,58.19,143,41.81
0503,5,3,443,344,77.65,99,22.35
0504,5,4,588,405,68.88,183,31.12
0505,5,5,387,242,62.53,145,37.47
0506,5,6,340,217,63.82,123,36.18
0507,5,7,418,287,68.66,131,31.34
0508,5,8,426,364,85.45,62,14.55
0509,5,9,512,380,74.22,132,25.78
0510,5,10,365,212,58.08,153,41.92
0511,5,11,434,338,77.88,96,22.12
0512,5,12,286,172,60.14,114,39.86
0513,5,13,395,235,59.49,160,40.51
0514,5,14,353,231,65.44,122,34.56
0515,5,15,421,289,68.65,132,31.35
0516,5,16,434,255,58.76,179,41.24
0517,5,17,355,218,61.41,137,38.59
0518,5,18,406,276,67.98,130,32.02
0519,5,19,407,314,77.15,93,22.85
0520,5,20,464,343,73.92,121,26.08
0521,5,21,438,343,78.31,95,21.69
0522,5,22,516,390,75.58,126,24.42
0523,5,23,767,581,75.75,186,24.25
0524,5,24,563,398,70.69,165,29.31
0525,5,25,385,267,69.35,118,30.65
0526,5,26,444,273,61.49,171,38.51
0527,5,27,393,320,81.42,73,18.58
0528,5,28,440,286,65.0,154,35.0
0529,5,29,463,295,63.71,168,36.29
0530,5,30,284,154,54.23,130,45.77
0531,5,31,335,219,65.37,116,34.63
0532,5,32,481,333,69.23,148,30.77
0533,5,33,410,269,65.61,141,34.39
0534,5,34,434,346,79.72,88,20.28
0535,5,35,537,417,77.65,120,22.35
0536,5,36,249,172,69.08,77,30.92
0537,5,37,449,365,81.29,84,18.71
0538,5,38,407,241,59.21,166,40.79
0539,5,39,359,296,82.45,63,17.55
0540,5,40,351,208,59.26,143,40.74
0541,5,41,186,159,85.48,27,14.52
0601,6,1,370,238,64.32,132,35.68
0602,6,2,369,256,69.38,113,30.62
0603,6,3,350,228,65.14,122,34.86
0604,6,4,262,158,60.31,104,39.69
0605,6,5,235,124,52.77,111,47.23
0606,6,6,429,263,61.31,166,38.69
0607,6,7,361,192,53.19,169,46.81
0608,6,8,352,238,67.61,114,32.39
0609,6,9,384,235,61.2,149,38.8
0610,6,10,245,134,54.69,111,45.31
0611,6,11,316,201,63.61,115,36.39
0612,6,12,269,163,60.59,106,39.41
0613,6,13,267,171,64.04,96,35.96
0614,6,14,326,205,62.88,121,37.12
0615,6,15,311,171,54.98,140,45.02
0616,6,16,373,220,58.98,153,41.02
0617,6,17,239,149,62.34,90,37.66
0618,6,18,267,189,70.79,78,29.21
0619,6,19,287,162,56.45,125,43.55
0620,6,20,236,152,64.41,84,35.59
0621,6,21,169,95,56.21,74,43.79
0622,6,22,204,129,63.24,75,36.76
0623,6,23,165,95,57.58,70,42.42
0624,6,24,188,119,63.3,69,36.7
0625,6,25,182,106,58.24,76,41.76
0626,6,26,258,158,61.24,100,38.76
0627,6,27,211,132,62.56,79,37.44
0628,6,28,171,103,60.23,68,39.77
0629,6,29,346,238,68.79,108,31.21
0630,6,30,307,189,61.56,118,38.44
0631,6,31,308,229,74.35,79,25.65
0632,6,32,366,239,65.3,127,34.7
0633,6,33,370,240,64.86,130,35.14
0634,6,34,358,218,60.89,140,39.11
0635,6,35,328,206,62.8,122,37.2
0636,6,36,394,253,64.21,141,35.79
0637,6,37,404,274,67.82,130,32.18
0638,6,38,387,248,64.08,139,35.92
0639,6,39,298,184,61.74,114,38.26
0640,6,40,306,183,59.8,123,40.2
0641,6,41,362,204,56.35,158,43.65
0642,6,42,337,202,59.94,135,40.06
0643,6,43,328,208,63.41,120,36.59
0644,6,44,383,230,60.05,153,39.95
0645,6,45,371,215,57.95,156,42.05
0646,6,46,277,164,59.21,113,40.79
0647,6,47,242,150,61.98,92,38.02
0648,6,48,347,232,66.86,115,33.14
0701,7,1,345,212,61.45,133,38.55
0702,7,2,337,201,59.64,136,40.36
0703,7,3,333,216,64.86,117,35.14
0704,7,4,335,233,69.55,102,30.45
0705,7,5,297,189,63.64,108,36.36
0706,7,6,431,276,64.04,155,35.96
0707,7,7,344,199,57.85,145,42.15
0708,7,8,204,130,63.73,74,36.27
0709,7,9,592,372,62.84,220,37.16
0710,7,10,340,232,68.24,108,31.76
0711,7,11,377,214,56.76,163,43.24
0712,7,12,312,185,59.29,127,40.71
0713,7,13,199,115,57.79,84,42.21
0714,7,14,389,231,59.38,158,40.62
0715,7,15,320,212,66.25,108,33.75
0716,7,16,337,194,57.57,143,42.43
0717,7,17,280,160,57.14,120,42.86
0718,7,18,307,189,61.56,118,38.44
0719,7,19,334,213,63.77,121,36.23
0720,7,20,271,160,59.04,111,40.96
0721,7,21,271,159,58.67,112,41.33
0722,7,22,296,185,62.5,111,37.5
0723,7,23,315,192,60.95,123,39.05
0724,7,24,278,181,65.11,97,34.89
0725,7,25,285,179,62.81,106,37.19
0726,7,26,263,162,61.6,101,38.4
0727,7,27,255,174,68.24,81,31.76
0728,7,28,253,145,57.31,108,42.69
0729,7,29,323,198,61.3,125,38.7
0730,7,30,270,185,68.52,85,31.48
0731,7,31,246,153,62.2,93,37.8
0732,7,32,424,277,65.33,147,34.67
0733,7,33,409,285,69.68,124,30.32
0734,7,34,421,270,64.13,151,35.87
0735,7,35,378,236,62.43,142,37.57
0736,7,36,441,274,62.13,167,37.87
0737,7,37,343,227,66.18,116,33.82
0738,7,38,311,207,66.56,104,33.44
0739,7,39,319,187,58.62,132,41.38
0740,7,40,273,171,62.64,102,37.36
0741,7,41,329,216,65.65,113,34.35
0742,7,42,339,218,64.31,121,35.69
0743,7,43,322,222,68.94,100,31.06
0744,7,44,303,200,66.01,103,33.99
0745,7,45,315,198,62.86,117,37.14
0746,7,46,83,57,68.67,26,31.33
0801,8,1,321,200,62.31,121,37.69
0802,8,2,332,196,59.04,136,40.96
0803,8,3,376,268,71.28,108,28.72
0804,8,4,399,279,69.92,120,30.08
0805,8,5,298,221,74.16,77,25.84
0806,8,6,347,229,65.99,118,34.01
0807,8,7,391,257,65.73,134,34.27
0808,8,8,356,257,72.19,99,27.81
0809,8,9,226,157,69.47,69,30.53
0810,8,10,443,309,69.75,134,30.25
0811,8,11,290,186,64.14,104,35.86
0812,8,12,308,195,63.31,113,36.69
0813,8,13,410,258,62.93,152,37.07
0814,8,14,287,150,52.26,137,47.74
0815,8,15,229,154,67.25,75,32.75
0816,8,16,105,64,60.95,41,39.05
0817,8,17,289,202,69.9,87,30.1
0818,8,18,320,187,58.44,133,41.56
0819,8,19,382,263,68.85,119,31.15
0820,8,20,410,235,57.32,175,42.68
0821,8,21,452,267,59.07,185,40.93
0822,8,22,325,195,60.0,130,40.0
0823,8,23,276,183,66.3,93,33.7
0824,8,24,183,111,60.66,72,39.34
0825,8,25,345,211,61.16,134,38.84
0826,8,26,292,177,60.62,115,39.38
0827,8,27,387,242,62.53,145,37.47
0828,8,28,357,237,66.39,120,33.61
0829,8,29,360,233,64.72,127,35.28
0830,8,30,381,252,66.14,129,33.86
0831,8,31,281,177,62.99,104,37.01
0832,8,32,274,173,63.14,101,36.86
0833,8,33,262,152,58.02,110,41.98
0834,8,34,323,225,69.66,98,30.34
0835,8,35,399,246,61.65,153,38.35
0836,8,36,347,220,63.4,127,36.6
0837,8,37,270,176,65.19,94,34.81
0838,8,38,267,185,69.29,82,30.71
0839,8,39,323,213,65.94,110,34.06
0840,8,40,283,181,63.96,102,36.04
0841,8,41,371,227,61.19,144,38.81
0842,8,42,454,284,62.56,170,37.44
0843,8,43,193,107,55.44,86,44.56
0844,8,44,244,162,66.39,82,33.61
0845,8,45,304,189,62.17,115,37.83
0846,8,46,284,178,62.68,106,37.32
0847,8,47,295,190,64.41,105,35.59
0848,8,48,314,203,64.65,111,35.35
0849,8,49,333,207,62.16,126,37.84
0850,8,50,333,214,64.26,119,35.74
0851,8,51,329,217,65.96,112,34.04
0852,8,52,438,283,64.61,155,35.39
0853,8,53,200,133,66.5,67,33.5
0854,8,54,296,172,58.11,124,41.89
0855,8,55,251,178,70.92,73,29.08
0856,8,56,369,232,62.87,137,37.13
0901,9,1,322,210,65.22,112,34.78
0902,9,2,275,170,61.82,105,38.18
0903,9,3,203,125,61.58,78,38.42
0904,9,4,243,154,63.37,89,36.63
0905,9,5,322,210,65.22,112,34.78
0906,9,6,313,187,59.74,126,40.26
0907,9,7,262,172,65.65,90,34.35
0908,9,8,348,213,61.21,135,38.79
0909,9,9,376,222,59.04,154,40.96
0910,9,10,242,156,64.46,86,35.54
0911,9,11,240,151,62.92,89,37.08
0912,9,12,364,235,64.56,129,35.44
0913,9,13,372,244,65.59,128,34.41
0914,9,14,384,257,66.93,127,33.07
0915,9,15,341,178,52.2,163,47.8
0916,9,16,334,196,58.68,138,41.32
0917,9,17,212,142,66.98,70,33.02
0918,9,18,235,148,62.98,87,37.02
0919,9,19,346,225,65.03,121,34.97
0920,9,20,309,208,67.31,101,32.69
0921,9,21,308,194,62.99,114,37.01
0922,9,22,371,247,66.58,124,33.42
0923,9,23,354,230,64.97,124,35.03
0924,9,24,340,220,64.71,120,35.29
0925,9,25,283,184,65.02,99,34.98
0926,9,26,297,186,62.63,111,37.37
0927,9,27,267,177,66.29,90,33.71
0928,9,28,219,141,64.38,78,35.62
0929,9,29,289,177,61.25,112,38.75
0930,9,30,285,195,68.42,90,31.58
0931,9,31,278,180,64.75,98,35.25
0932,9,32,339,217,64.01,122,35.99
0933,9,33,241,162,67.22,79,32.78
0934,9,34,280,183,65.36,97,34.64
0935,9,35,305,206,67.54,99,32.46
0936,9,36,292,180,61.64,112,38.36
0937,9,37,505,317,62.77,188,37.23
0938,9,38,311,189,60.77,122,39.23
0939,9,39,350,224,64.0,126,36.0
0940,9,40,365,238,65.21,127,34.79
0941,9,41,267,176,65.92,91,34.08
0942,9,42,346,218,63.01,128,36.99
0943,9,43,292,181,61.99,111,38.01
0944,9,44,315,200,63.49,115,36.51
0945,9,45,245,137,55.92,108,44.08
0946,9,46,324,216,66.67,108,33.33
0947,9,47,350,229,65.43,121,34.57
0948,9,48,328,211,64.33,117,35.67
0949,9,49,359,238,66.3,121,33.7
0950,9,50,442,290,65.61,152,34.39
0951,9,51,333,209,62.76,124,37.24
1001,10,1,275,194,70.55,81,29.45
1002,10,2,346,235,67.92,111,32.08
1003,10,3,371,235,63.34,136,36.66
1004,10,4,275,174,63.27,101,36.73
1005,10,5,293,216,73.72,77,26.28
1006,10,6,283,198,69.96,85,30.04
1007,10,7,272,191,70.22,81,29.78
1008,10,8,186,102,54.84,84,45.16
1009,10,9,343,238,69.39,105,30.61
1010,10,10,402,279,69.4,123,30.6
1011,10,11,465,306,65.81,159,34.19
1012,10,12,259,183,70.66,76,29.34
1013,10,13,322,227,70.5,95,29.5
1014,10,14,463,331,71.49,132,28.51
1015,10,15,607,402,66.23,205,33.77
1016,10,16,308,204,66.23,104,33.77
1017,10,17,477,334,70.02,143,29.98
1018,10,18,207,140,67.63,67,32.37
1019,10,19,370,262,70.81,108,29.19
1020,10,20,369,256,69.38,113,30.62
1021,10,21,365,264,72.33,101,27.67
1022,10,22,220,158,71.82,62,28.18
1023,10,23,306,224,73.2,82,26.8
1024,10,24,329,223,67.78,106,32.22
1025,10,25,106,78,73.58,28,26.42
1026,10,26,260,189,72.69,71,27.31
1027,10,27,301,195,64.78,106,35.22
1028,10,28,400,286,71.5,114,28.5
1029,10,29,382,272,71.2,110,28.8
1030,10,30,319,223,69.91,96,30.09
1031,10,31,316,233,73.73,83,26.27
1032,10,32,372,250,67.2,122,32.8
1033,10,33,286,186,65.03,100,34.97
1034,10,34,241,153,63.49,88,36.51
1035,10,35,382,252,65.97,130,34.03
1036,10,36,87,60,68.97,27,31.03
1101,11,1,368,253,68.75,115,31.25
1102,11,2,31,14,45.16,17,54.84
1103,11,3,424,271,63.92,153,36.08
1104,11,4,292,224,76.71,68,23.29
1105,11,5,563,357,63.41,206,36.59
1106,11,6,657,498,75.8,159,24.2
1107,11,7,395,296,74.94,99,25.06
1108,11,8,389,274,70.44,115,29.56
1109,11,9,371,267,71.97,104,28.03
1110,11,10,403,309,76.67,94,23.33
1111,11,11,461,318,68.98,143,31.02
1112,11,12,519,385,74.18,134,25.82
1113,11,13,479,345,72.03,134,27.97
1114,11,14,200,146,73.0,54,27.0
1115,11,15,149,103,69.13,46,30.87
1116,11,16,288,216,75.0,72,25.0
1117,11,17,508,359,70.67,149,29.33
1118,11,18,324,243,75.0,81,25.0
1119,11,19,560,371,66.25,189,33.75
1120,11,20,280,195,69.64,85,30.36
1121,11,21,492,361,73.37,131,26.63
1122,11,22,530,354,66.79,176,33.21
1123,11,23,208,154,74.04,54,25.96
1124,11,24,478,367,76.78,111,23.22
1125,11,25,512,359,70.12,153,29.88
1126,11,26,437,316,72.31,121,27.69
1127,11,27,167,120,71.86,47,28.14
1128,11,28,198,137,69.19,61,30.81
1129,11,29,500,367,73.4,133,26.6
1130,11,30,210,152,72.38,58,27.62
1131,11,31,374,273,72.99,101,27.01
1132,11,32,170,124,72.94,46,27.06
1133,11,33,530,423,79.81,107,20.19
1134,11,34,124,83,66.94,41,33.06
1135,11,35,67,49,73.13,18,26.87
1136,11,36,180,130,72.22,50,27.78
1137,11,37,117,80,68.38,37,31.62
1138,11,38,218,136,62.39,82,37.61
1201,12,1,363,236,65.01,127,34.99
1202,12,2,303,216,71.29,87,28.71
1203,12,3,452,307,67.92,145,32.08
1204,12,4,445,312,70.11,133,29.89
1205,12,5,316,221,69.94,95,30.06
1206,12,6,421,295,70.07,126,29.93
1207,12,7,358,243,67.88,115,32.12
1208,12,8,367,254,69.21,113,30.79
1209,12,9,311,231,74.28,80,25.72
1210,12,10,511,319,62.43,192,37.57
1211,12,11,411,262,63.75,149,36.25
1212,12,12,370,257,69.46,113,30.54
1213,12,13,416,296,71.15,120,28.85
1214,12,14,330,223,67.58,107,32.42
1215,12,15,328,203,61.89,125,38.11
1216,12,16,331,215,64.95,116,35.05
1217,12,17,448,316,70.54,132,29.46
1218,12,18,357,231,64.71,126,35.29
1219,12,19,360,268,74.44,92,25.56
1220,12,20,467,326,69.81,141,30.19
1221,12,21,407,281,69.04,126,30.96
1222,12,22,374,232,62.03,142,37.97
1223,12,23,384,265,69.01,119,30.99
1301,13,1,314,210,66.88,104,33.12
1302,13,2,258,179,69.38,79,30.62
1303,13,3,290,192,66.21,98,33.79
1304,13,4,376,251,66.76,125,33.24
1305,13,5,414,293,70.77,121,29.23
1306,13,6,285,199,69.82,86,30.18
1307,13,7,295,211,71.53,84,28.47
1308,13,8,266,185,69.55,81,30.45
1309,13,9,378,284,75.13,94,24.87
1310,13,10,282,187,66.31,95,33.69
1311,13,11,348,231,66.38,117,33.62
1312,13,12,317,215,67.82,102,32.18
1313,13,13,335,247,73.73,88,26.27
1314,13,14,332,254,76.51,78,23.49
1315,13,15,477,340,71.28,137,28.72
1316,13,16,263,198,75.29,65,24.71
1317,13,17,311,220,70.74,91,29.26
1318,13,18,283,190,67.14,93,32.86
1319,13,19,435,311,71.49,124,28.51
1320,13,20,226,148,65.49,78,34.51
1321,13,21,361,244,67.59,117,32.41
1322,13,22,348,258,74.14,90,25.86
1323,13,23,288,208,72.22,80,27.78
1324,13,24,347,242,69.74,105,30.26
1325,13,25,345,234,67.83,111,32.17
1326,13,26,346,244,70.52,102,29.48
1327,13,27,320,223,69.69,97,30.31
1328,13,28,264,188,71.21,76,28.79
1329,13,29,298,205,68.79,93,31.21
1330,13,30,272,195,71.69,77,28.31
1331,13,31,364,249,68.41,115,31.59
1332,13,32,295,201,68.14,94,31.86
1333,13,33,338,238,70.41,100,29.59
1334,13,34,349,266,76.22,83,23.78
1335,13,35,296,222,75.0,74,25.0
1336,13,36,260,179,68.85,81,31.15
1337,13,37,330,246,74.55,84,25.45
1338,13,38,283,186,65.72,97,34.28
1339,13,39,331,238,71.9,93,28.1
1340,13,40,320,229,71.56,91,28.44
1341,13,41,424,303,71.46,121,28.54
1342,13,42,334,224,67.07,110,32.93
1343,13,43,323,218,67.49,105,32.51
1344,13,44,351,267,76.07,84,23.93
1345,13,45,364,257,70.6,107,29.4
1346,13,46,401,279,69.58,122,30.42
1347,13,47,368,270,73.37,98,26.63
1348,13,48,273,187,68.5,86,31.5
1401,14,1,371,259,69.81,112,30.19
1402,14,2,527,400,75.9,127,24.1
1403,14,3,366,260,71.04,106,28.96
1404,14,4,361,232,64.27,129,35.73
1405,14,5,536,361,67.35,175,32.65
1406,14,6,209,154,73.68,55,26.32
1407,14,7,500,342,68.4,158,31.6
1408,14,8,466,329,70.6,137,29.4
1409,14,9,461,289,62.69,172,37.31
1410,14,10,284,196,69.01,88,30.99
1411,14,11,227,160,70.48,67,29.52
1412,14,12,401,267,66.58,134,33.42
1413,14,13,358,247,68.99,111,31.01
1414,14,14,367,273,74.39,94,25.61
1415,14,15,385,275,71.43,110,28.57
1416,14,16,266,193,72.56,73,27.44
1417,14,17,329,216,65.65,113,34.35
1418,14,18,186,134,72.04,52,27.96
1419,14,19,358,267,74.58,91,25.42
1420,14,20,311,225,72.35,86,27.65
1421,14,21,376,257,68.35,119,31.65
1422,14,22,498,350,70.28,148,29.72
1423,14,23,267,185,69.29,82,30.71
1424,14,24,414,306,73.91,108,26.09
1425,14,25,190,138,72.63,52,27.37
1426,14,26,286,208,72.73,78,27.27
1427,14,27,351,259,73.79,92,26.21
1428,14,28,334,240,71.86,94,28.14
1429,14,29,283,198,69.96,85,30.04
1430,14,30,263,193,73.38,70,26.62
1431,14,31,213,157,73.71,56,26.29
1501,15,1,328,206,62.8,122,37.2
1502,15,2,196,129,65.82,67,34.18
1503,15,3,209,150,71.77,59,28.23
1504,15,4,360,261,72.5,99,27.5
1505,15,5,346,214,61.85,132,38.15
1506,15,6,379,264,69.66,115,30.34
1507,15,7,181,104,57.46,77,42.54
1508,15,8,367,252,68.66,115,31.34
1509,15,9,477,335,70.23,142,29.77
1510,15,10,490,335,68.37,155,31.63
1511,15,11,433,293,67.67,140,32.33
1512,15,12,460,337,73.26,123,26.74
1513,15,13,369,249,67.48,120,32.52
1514,15,14,330,213,64.55,117,35.45
1515,15,15,318,228,71.7,90,28.3
1516,15,16,414,289,69.81,125,30.19
1517,15,17,186,108,58.06,78,41.94
1518,15,18,129,77,59.69,52,40.31
1519,15,19,288,213,73.96,75,26.04
1520,15,20,209,127,60.77,82,39.23
1521,15,21,153,92,60.13,61,39.87
1522,15,22,187,105,56.15,82,43.85
1523,15,23,209,133,63.64,76,36.36
1524,15,24,182,96,52.75,86,47.25
1601,16,1,446,334,74.89,112,25.11
1602,16,2,251,137,54.58,114,45.42
1603,16,3,227,144,63.44,83,36.56
1604,16,4,295,154,52.2,141,47.8
1605,16,5,201,132,65.67,69,34.33
1606,16,6,230,128,55.65,102,44.35
1607,16,7,268,169,63.06,99,36.94
1608,16,8,191,129,67.54,62,32.46
1609,16,9,264,157,59.47,107,40.53
1610,16,10,218,128,58.72,90,41.28
1611,16,11,294,156,53.06,138,46.94
1612,16,12,251,155,61.75,96,38.25
1613,16,13,328,218,66.46,110,33.54
1614,16,14,200,117,58.5,83,41.5
1615,16,15,255,139,54.51,116,45.49
1616,16,16,207,127,61.35,80,38.65
1617,16,17,385,264,68.57,121,31.43
1618,16,18,314,211,67.2,103,32.8
1619,16,19,260,165,63.46,95,36.54
1620,16,20,169,103,60.95,66,39.05
1621,16,21,220,150,68.18,70,31.82
1622,16,22,223,146,65.47,77,34.53
1623,16,23,371,254,68.46,117,31.54
1624,16,24,124,88,70.97,36,29.03
1625,16,25,292,179,61.3,113,38.7
1626,16,26,163,91,55.83,72,44.17
1627,16,27,178,104,58.43,74,41.57
1628,16,28,192,120,62.5,72,37.5
1629,16,29,197,125,63.45,72,36.55
1630,16,30,182,113,62.09,69,37.91
1631,16,31,233,138,59.23,95,40.77
1632,16,32,381,265,69.55,116,30.45
1633,16,33,185,111,60.0,74,40.0
1634,16,34,222,148,66.67,74,33.33
1635,16,35,414,274,66.18,140,33.82
1636,16,36,174,103,59.2,71,40.8
1701,17,1,363,232,63.91,131,36.09
1702,17,2,289,172,59.52,117,40.48
1703,17,3,301,187,62.13,114,37.87
1704,17,4,323,192,59.44,131,40.56
1705,17,5,243,140,57.61,103,42.39
1706,17,6,330,223,67.58,107,32.42
1707,17,7,344,220,63.95,124,36.05
1708,17,8,215,125,58.14,90,41.86
1709,17,9,240,144,60.0,96,40.0
1710,17,10,385,246,63.9,139,36.1
1711,17,11,234,153,65.38,81,34.62
1712,17,12,486,319,65.64,167,34.36
1713,17,13,224,149,66.52,75,33.48
1714,17,14,370,260,70.27,110,29.73
1715,17,15,323,200,61.92,123,38.08
1716,17,16,392,243,61.99,149,38.01
1717,17,17,331,196,59.21,135,40.79
1718,17,18,358,232,64.8,126,35.2
1719,17,19,185,115,62.16,70,37.84
1720,17,20,395,280,70.89,115,29.11
1721,17,21,358,223,62.29,135,37.71
1722,17,22,302,191,63.25,111,36.75
1723,17,23,209,131,62.68,78,37.32
1724,17,24,246,168,68.29,78,31.71
1725,17,25,253,153,60.47,100,39.53
1726,17,26,304,192,63.16,112,36.84
1727,17,27,187,132,70.59,55,29.41
1728,17,28,221,152,68.78,69,31.22
1729,17,29,285,182,63.86,103,36.14
1730,17,30,331,219,66.16,112,33.84
1731,17,31,197,135,68.53,62,31.47
1732,17,32,241,161,66.8,80,33.2
1733,17,33,186,113,60.75,73,39.25
1734,17,34,231,168,72.73,63,27.27
1735,17,35,211,143,67.77,68,32.23
1736,17,36,226,151,66.81,75,33.19
1737,17,37,250,165,66.0,85,34.0
1738,17,38,338,205,60.65,133,39.35
1739,17,39,291,191,65.64,100,34.36
1740,17,40,352,236,67.05,116,32.95
1741,17,41,417,259,62.11,158,37.89
1801,18,1,364,236,64.84,128,35.16
1802,18,2,436,294,67.43,142,32.57
1803,18,3,319,217,68.03,102,31.97
1804,18,4,375,241,64.27,134,35.73
1805,18,5,220,128,58.18,92,41.82
1806,18,6,338,235,69.53,103,30.47
1807,18,7,371,255,68.73,116,31.27
1808,18,8,369,240,65.04,129,34.96
1809,18,9,334,233,69.76,101,30.24
1810,18,10,449,293,65.26,156,34.74
1811,18,11,354,232,65.54,122,34.46
1812,18,12,348,230,66.09,118,33.91
1813,18,13,388,255,65.72,133,34.28
1814,18,14,372,267,71.77,105,28.23
1815,18,15,400,268,67.0,132,33.0
1816,18,16,343,223,65.01,120,34.99
1817,18,17,390,275,70.51,115,29.49
1818,18,18,266,183,68.8,83,31.2
1819,18,19,303,205,67.66,98,32.34
1820,18,20,243,163,67.08,80,32.92
1821,18,21,446,301,67.49,145,32.51
1822,18,22,379,261,68.87,118,31.13
1823,18,23,356,227,63.76,129,36.24
1824,18,24,352,250,71.02,102,28.98
1825,18,25,394,280,71.07,114,28.93
1826,18,26,439,301,68.56,138,31.44
1827,18,27,324,214,66.05,110,33.95
1828,18,28,326,228,69.94,98,30.06
1829,18,29,436,298,68.35,138,31.65
1830,18,30,454,291,64.1,163,35.9
1831,18,31,391,254,64.96,137,35.04
1832,18,32,356,228,64.04,128,35.96
1833,18,33,268,188,70.15,80,29.85
1834,18,34,397,275,69.27,122,30.73
1835,18,35,423,288,68.09,135,31.91
1836,18,36,395,274,69.37,121,30.63
1837,18,37,416,285,68.51,131,31.49
1838,18,38,316,190,60.13,126,39.87
1839,18,39,306,197,64.38,109,35.62
1840,18,40,385,268,69.61,117,30.39
1841,18,41,437,288,65.9,149,34.1
1842,18,42,317,195,61.51,122,38.49
1843,18,43,329,235,71.43,94,28.57
1844,18,44,334,224,67.07,110,32.93
1845,18,45,383,282,73.63,101,26.37
1846,18,46,435,273,62.76,162,37.24
1847,18,47,287,190,66.2,97,33.8
1848,18,48,273,178,65.2,95,34.8
1849,18,49,236,145,61.44,91,38.56
1850,18,50,257,165,64.2,92,35.8
1901,19,1,342,230,67.25,112,32.75
1902,19,2,505,362,71.68,143,28.32
1903,19,3,309,182,58.9,127,41.1
1904,19,4,453,291,64.24,162,35.76
1905,19,5,419,307,73.27,112,26.73
1906,19,6,416,265,63.7,151,36.3
1907,19,7,331,232,70.09,99,29.91
1908,19,8,424,275,64.86,149,35.14
1909,19,9,268,193,72.01,75,27.99
1910,19,10,482,362,75.1,120,24.9
1911,19,11,358,210,58.66,148,41.34
1912,19,12,314,194,61.78,120,38.22
1913,19,13,472,299,63.35,173,36.65
1914,19,14,405,293,72.35,112,27.65
1915,19,15,537,334,62.2,203,37.8
1916,19,16,381,229,60.1,152,39.9
1917,19,17,339,232,68.44,107,31.56
1918,19,18,378,315,83.33,63,16.67
1919,19,19,476,368,77.31,108,22.69
1920,19,20,322,254,78.88,68,21.12
1921,19,21,414,258,62.32,156,37.68
1922,19,22,419,331,79.0,88,21.0
1923,19,23,390,282,72.31,108,27.69
1924,19,24,301,196,65.12,105,34.88
1925,19,25,376,283,75.27,93,24.73
1926,19,26,356,281,78.93,75,21.07
1927,19,27,405,277,68.4,128,31.6
1928,19,28,460,315,68.48,145,31.52
1929,19,29,406,250,61.58,156,38.42
1930,19,30,377,240,63.66,137,36.34
1931,19,31,349,274,78.51,75,21.49
1932,19,32,361,229,63.43,132,36.57
1933,19,33,421,280,66.51,141,33.49
1934,19,34,341,274,80.35,67,19.65
1935,19,35,347,268,77.23,79,22.77
1936,19,36,546,361,66.12,185,33.88
1937,19,37,395,299,75.7,96,24.3
1938,19,38,363,236,65.01,127,34.99
1939,19,39,198,128,64.65,70,35.35
1940,19,40,435,323,74.25,112,25.75
1941,19,41,375,242,64.53,133,35.47
1942,19,42,318,221,69.5,97,30.5
1943,19,43,534,357,66.85,177,33.15
1944,19,44,442,280,63.35,162,36.65
1945,19,45,418,287,68.66,131,31.34
1946,19,46,366,270,73.77,96,26.23
1947,19,47,576,387,67.19,189,32.81
1948,19,48,466,297,63.73,169,36.27
1949,19,49,483,344,71.22,139,28.78
1950,19,50,343,232,67.64,111,32.36
1951,19,51,421,294,69.83,127,30.17
1952,19,52,495,320,64.65,175,35.35
1953,19,53,352,259,73.58,93,26.42
1954,19,54,304,174,57.24,130,42.76
1955,19,55,330,218,66.06,112,33.94
1956,19,56,419,324,77.33,95,22.67
1957,19,57,336,257,76.49,79,23.51
2001,20,1,382,241,63.09,141,36.91
2002,20,2,119,66,55.46,53,44.54
2003,20,3,335,212,63.28,123,36.72
2004,20,4,159,99,62.26,60,37.74
2005,20,5,396,220,55.56,176,44.44
2006,20,6,147,86,58.5,61,41.5
2007,20,7,423,253,59.81,170,40.19
2008,20,8,308,208,67.53,100,32.47
2009,20,9,497,316,63.58,181,36.42
2010,20,10,234,145,61.97,89,38.03
2011,20,11,455,250,54.95,205,45.05
2012,20,12,335,193,57.61,142,42.39
2013,20,13,300,189,63.0,111,37.0
2014,20,14,178,120,67.42,58,32.58
2015,20,15,363,238,65.56,125,34.44
2016,20,16,416,268,64.42,148,35.58
2017,20,17,239,143,59.83,96,40.17
2018,20,18,232,144,62.07,88,37.93
2019,20,19,378,228,60.32,150,39.68
2020,20,20,280,180,64.29,100,35.71
2021,20,21,284,167,58.8,117,41.2
2022,20,22,482,312,64.73,170,35.27
2023,20,23,204,131,64.22,73,35.78
2024,20,24,439,287,65.38,152,34.62
2025,20,25,228,128,56.14,100,43.86
2026,20,26,329,221,67.17,108,32.83
2027,20,27,167,102,61.08,65,38.92
2028,20,28,218,131,60.09,87,39.91
2029,20,29,234,144,61.54,90,38.46
2030,20,30,167,112,67.07,55,32.93
2031,20,31,393,241,61.32,152,38.68
2032,20,32,264,162,61.36,102,38.64
2033,20,33,224,133,59.38,91,40.63
2034,20,34,428,293,68.46,135,31.54
2035,20,35,252,132,52.38,120,47.62
2036,20,36,116,76,65.52,40,34.48
2037,20,37,112,62,55.36,50,44.64
2038,20,38,99,62,62.63,37,37.37
2039,20,39,26,17,65.38,9,34.62
2101,21,1,384,252,65.63,132,34.38
2102,21,2,234,121,51.71,113,48.29
2103,21,3,343,224,65.31,119,34.69
2104,21,4,296,213,71.96,83,28.04
2105,21,5,358,217,60.61,141,39.39
2106,21,6,280,183,65.36,97,34.64
2107,21,7,335,241,71.94,94,28.06
2108,21,8,355,239,67.32,116,32.68
2109,21,9,352,246,69.89,106,30.11
2110,21,10,282,171,60.64,111,39.36
2111,21,11,302,197,65.23,105,34.77
2112,21,12,301,181,60.13,120,39.87
2113,21,13,372,229,61.56,143,38.44
2114,21,14,377,251,66.58,126,33.42
2115,21,15,323,194,60.06,129,39.94
2116,21,16,301,170,56.48,131,43.52
2117,21,17,288,167,57.99,121,42.01
2118,21,18,302,193,63.91,109,36.09
2119,21,19,402,267,66.42,135,33.58
2120,21,20,304,204,67.11,100,32.89
2121,21,21,303,188,62.05,115,37.95
2122,21,22,307,200,65.15,107,34.85
2123,21,23,317,216,68.14,101,31.86
2124,21,24,363,228,62.81,135,37.19
2125,21,25,278,160,57.55,118,42.45
2126,21,26,345,188,54.49,157,45.51
2127,21,27,401,251,62.59,150,37.41
2128,21,28,420,253,60.24,167,39.76
2129,21,29,372,249,66.94,123,33.06
2130,21,30,293,168,57.34,125,42.66
2131,21,31,191,139,72.77,52,27.23
2132,21,32,255,164,64.31,91,35.69
2133,21,33,281,178,63.35,103,36.65
2134,21,34,322,188,58.39,134,41.61
2135,21,35,402,276,68.66,126,31.34
2136,21,36,335,205,61.19,130,38.81
2137,21,37,244,165,67.62,79,32.38
2138,21,38,350,209,59.71,141,40.29
2139,21,39,341,215,63.05,126,36.95
2140,21,40,313,205,65.5,108,34.5
2141,21,41,364,249,68.41,115,31.59
2142,21,42,369,246,66.67,123,33.33
2143,21,43,346,215,62.14,131,37.86
2144,21,44,366,229,62.57,137,37.43
2145,21,45,318,202,63.52,116,36.48
2146,21,46,358,234,65.36,124,34.64
2147,21,47,322,189,58.7,133,41.3
2148,21,48,349,243,69.63,106,30.37
2149,21,49,375,236,62.93,139,37.07
2150,21,50,259,156,60.23,103,39.77
2151,21,51,357,234,65.55,123,34.45
2152,21,52,341,210,61.58,131,38.42
2153,21,53,296,186,62.84,110,37.16
2154,21,54,268,176,65.67,92,34.33
2201,22,1,187,120,64.17,67,35.83
2202,22,2,443,317,71.56,126,28.44
2203,22,3,546,364,66.67,182,33.33
2204,22,4,294,203,69.05,91,30.95
2205,22,5,332,229,68.98,103,31.02
2206,22,6,325,221,68.0,104,32.0
2207,22,7,292,219,75.0,73,25.0
2208,22,8,499,370,74.15,129,25.85
2209,22,9,292,215,73.63,77,26.37
2210,22,10,450,306,68.0,144,32.0
2211,22,11,239,148,61.92,91,38.08
2212,22,12,281,190,67.62,91,32.38
2213,22,13,372,246,66.13,126,33.87
2214,22,14,290,187,64.48,103,35.52
2215,22,15,304,200,65.79,104,34.21
2216,22,16,290,199,68.62,91,31.38
2217,22,17,466,305,65.45,161,34.55
2218,22,18,331,214,64.65,117,35.35
2219,22,19,167,111,66.47,56,33.53
2220,22,20,387,267,68.99,120,31.01
2221,22,21,321,207,64.49,114,35.51
2222,22,22,346,236,68.21,110,31.79
2223,22,23,354,242,68.36,112,31.64
2224,22,24,420,299,71.19,121,28.81
2225,22,25,337,247,73.29,90,26.71
2301,23,1,322,210,65.22,112,34.78
2302,23,2,360,237,65.83,123,34.17
2303,23,3,314,218,69.43,96,30.57
2304,23,4,321,228,71.03,93,28.97
2305,23,5,361,251,69.53,110,30.47
2306,23,6,343,249,72.59,94,27.41
2307,23,7,355,238,67.04,117,32.96
2308,23,8,436,295,67.66,141,32.34
2309,23,9,349,240,68.77,109,31.23
2310,23,10,417,295,70.74,122,29.26
2311,23,11,410,309,75.37,101,24.63
2312,23,12,368,255,69.29,113,30.71
2313,23,13,343,258,75.22,85,24.78
2314,23,14,300,185,61.67,115,38.33
2315,23,15,317,223,70.35,94,29.65
2316,23,16,345,240,69.57,105,30.43
2317,23,17,287,187,65.16,100,34.84
2318,23,18,322,220,68.32,102,31.68
2319,23,19,310,205,66.13,105,33.87
2320,23,20,255,178,69.8,77,30.2
2321,23,21,311,208,66.88,103,33.12
2322,23,22,338,245,72.49,93,27.51
2323,23,23,333,224,67.27,109,32.73
2324,23,24,326,223,68.4,103,31.6
2325,23,25,324,228,70.37,96,29.63
2326,23,26,360,258,71.67,102,28.33
2327,23,27,303,204,67.33,99,32.67
2328,23,28,393,261,66.41,132,33.59
2329,23,29,306,211,68.95,95,31.05
2330,23,30,448,304,67.86,144,32.14
2331,23,31,298,199,66.78,99,33.22
2332,23,32,353,239,67.71,114,32.29
2333,23,33,402,292,72.64,110,27.36
2334,23,34,388,263,67.78,125,32.22
2335,23,35,254,163,64.17,91,35.83
2336,23,36,340,239,70.29,101,29.71
2337,23,37,378,240,63.49,138,36.51
2338,23,38,315,216,68.57,99,31.43
2339,23,39,389,277,71.21,112,28.79
2401,24,1,235,133,56.6,102,43.4
2402,24,2,277,183,66.06,94,33.94
2403,24,3,340,203,59.71,137,40.29
2404,24,4,235,155,65.96,80,34.04
2405,24,5,161,103,63.98,58,36.02
2406,24,6,317,200,63.09,117,36.91
2407,24,7,225,159,70.67,66,29.33
2408,24,8,128,78,60.94,50,39.06
2409,24,9,267,161,60.3,106,39.7
2410,24,10,140,78,55.71,62,44.29
2411,24,11,279,163,58.42,116,41.58
2412,24,12,183,104,56.83,79,43.17
2413,24,13,179,105,58.66,74,41.34
2414,24,14,224,149,66.52,75,33.48
2415,24,15,151,105,69.54,46,30.46
2416,24,16,860,437,50.81,423,49.19
2417,24,17,204,119,58.33,85,41.67
2418,24,18,236,148,62.71,88,37.29
2419,24,19,316,204,64.56,112,35.44
2420,24,20,254,156,61.42,98,38.58
2421,24,21,153,80,52.29,73,47.71
2422,24,22,335,195,58.21,140,41.79
2423,24,23,255,148,58.04,107,41.96
2424,24,24,325,171,52.62,154,47.38
2425,24,25,202,130,64.36,72,35.64
2426,24,26,406,281,69.21,125,30.79
2427,24,27,301,192,63.79,109,36.21
2428,24,28,173,112,64.74,61,35.26
2429,24,29,198,129,65.15,69,34.85
2430,24,30,175,117,66.86,58,33.14
2431,24,31,290,155,53.45,135,46.55
2432,24,32,142,101,71.13,41,28.87
2433,24,33,176,107,60.8,69,39.2
2434,24,34,264,170,64.39,94,35.61
2435,24,35,255,156,61.18,99,38.82
2436,24,36,325,204,62.77,121,37.23
2437,24,37,132,92,69.7,40,30.3
2438,24,38,243,153,62.96,90,37.04
2439,24,39,272,178,65.44,94,34.56
2440,24,40,321,180,56.07,141,43.93
2441,24,41,128,80,62.5,48,37.5
2501,25,1,358,247,68.99,111,31.01
2502,25,2,535,347,64.86,188,35.14
2503,25,3,707,568,80.34,139,19.66
2504,25,4,340,243,71.47,97,28.53
2505,25,5,433,281,64.9,152,35.1
2506,25,6,136,105,77.21,31,22.79
2507,25,7,440,289,65.68,151,34.32
2508,25,8,520,335,64.42,185,35.58
2509,25,9,435,293,67.36,142,32.64
2510,25,10,586,504,86.01,82,13.99
2511,25,11,493,337,68.36,156,31.64
2512,25,12,442,300,67.87,142,32.13
2513,25,13,513,365,71.15,148,28.85
2514,25,14,286,233,81.47,53,18.53
2515,25,15,381,243,63.78,138,36.22
2516,25,16,696,576,82.76,120,17.24
2517,25,17,448,307,68.53,141,31.47
2518,25,18,217,170,78.34,47,21.66
2519,25,19,454,284,62.56,170,37.44
2520,25,20,244,130,53.28,114,46.72
2521,25,21,847,675,79.69,172,20.31
2522,25,22,468,309,66.03,159,33.97
2523,25,23,502,338,67.33,164,32.67
2524,25,24,459,299,65.14,160,34.86
2525,25,25,382,290,75.92,92,24.08
2526,25,26,461,307,66.59,154,33.41
2527,25,27,560,442,78.93,118,21.07
2528,25,28,479,325,67.85,154,32.15
2529,25,29,326,214,65.64,112,34.36
2530,25,30,443,279,62.98,164,37.02
2531,25,31,811,671,82.74,140,17.26
2532,25,32,353,231,65.44,122,34.56
2601,26,1,365,259,70.96,106,29.04
2602,26,2,271,165,60.89,106,39.11
2603,26,3,419,308,73.51,111,26.49
2604,26,4,247,146,59.11,101,40.89
2605,26,5,318,200,62.89,118,37.11
2606,26,6,295,198,67.12,97,32.88
2607,26,7,330,232,70.3,98,29.7
2608,26,8,213,140,65.73,73,34.27
2609,26,9,286,198,69.23,88,30.77
2610,26,10,343,218,63.56,125,36.44
2611,26,11,322,203,63.04,119,36.96
2612,26,12,343,218,63.56,125,36.44
2613,26,13,187,128,68.45,59,31.55
2614,26,14,274,176,64.23,98,35.77
2615,26,15,209,133,63.64,76,36.36
2616,26,16,180,113,62.78,67,37.22
2617,26,17,310,231,74.52,79,25.48
2618,26,18,254,174,68.5,80,31.5
2619,26,19,206,126,61.17,80,38.83
2620,26,20,285,195,68.42,90,31.58
2621,26,21,413,269,65.13,144,34.87
2622,26,22,184,125,67.93,59,32.07
2623,26,23,244,162,66.39,82,33.61
2624,26,24,275,181,65.82,94,34.18
2625,26,25,246,165,67.07,81,32.93
2626,26,26,245,158,64.49,87,35.51
2627,26,27,372,232,62.37,140,37.63
2628,26,28,443,336,75.85,107,24.15
2629,26,29,175,110,62.86,65,37.14
2630,26,30,276,181,65.58,95,34.42
2631,26,31,156,93,59.62,63,40.38
2632,26,32,401,293,73.07,108,26.93
2633,26,33,363,245,67.49,118,32.51
2634,26,34,346,224,64.74,122,35.26
2635,26,35,272,170,62.5,102,37.5
2636,26,36,329,223,67.78,106,32.22
2637,26,37,347,254,73.2,93,26.8
2638,26,38,166,102,61.45,64,38.55
2639,26,39,389,262,67.35,127,32.65
2640,26,40,200,121,60.5,79,39.5
2641,26,41,386,264,68.39,122,31.61
2642,26,42,275,184,66.91,91,33.09
2643,26,43,218,153,70.18,65,29.82
2644,26,44,178,121,67.98,57,32.02
2645,26,45,176,102,57.95,74,42.05
2646,26,46,246,167,67.89,79,32.11
2647,26,47,239,171,71.55,68,28.45
2648,26,48,348,249,71.55,99,28.45
2649,26,49,211,144,68.25,67,31.75
2701,27,1,881,728,82.63,153,17.37
2702,27,2,403,312,77.42,91,22.58
2703,27,3,165,108,65.45,57,34.55
2704,27,4,205,125,60.98,80,39.02
2705,27,5,293,175,59.73,118,40.27
2706,27,6,451,334,74.06,117,25.94
2707,27,7,572,447,78.15,125,21.85
2708,27,8,314,215,68.47,99,31.53
2709,27,9,183,153,83.61,30,16.39
2710,27,10,260,180,69.23,80,30.77
2711,27,11,451,365,80.93,86,19.07
2712,27,12,304,258,84.87,46,15.13
2713,27,13,529,393,74.29,136,25.71
2714,27,14,187,109,58.29,78,41.71
2715,27,15,180,99,55.0,81,45.0
2716,27,16,448,353,78.79,95,21.21
2717,27,17,394,267,67.77,127,32.23
2718,27,18,242,148,61.16,94,38.84
2719,27,19,177,111,62.71,66,37.29
2720,27,20,266,155,58.27,111,41.73
2721,27,21,353,284,80.45,69,19.55
2722,27,22,151,91,60.26,60,39.74
2723,27,23,210,134,63.81,76,36.19
2724,27,24,250,169,67.6,81,32.4
2725,27,25,335,217,64.78,118,35.22
2726,27,26,239,157,65.69,82,34.31
2727,27,27,490,338,68.98,152,31.02
2728,27,28,498,402,80.72,96,19.28
2729,27,29,251,150,59.76,101,40.24
2730,27,30,169,114,67.46,55,32.54
2731,27,31,271,153,56.46,118,43.54
2732,27,32,354,242,68.36,112,31.64
2733,27,33,540,418,77.41,122,22.59
2734,27,34,189,114,60.32,75,39.68
2735,27,35,512,407,79.49,105,20.51
2736,27,36,261,178,68.2,83,31.8
2737,27,37,336,269,80.06,67,19.94
2738,27,38,508,386,75.98,122,24.02
2739,27,39,259,164,63.32,95,36.68
2740,27,40,534,398,74.53,136,25.47
2741,27,41,247,162,65.59,85,34.41
2742,27,42,255,187,73.33,68,26.67
2743,27,43,303,204,67.33,99,32.67
2744,27,44,258,140,54.26,118,45.74
2745,27,45,1097,900,82.04,197,17.96
2746,27,46,336,295,87.8,41,12.2
2747,27,47,224,170,75.89,54,24.11
2748,27,48,674,493,73.15,181,26.85
2749,27,49,262,178,67.94,84,32.06
2750,27,50,307,199,64.82,108,35.18
2801,28,1,210,132,62.86,78,37.14
2802,28,2,243,158,65.02,85,34.98
2803,28,3,211,127,60.19,84,39.81
2804,28,4,276,218,78.99,58,21.01
2805,28,5,174,125,71.84,49,28.16
2806,28,6,170,135,79.41,35,20.59
2807,28,7,268,180,67.16,88,32.84
2808,28,8,478,374,78.24,104,21.76
2809,28,9,275,171,62.18,104,37.82
2810,28,10,382,262,68.59,120,31.41
2811,28,11,691,478,69.18,213,30.82
2812,28,12,256,179,69.92,77,30.08
2813,28,13,269,183,68.03,86,31.97
2814,28,14,272,169,62.13,103,37.87
2815,28,15,53,37,69.81,16,30.19
2816,28,16,179,112,62.57,67,37.43
2817,28,17,238,156,65.55,82,34.45
2818,28,18,235,146,62.13,89,37.87
2819,28,19,279,190,68.1,89,31.9
2820,28,20,232,150,64.66,82,35.34
2821,28,21,245,154,62.86,91,37.14
2822,28,22,255,175,68.63,80,31.37
2823,28,23,325,213,65.54,112,34.46
2824,28,24,244,152,62.3,92,37.7
2825,28,25,427,274,64.17,153,35.83
2826,28,26,244,152,62.3,92,37.7
2827,28,27,313,259,82.75,54,17.25
2828,28,28,398,315,79.15,83,20.85
2829,28,29,154,89,57.79,65,42.21
2830,28,30,45,36,80.0,9,20.0
2831,28,31,302,201,66.56,101,33.44
2832,28,32,270,164,60.74,106,39.26
2833,28,33,299,185,61.87,114,38.13
2834,28,34,496,289,58.27,207,41.73
2835,28,35,295,194,65.76,101,34.24
2836,28,36,134,95,70.9,39,29.1
2837,28,37,299,191,63.88,108,36.12
2838,28,38,118,86,72.88,32,27.12
2839,28,39,210,122,58.1,88,41.9
2840,28,40,349,235,67.34,114,32.66
2841,28,41,181,107,59.12,74,40.88
2842,28,42,281,179,63.7,102,36.3
2843,28,43,323,205,63.47,118,36.53
2844,28,44,215,125,58.14,90,41.86
2845,28,45,457,362,79.21,95,20.79
2846,28,46,578,396,68.51,182,31.49
2901,29,1,523,382,73.04,141,26.96
2902,29,2,439,283,64.46,156,35.54
2903,29,3,302,184,60.93,118,39.07
2904,29,4,419,291,69.45,128,30.55
2905,29,5,264,151,57.2,113,42.8
2906,29,6,259,165,63.71,94,36.29
2907,29,7,381,265,69.55,116,30.45
2908,29,8,337,210,62.31,127,37.69
2909,29,9,417,318,76.26,99,23.74
2910,29,10,482,349,72.41,133,27.59
2911,29,11,193,128,66.32,65,33.68
2912,29,12,445,309,69.44,136,30.56
2913,29,13,329,199,60.49,130,39.51
2914,29,14,311,211,67.85,100,32.15
2915,29,15,402,273,67.91,129,32.09
2916,29,16,345,233,67.54,112,32.46
2917,29,17,354,264,74.58,90,25.42
2918,29,18,331,214,64.65,117,35.35
2919,29,19,349,232,66.48,117,33.52
2920,29,20,369,226,61.25,143,38.75
2921,29,21,437,251,57.44,186,42.56
2922,29,22,265,153,57.74,112,42.26
2923,29,23,447,327,73.15,120,26.85
2924,29,24,354,231,65.25,123,34.75
2925,29,25,414,276,66.67,138,33.33
2926,29,26,332,236,71.08,96,28.92
2927,29,27,328,213,64.94,115,35.06
2928,29,28,417,273,65.47,144,34.53
2929,29,29,435,299,68.74,136,31.26
2930,29,30,505,349,69.11,156,30.89
2931,29,31,403,276,68.49,127,31.51
2932,29,32,410,274,66.83,136,33.17
2933,29,33,249,171,68.67,78,31.33
2934,29,34,260,152,58.46,108,41.54
2935,29,35,276,166,60.14,110,39.86
2936,29,36,329,223,67.78,106,32.22
2937,29,37,344,212,61.63,132,38.37
2938,29,38,482,341,70.75,141,29.25
2939,29,39,406,304,74.88,102,25.12
2940,29,40,401,251,62.59,150,37.41
2941,29,41,307,196,63.84,111,36.16
2942,29,42,388,238,61.34,150,38.66
2943,29,43,456,310,67.98,146,32.02
2944,29,44,380,237,62.37,143,37.63
3001,30,1,460,331,71.96,129,28.04
3002,30,2,409,290,70.9,119,29.1
3003,30,3,358,263,73.46,95,26.54
3004,30,4,403,283,70.22,120,29.78
3005,30,5,331,227,68.58,104,31.42
3006,30,6,284,205,72.18,79,27.82
3007,30,7,460,303,65.87,157,34.13
3008,30,8,508,340,66.93,168,33.07
3009,30,9,354,259,73.16,95,26.84
3010,30,10,393,283,72.01,110,27.99
3011,30,11,416,294,70.67,122,29.33
3012,30,12,377,278,73.74,99,26.26
3013,30,13,416,297,71.39,119,28.61
3014,30,14,299,198,66.22,101,33.78
3015,30,15,372,289,77.69,83,22.31
3016,30,16,230,162,70.43,68,29.57
3017,30,17,426,313,73.47,113,26.53
3018,30,18,517,364,70.41,153,29.59
3019,30,19,448,297,66.29,151,33.71
3020,30,20,434,296,68.2,138,31.8
3021,30,21,288,203,70.49,85,29.51
3022,30,22,625,435,69.6,190,30.4
3023,30,23,531,362,68.17,169,31.83
3024,30,24,603,397,65.84,206,34.16
3025,30,25,618,421,68.12,197,31.88
3026,30,26,264,185,70.08,79,29.92
3027,30,27,302,217,71.85,85,28.15
3028,30,28,440,324,73.64,116,26.36
3029,30,29,293,202,68.94,91,31.06
3030,30,30,179,120,67.04,59,32.96
3031,30,31,265,189,71.32,76,28.68
3032,30,32,342,254,74.27,88,25.73
3101,31,1,271,176,64.94,95,35.06
3102,31,2,253,176,69.57,77,30.43
3103,31,3,264,189,71.59,75,28.41
3104,31,4,357,239,66.95,118,33.05
3105,31,5,310,225,72.58,85,27.42
3106,31,6,194,145,74.74,49,25.26
3107,31,7,405,290,71.6,115,28.4
3108,31,8,267,183,68.54,84,31.46
3109,31,9,313,221,70.61,92,29.39
3110,31,10,338,258,76.33,80,23.67
3111,31,11,211,142,67.3,69,32.7
3112,31,12,238,179,75.21,59,24.79
3113,31,13,311,215,69.13,96,30.87
3114,31,14,271,201,74.17,70,25.83
3115,31,15,287,197,68.64,90,31.36
3116,31,16,343,236,68.8,107,31.2
3117,31,17,267,196,73.41,71,26.59
3118,31,18,270,196,72.59,74,27.41
3119,31,19,252,167,66.27,85,33.73
3120,31,20,244,156,63.93,88,36.07
3121,31,21,255,180,70.59,75,29.41
3122,31,22,246,162,65.85,84,34.15
3123,31,23,315,228,72.38,87,27.62
3124,31,24,286,211,73.78,75,26.22
3125,31,25,288,200,69.44,88,30.56
3126,31,26,285,203,71.23,82,28.77
3127,31,27,304,210,69.08,94,30.92
3128,31,28,272,192,70.59,80,29.41
3129,31,29,269,184,68.4,85,31.6
3130,31,30,238,175,73.53,63,26.47
3131,31,31,238,165,69.33,73,30.67
3132,31,32,228,155,67.98,73,32.02
3133,31,33,264,197,74.62,67,25.38
3134,31,34,285,191,67.02,94,32.98
3135,31,35,344,228,66.28,116,33.72
3136,31,36,281,201,71.53,80,28.47
3137,31,37,270,186,68.89,84,31.11
3138,31,38,258,194,75.19,64,24.81
3139,31,39,315,215,68.25,100,31.75
3140,31,40,320,201,62.81,119,37.19
3141,31,41,267,185,69.29,82,30.71
3201,32,1,647,508,78.52,139,21.48
3202,32,2,568,460,80.99,108,19.01
3203,32,3,541,398,73.57,143,26.43
3204,32,4,456,376,82.46,80,17.54
3205,32,5,539,437,81.08,102,18.92
3206,32,6,606,509,83.99,97,16.01
3207,32,7,586,463,79.01,123,20.99
3208,32,8,622,520,83.6,102,16.4
3209,32,9,511,389,76.13,122,23.87
3210,32,10,567,447,78.84,120,21.16
3211,32,11,459,328,71.46,131,28.54
3212,32,12,346,256,73.99,90,26.01
3213,32,13,551,451,81.85,100,18.15
3214,32,14,535,415,77.57,120,22.43
3215,32,15,482,381,79.05,101,20.95
3216,32,16,481,371,77.13,110,22.87
3217,32,17,490,340,69.39,150,30.61
3218,32,18,491,407,82.89,84,17.11
3219,32,19,479,383,79.96,96,20.04
3220,32,20,488,359,73.57,129,26.43
3221,32,21,515,419,81.36,96,18.64
3222,32,22,635,495,77.95,140,22.05
3223,32,23,536,450,83.96,86,16.04
3224,32,24,438,366,83.56,72,16.44
3225,32,25,509,420,82.51,89,17.49
3226,32,26,519,379,73.03,140,26.97
3227,32,27,519,427,82.27,92,17.73
3228,32,28,528,375,71.02,153,28.98
3229,32,29,529,411,77.69,118,22.31
3230,32,30,494,423,85.63,71,14.37
3231,32,31,543,430,79.19,113,20.81
3232,32,32,594,501,84.34,93,15.66
3233,32,33,457,386,84.46,71,15.54
3234,32,34,561,453,80.75,108,19.25
3235,32,35,486,392,80.66,94,19.34
3236,32,36,518,420,81.08,98,18.92
3237,32,37,594,464,78.11,130,21.89
3238,32,38,494,389,78.74,105,21.26
3239,32,39,563,472,83.84,91,16.16
3240,32,40,519,433,83.43,86,16.57
3241,32,41,539,427,79.22,112,20.78
3242,32,42,480,388,80.83,92,19.17
3243,32,43,463,342,73.87,121,26.13
3301,33,1,570,400,70.18,170,29.82
3302,33,2,695,502,72.23,193,27.77
3303,33,3,752,556,73.94,196,26.06
3304,33,4,721,505,70.04,216,29.96
3305,33,5,509,379,74.46,130,25.54
3306,33,6,476,332,69.75,144,30.25
3307,33,7,567,394,69.49,173,30.51
3308,33,8,666,534,80.18,132,19.82
3309,33,9,599,457,76.29,142,23.71
3310,33,10,455,355,78.02,100,21.98
3311,33,11,535,394,73.64,141,26.36
3312,33,12,551,419,76.04,132,23.96
3313,33,13,524,376,71.76,148,28.24
3314,33,14,258,183,70.93,75,29.07
3315,33,15,558,420,75.27,138,24.73
3316,33,16,727,527,72.49,200,27.51
3317,33,17,557,397,71.27,160,28.73
3318,33,18,757,552,72.92,205,27.08
3319,33,19,637,463,72.68,174,27.32
3320,33,20,683,521,76.28,162,23.72
3321,33,21,596,424,71.14,172,28.86
3322,33,22,496,358,72.18,138,27.82
3323,33,23,605,445,73.55,160,26.45
3324,33,24,674,546,81.01,128,18.99
3325,33,25,650,500,76.92,150,23.08
3326,33,26,390,266,68.21,124,31.79
3327,33,27,636,439,69.03,197,30.97
3328,33,28,505,368,72.87,137,27.13
3401,34,1,395,265,67.09,130,32.91
3402,34,2,308,226,73.38,82,26.62
3403,34,3,351,239,68.09,112,31.91
3404,34,4,275,191,69.45,84,30.55
3405,34,5,303,194,64.03,109,35.97
3406,34,6,395,255,64.56,140,35.44
3407,34,7,375,259,69.07,116,30.93
3408,34,8,292,177,60.62,115,39.38
3409,34,9,235,138,58.72,97,41.28
3410,34,10,298,199,66.78,99,33.22
3411,34,11,311,193,62.06,118,37.94
3412,34,12,368,250,67.93,118,32.07
3413,34,13,365,237,64.93,128,35.07
3414,34,14,276,187,67.75,89,32.25
3415,34,15,325,210,64.62,115,35.38
3416,34,16,323,218,67.49,105,32.51
3417,34,17,430,288,66.98,142,33.02
3418,34,18,211,137,64.93,74,35.07
3419,34,19,382,269,70.42,113,29.58
3420,34,20,401,280,69.83,121,30.17
3421,34,21,420,290,69.05,130,30.95
3422,34,22,354,237,66.95,117,33.05
3423,34,23,307,203,66.12,104,33.88
3424,34,24,301,207,68.77,94,31.23
3425,34,25,524,350,66.79,174,33.21
3426,34,26,414,284,68.6,130,31.4
3427,34,27,281,178,63.35,103,36.65
3428,34,28,223,144,64.57,79,35.43
3429,34,29,282,168,59.57,114,40.43
3430,34,30,328,244,74.39,84,25.61
3431,34,31,273,176,64.47,97,35.53
3432,34,32,349,232,66.48,117,33.52
3433,34,33,295,181,61.36,114,38.64
3434,34,34,416,278,66.83,138,33.17
3435,34,35,434,268,61.75,166,38.25
3436,34,36,308,213,69.16,95,30.84
3437,34,37,200,117,58.5,83,41.5
3438,34,38,176,107,60.8,69,39.2
3439,34,39,262,154,58.78,108,41.22
3440,34,40,374,250,66.84,124,33.16
3441,34,41,218,136,62.39,82,37.61
3442,34,42,352,246,69.89,106,30.11
3443,34,43,328,245,74.7,83,25.3
3444,34,44,304,209,68.75,95,31.25
3445,34,45,349,237,67.91,112,32.09
3446,34,46,242,163,67.36,79,32.64
3447,34,47,314,230,73.25,84,26.75
3448,34,48,356,251,70.51,105,29.49
3449,34,49,321,241,75.08,80,24.92
3450,34,50,287,204,71.08,83,28.92
3451,34,51,406,275,67.73,131,32.27
3452,34,52,272,192,70.59,80,29.41
3453,34,53,240,157,65.42,83,34.58
3501,35,1,455,318,69.89,137,30.11
3502,35,2,468,348,74.36,120,25.64
3503,35,3,424,278,65.57,146,34.43
3504,35,4,471,324,68.79,147,31.21
3505,35,5,394,268,68.02,126,31.98
3506,35,6,491,358,72.91,133,27.09
3507,35,7,464,311,67.03,153,32.97
3508,35,8,462,317,68.61,145,31.39
3509,35,9,402,276,68.66,126,31.34
3510,35,10,523,368,70.36,155,29.64
3511,35,11,511,353,69.08,158,30.92
3512,35,12,313,206,65.81,107,34.19
3513,35,13,322,214,66.46,108,33.54
3514,35,14,366,248,67.76,118,32.24
3515,35,15,557,400,71.81,157,28.19
3516,35,16,245,164,66.94,81,33.06
3517,35,17,456,294,64.47,162,35.53
3518,35,18,317,218,68.77,99,31.23
3519,35,19,288,198,68.75,90,31.25
3520,35,20,467,336,71.95,131,28.05
3521,35,21,468,308,65.81,160,34.19
3522,35,22,576,411,71.35,165,28.65
3523,35,23,469,347,73.99,122,26.01
3524,35,24,411,298,72.51,113,27.49
3525,35,25,465,331,71.18,134,28.82
3526,35,26,408,294,72.06,114,27.94
3527,35,27,407,297,72.97,110,27.03
3528,35,28,460,333,72.39,127,27.61
3529,35,29,437,306,70.02,131,29.98
3530,35,30,420,288,68.57,132,31.43
3531,35,31,493,363,73.63,130,26.37
3601,36,1,383,272,71.02,111,28.98
3602,36,2,368,244,66.3,124,33.7
3603,36,3,345,247,71.59,98,28.41
3604,36,4,433,306,70.67,127,29.33
3605,36,5,342,245,71.64,97,28.36
3606,36,6,348,238,68.39,110,31.61
3607,36,7,391,272,69.57,119,30.43
3608,36,8,317,218,68.77,99,31.23
3609,36,9,383,256,66.84,127,33.16
3610,36,10,502,362,72.11,140,27.89
3611,36,11,273,180,65.93,93,34.07
3612,36,12,243,170,69.96,73,30.04
3613,36,13,272,187,68.75,85,31.25
3614,36,14,424,303,71.46,121,28.54
3615,36,15,375,297,79.2,78,20.8
3616,36,16,376,282,75.0,94,25.0
3617,36,17,470,328,69.79,142,30.21
3618,36,18,399,271,67.92,128,32.08
3619,36,19,496,341,68.75,155,31.25
3620,36,20,440,305,69.32,135,30.68
3621,36,21,344,208,60.47,136,39.53
3622,36,22,352,223,63.35,129,36.65
3623,36,23,352,233,66.19,119,33.81
3624,36,24,451,318,70.51,133,29.49
3625,36,25,403,287,71.22,116,28.78
3626,36,26,354,250,70.62,104,29.38
3627,36,27,327,231,70.64,96,29.36
3628,36,28,346,247,71.39,99,28.61
3629,36,29,419,300,71.6,119,28.4
3630,36,30,367,260,70.84,107,29.16
3701,37,1,204,145,71.08,59,28.92
3702,37,2,299,187,62.54,112,37.46
3703,37,3,219,134,61.19,85,38.81
3704,37,4,259,154,59.46,105,40.54
3705,37,5,312,200,64.1,112,35.9
3706,37,6,214,136,63.55,78,36.45
3707,37,7,243,168,69.14,75,30.86
3708,37,8,220,144,65.45,76,34.55
3709,37,9,297,190,63.97,107,36.03
3710,37,10,395,265,67.09,130,32.91
3711,37,11,204,129,63.24,75,36.76
3712,37,12,289,195,67.47,94,32.53
3713,37,13,230,146,63.48,84,36.52
3714,37,14,361,224,62.05,137,37.95
3715,37,15,327,223,68.2,104,31.8
3716,37,16,347,222,63.98,125,36.02
3717,37,17,232,148,63.79,84,36.21
3718,37,18,264,162,61.36,102,38.64
3719,37,19,230,154,66.96,76,33.04
3720,37,20,281,181,64.41,100,35.59
3721,37,21,239,161,67.36,78,32.64
3722,37,22,289,182,62.98,107,37.02
3723,37,23,302,191,63.25,111,36.75
3724,37,24,298,187,62.75,111,37.25
3725,37,25,263,146,55.51,117,44.49
3726,37,26,421,252,59.86,169,40.14
3727,37,27,308,186,60.39,122,39.61
3728,37,28,267,168,62.92,99,37.08
3729,37,29,262,175,66.79,87,33.21
3730,37,30,268,169,63.06,99,36.94
3731,37,31,364,239,65.66,125,34.34
3732,37,32,275,184,66.91,91,33.09
3733,37,33,225,148,65.78,77,34.22
3734,37,34,273,163,59.71,110,40.29
3735,37,35,318,214,67.3,104,32.7
3736,37,36,215,129,60.0,86,40.0
3737,37,37,319,203,63.64,116,36.36
3738,37,38,335,210,62.69,125,37.31
3739,37,39,254,155,61.02,99,38.98
3740,37,40,318,215,67.61,103,32.39
3741,37,41,302,204,67.55,98,32.45
3801,38,1,378,279,73.81,99,26.19
3802,38,2,393,275,69.97,118,30.03
3803,38,3,400,279,69.75,121,30.25
3804,38,4,365,243,66.58,122,33.42
3805,38,5,371,261,70.35,110,29.65
3806,38,6,396,266,67.17,130,32.83
3807,38,7,369,263,71.27,106,28.73
3808,38,8,387,258,66.67,129,33.33
3809,38,9,466,326,69.96,140,30.04
3810,38,10,355,238,67.04,117,32.96
3811,38,11,363,281,77.41,82,22.59
3812,38,12,364,253,69.51,111,30.49
3813,38,13,448,321,71.65,127,28.35
3814,38,14,426,297,69.72,129,30.28
3815,38,15,362,253,69.89,109,30.11
3816,38,16,386,260,67.36,126,32.64
3817,38,17,465,322,69.25,143,30.75
3818,38,18,396,283,71.46,113,28.54
3819,38,19,423,324,76.6,99,23.4
3820,38,20,403,288,71.46,115,28.54
3821,38,21,397,289,72.8,108,27.2
3822,38,22,358,261,72.91,97,27.09
3823,38,23,414,297,71.74,117,28.26
3824,38,24,383,273,71.28,110,28.72
3825,38,25,371,268,72.24,103,27.76
3826,38,26,405,299,73.83,106,26.17
3827,38,27,389,266,68.38,123,31.62
3828,38,28,487,327,67.15,160,32.85
3829,38,29,411,283,68.86,128,31.14
3830,38,30,392,271,69.13,121,30.87
3831,38,31,411,302,73.48,109,26.52
3832,38,32,383,281,73.37,102,26.63
3833,38,33,325,227,69.85,98,30.15
3834,38,34,363,256,70.52,107,29.48
3835,38,35,367,263,71.66,104,28.34
3836,38,36,367,272,74.11,95,25.89
3837,38,37,386,243,62.95,143,37.05
3838,38,38,382,269,70.42,113,29.58
3839,38,39,421,303,71.97,118,28.03
3840,38,40,402,280,69.65,122,30.35
3841,38,41,351,269,76.64,82,23.36
3901,39,1,399,298,74.69,101,25.31
3902,39,2,251,204,81.27,47,18.73
3903,39,3,466,357,76.61,109,23.39
3904,39,4,401,290,72.32,111,27.68
3905,39,5,427,328,76.81,99,23.19
3906,39,6,441,301,68.25,140,31.75
3907,39,7,369,292,79.13,77,20.87
3908,39,8,426,336,78.87,90,21.13
3909,39,9,376,290,77.13,86,22.87
3910,39,10,197,156,79.19,41,20.81
3911,39,11,394,283,71.83,111,28.17
3912,39,12,562,392,69.75,170,30.25
3913,39,13,344,259,75.29,85,24.71
3914,39,14,417,298,71.46,119,28.54
3915,39,15,469,352,75.05,117,24.95
3916,39,16,385,286,74.29,99,25.71
3917,39,17,412,317,76.94,95,23.06
3918,39,18,411,314,76.4,97,23.6
3919,39,19,395,302,76.46,93,23.54
3920,39,20,518,365,70.46,153,29.54
3921,39,21,406,276,67.98,130,32.02
3922,39,22,411,300,72.99,111,27.01
3923,39,23,420,314,74.76,106,25.24
3924,39,24,511,364,71.23,147,28.77
3925,39,25,349,268,76.79,81,23.21
3926,39,26,379,289,76.25,90,23.75
3927,39,27,59,48,81.36,11,18.64
3928,39,28,515,383,74.37,132,25.63
3929,39,29,219,160,73.06,59,26.94
3930,39,30,514,402,78.21,112,21.79
3931,39,31,374,279,74.6,95,25.4
3932,39,32,307,233,75.9,74,24.1
3933,39,33,416,312,75.0,104,25.0
3934,39,34,495,349,70.51,146,29.49
3935,39,35,410,319,77.8,91,22.2
3936,39,36,99,87,87.88,12,12.12
3937,39,37,376,308,81.91,68,18.09
3938,39,38,208,164,78.85,44,21.15
3939,39,39,257,203,78.99,54,21.01
3940,39,40,425,309,72.71,116,27.29
3941,39,41,414,323,78.02,91,21.98
3942,39,42,433,349,80.6,84,19.4
3943,39,43,419,306,73.03,113,26.97
3944,39,44,330,244,73.94,86,26.06
3945,39,45,354,264,74.58,90,25.42
4001,40,1,422,336,79.62,86,20.38
4002,40,2,481,372,77.34,109,22.66
4003,40,3,594,457,76.94,137,23.06
4004,40,4,290,222,76.55,68,23.45
4005,40,5,550,446,81.09,104,18.91
4006,40,6,559,433,77.46,126,22.54
4007,40,7,459,366,79.74,93,20.26
4008,40,8,626,487,77.8,139,22.2
4009,40,9,366,275,75.14,91,24.86
4010,40,10,531,404,76.08,127,23.92
4011,40,11,487,382,78.44,105,21.56
4012,40,12,401,325,81.05,76,18.95
4013,40,13,700,549,78.43,151,21.57
4014,40,14,429,324,75.52,105,24.48
4015,40,15,459,359,78.21,100,21.79
4016,40,16,634,474,74.76,160,25.24
4017,40,17,406,315,77.59,91,22.41
4018,40,18,375,280,74.67,95,25.33
4019,40,19,598,438,73.24,160,26.76
4020,40,20,492,371,75.41,121,24.59
4021,40,21,543,440,81.03,103,18.97
4022,40,22,586,464,79.18,122,20.82
4023,40,23,577,451,78.16,126,21.84
4024,40,24,447,337,75.39,110,24.61
4025,40,25,556,418,75.18,138,24.82
4026,40,26,499,405,81.16,94,18.84
4027,40,27,585,429,73.33,156,26.67
4028,40,28,518,375,72.39,143,27.61
4029,40,29,502,383,76.29,119,23.71
4030,40,30,410,332,80.98,78,19.02
4031,40,31,533,425,79.74,108,20.26
4032,40,32,528,431,81.63,97,18.37
4033,40,33,466,364,78.11,102,21.89
4034,40,34,420,343,81.67,77,18.33
4035,40,35,317,243,76.66,74,23.34
4036,40,36,401,313,78.05,88,21.95
4037,40,37,496,370,74.6,126,25.4
4038,40,38,602,485,80.56,117,19.44
4039,40,39,190,138,72.63,52,27.37
4101,41,1,413,267,64.65,146,35.35
4102,41,2,469,320,68.23,149,31.77
4103,41,3,426,298,69.95,128,30.05
4104,41,4,412,311,75.49,101,24.51
4105,41,5,503,364,72.37,139,27.63
4106,41,6,485,368,75.88,117,24.12
4107,41,7,438,299,68.26,139,31.74
4108,41,8,433,283,65.36,150,34.64
4109,41,9,385,282,73.25,103,26.75
4110,41,10,432,299,69.21,133,30.79
4111,41,11,462,289,62.55,173,37.45
4112,41,12,463,343,74.08,120,25.92
4113,41,13,475,337,70.95,138,29.05
4114,41,14,450,326,72.44,124,27.56
4115,41,15,527,397,75.33,130,24.67
4116,41,16,403,273,67.74,130,32.26
4117,41,17,382,268,70.16,114,29.84
4118,41,18,387,277,71.58,110,28.42
4119,41,19,455,362,79.56,93,20.44
4120,41,20,322,218,67.7,104,32.3
4121,41,21,451,316,70.07,135,29.93
4122,41,22,495,337,68.08,158,31.92
4123,41,23,416,290,69.71,126,30.29
4124,41,24,410,278,67.8,132,32.2
4125,41,25,391,263,67.26,128,32.74
4126,41,26,391,271,69.31,120,30.69
4127,41,27,375,262,69.87,113,30.13
4128,41,28,418,287,68.66,131,31.34
4129,41,29,339,229,67.55,110,32.45
4130,41,30,368,261,70.92,107,29.08
4131,41,31,375,269,71.73,106,28.27
4132,41,32,389,265,68.12,124,31.88
4133,41,33,414,287,69.32,127,30.68
4134,41,34,398,279,70.1,119,29.9
4135,41,35,491,334,68.02,157,31.98
4136,41,36,434,294,67.74,140,32.26
4137,41,37,486,366,75.31,120,24.69
4138,41,38,413,283,68.52,130,31.48
4139,41,39,442,304,68.78,138,31.22
4140,41,40,479,304,63.47,175,36.53
4141,41,41,454,324,71.37,130,28.63
4142,41,42,425,298,70.12,127,29.88
4143,41,43,406,282,69.46,124,30.54
4144,41,44,435,290,66.67,145,33.33
4145,41,45,434,304,70.05,130,29.95
4146,41,46,424,294,69.34,130,30.66
4147,41,47,431,315,73.09,116,26.91
4201,42,1,397,339,85.39,58,14.61
4202,42,2,595,503,84.54,92,15.46
4203,42,3,512,423,82.62,89,17.38
4204,42,4,1106,909,82.19,197,17.81
4205,42,5,394,334,84.77,60,15.23
4206,42,6,451,373,82.71,78,17.29
4207,42,7,567,469,82.72,98,17.28
4208,42,8,369,286,77.51,83,22.49
4209,42,9,666,535,80.33,131,19.67
4210,42,10,695,566,81.44,129,18.56
4211,42,11,313,270,86.26,43,13.74
4212,42,12,385,317,82.34,68,17.66
4213,42,13,382,314,82.2,68,17.8
4214,42,14,666,567,85.14,99,14.86
4215,42,15,651,544,83.56,107,16.44
4216,42,16,491,397,80.86,94,19.14
4217,42,17,766,645,84.2,121,15.8
4218,42,18,640,539,84.22,101,15.78
4219,42,19,591,494,83.59,97,16.41
4220,42,20,590,471,79.83,119,20.17
4221,42,21,619,525,84.81,94,15.19
4222,42,22,273,225,82.42,48,17.58
4223,42,23,498,404,81.12,94,18.88
4224,42,24,422,349,82.7,73,17.3
4225,42,25,557,425,76.3,132,23.7
4226,42,26,769,648,84.27,121,15.73
4227,42,27,342,255,74.56,87,25.44
4228,42,28,531,423,79.66,108,20.34
4229,42,29,581,461,79.35,120,20.65
4230,42,30,365,306,83.84,59,16.16
4231,42,31,553,443,80.11,110,19.89
4232,42,32,591,471,79.7,120,20.3
4233,42,33,566,443,78.27,123,21.73
4234,42,34,376,302,80.32,74,19.68
4235,42,35,598,478,79.93,120,20.07
4236,42,36,889,712,80.09,177,19.91
4237,42,37,376,303,80.59,73,19.41
4238,42,38,480,392,81.67,88,18.33
4239,42,39,867,741,85.47,126,14.53
4240,42,40,726,597,82.23,129,17.77
4241,42,41,515,421,81.75,94,18.25
4242,42,42,874,741,84.78,133,15.22
4301,43,1,246,204,82.93,42,17.07
4302,43,2,522,442,84.67,80,15.33
4303,43,3,459,381,83.01,78,16.99
4304,43,4,560,465,83.04,95,16.96
4305,43,5,443,384,86.68,59,13.32
4306,43,6,379,325,85.75,54,14.25
4307,43,7,280,246,87.86,34,12.14
4308,43,8,368,315,85.6,53,14.4
4309,43,9,472,382,80.93,90,19.07
4310,43,10,574,485,84.49,89,15.51
4311,43,11,448,382,85.27,66,14.73
4312,43,12,312,258,82.69,54,17.31
4313,43,13,489,403,82.41,86,17.59
4314,43,14,482,407,84.44,75,15.56
4315,43,15,464,376,81.03,88,18.97
4316,43,16,645,531,82.33,114,17.67
4317,43,17,387,341,88.11,46,11.89
4318,43,18,533,449,84.24,84,15.76
4319,43,19,475,421,88.63,54,11.37
4320,43,20,585,496,84.79,89,15.21
4321,43,21,546,449,82.23,97,17.77
4322,43,22,333,278,83.48,55,16.52
4323,43,23,340,291,85.59,49,14.41
4324,43,24,352,294,83.52,58,16.48
4325,43,25,398,326,81.91,72,18.09
4326,43,26,292,252,86.3,40,13.7
4327,43,27,447,380,85.01,67,14.99
4328,43,28,574,494,86.06,80,13.94
4329,43,29,668,568,85.03,100,14.97
4330,43,30,507,422,83.23,85,16.77
4331,43,31,449,352,78.4,97,21.6
4332,43,32,488,421,86.27,67,13.73
4333,43,33,444,382,86.04,62,13.96
4334,43,34,315,277,87.94,38,12.06
4335,43,35,492,418,84.96,74,15.04
4336,43,36,320,264,82.5,56,17.5
4337,43,37,562,464,82.56,98,17.44
4338,43,38,325,266,81.85,59,18.15
4339,43,39,357,277,77.59,80,22.41
4340,43,40,360,299,83.06,61,16.94
4341,43,41,575,494,85.91,81,14.09
4342,43,42,451,378,83.81,73,16.19
4343,43,43,447,381,85.23,66,14.77
4344,43,44,440,371,84.32,69,15.68
4345,43,45,294,242,82.31,52,17.69
4346,43,46,284,233,82.04,51,17.96
4401,44,1,801,659,82.27,142,17.73
4402,44,2,524,442,84.35,82,15.65
4403,44,3,273,230,84.25,43,15.75
4404,44,4,395,347,87.85,48,12.15
4405,44,5,524,443,84.54,81,15.46
4406,44,6,643,541,84.14,102,15.86
4407,44,7,310,260,83.87,50,16.13
4408,44,8,716,608,84.92,108,15.08
4409,44,9,552,478,86.59,74,13.41
4410,44,10,562,473,84.16,89,15.84
4411,44,11,616,489,79.38,127,20.62
4412,44,12,545,463,84.95,82,15.05
4413,44,13,468,394,84.19,74,15.81
4414,44,14,524,432,82.44,92,17.56
4415,44,15,483,400,82.82,83,17.18
4416,44,16,625,495,79.2,130,20.8
4417,44,17,700,576,82.29,124,17.71
4418,44,18,575,474,82.43,101,17.57
4419,44,19,616,513,83.28,103,16.72
4420,44,20,670,559,83.43,111,16.57
4421,44,21,621,521,83.9,100,16.1
4422,44,22,502,417,83.07,85,16.93
4423,44,23,517,445,86.07,72,13.93
4424,44,24,346,312,90.17,34,9.83
4425,44,25,539,452,83.86,87,16.14
4426,44,26,711,575,80.87,136,19.13
4427,44,27,610,513,84.1,97,15.9
4428,44,28,584,489,83.73,95,16.27
4429,44,29,619,521,84.17,98,15.83
4430,44,30,645,539,83.57,106,16.43
4431,44,31,488,391,80.12,97,19.88
4432,44,32,611,484,79.21,127,20.79
4433,44,33,607,511,84.18,96,15.82
4434,44,34,550,470,85.45,80,14.55
4435,44,35,549,465,84.7,84,15.3
4436,44,36,617,526,85.25,91,14.75
4437,44,37,608,489,80.43,119,19.57
4438,44,38,644,525,81.52,119,18.48
4439,44,39,590,519,87.97,71,12.03
4440,44,40,505,423,83.76,82,16.24
4441,44,41,694,562,80.98,132,19.02
4501,45,1,368,281,76.36,87,23.64
4502,45,2,435,335,77.01,100,22.99
4503,45,3,396,302,76.26,94,23.74
4504,45,4,521,370,71.02,151,28.98
4505,45,5,446,351,78.7,95,21.3
4506,45,6,590,450,76.27,140,23.73
4507,45,7,618,506,81.88,112,18.12
4508,45,8,448,343,76.56,105,23.44
4509,45,9,435,315,72.41,120,27.59
4510,45,10,420,295,70.24,125,29.76
4511,45,11,346,255,73.7,91,26.3
4512,45,12,382,276,72.25,106,27.75
4513,45,13,350,267,76.29,83,23.71
4514,45,14,613,473,77.16,140,22.84
4515,45,15,522,397,76.05,125,23.95
4516,45,16,353,263,74.5,90,25.5
4517,45,17,458,337,73.58,121,26.42
4518,45,18,457,331,72.43,126,27.57
4519,45,19,239,182,76.15,57,23.85
4520,45,20,295,216,73.22,79,26.78
4521,45,21,369,256,69.38,113,30.62
4522,45,22,389,293,75.32,96,24.68
4523,45,23,403,289,71.71,114,28.29
4524,45,24,339,235,69.32,104,30.68
4525,45,25,281,186,66.19,95,33.81
4526,45,26,244,185,75.82,59,24.18
4527,45,27,414,294,71.01,120,28.99
4528,45,28,345,257,74.49,88,25.51
4529,45,29,274,212,77.37,62,22.63
4530,45,30,421,313,74.35,108,25.65
4531,45,31,341,253,74.19,88,25.81
4532,45,32,395,293,74.18,102,25.82
4533,45,33,301,225,74.75,76,25.25
4534,45,34,448,316,70.54,132,29.46
4535,45,35,461,339,73.54,122,26.46
4536,45,36,438,321,73.29,117,26.71
4537,45,37,404,269,66.58,135,33.42
4538,45,38,408,282,69.12,126,30.88
4539,45,39,415,288,69.4,127,30.6
4540,45,40,400,267,66.75,133,33.25
4541,45,41,380,262,68.95,118,31.05
4542,45,42,397,287,72.29,110,27.71
4543,45,43,439,309,70.39,130,29.61
4544,45,44,379,271,71.5,108,28.5
4545,45,45,273,179,65.57,94,34.43
4546,45,46,335,228,68.06,107,31.94
4547,45,47,307,216,70.36,91,29.64
4548,45,48,322,216,67.08,106,32.92
4601,46,1,387,284,73.39,103,26.61
4602,46,2,510,391,76.67,119,23.33
4603,46,3,582,489,84.02,93,15.98
4604,46,4,487,381,78.23,106,21.77
4605,46,5,671,532,79.28,139,20.72
4606,46,6,429,315,73.43,114,26.57
4607,46,7,480,393,81.88,87,18.13
4608,46,8,337,256,75.96,81,24.04
4609,46,9,575,448,77.91,127,22.09
4610,46,10,878,710,80.87,168,19.13
4611,46,11,477,352,73.79,125,26.21
4612,46,12,547,421,76.97,126,23.03
4613,46,13,530,426,80.38,104,19.62
4614,46,14,516,385,74.61,131,25.39
4615,46,15,518,421,81.27,97,18.73
4616,46,16,583,445,76.33,138,23.67
4617,46,17,546,439,80.4,107,19.6
4618,46,18,571,443,77.58,128,22.42
4619,46,19,339,273,80.53,66,19.47
4620,46,20,429,336,78.32,93,21.68
4621,46,21,388,278,71.65,110,28.35
4622,46,22,354,263,74.29,91,25.71
4623,46,23,466,363,77.9,103,22.1
4624,46,24,641,533,83.15,108,16.85
4625,46,25,500,373,74.6,127,25.4
4626,46,26,707,522,73.83,185,26.17
4627,46,27,674,513,76.11,161,23.89
4628,46,28,466,386,82.83,80,17.17
4629,46,29,403,333,82.63,70,17.37
4630,46,30,530,413,77.92,117,22.08
4631,46,31,524,447,85.31,77,14.69
4632,46,32,477,348,72.96,129,27.04
4633,46,33,514,426,82.88,88,17.12
4634,46,34,666,522,78.38,144,21.62
4635,46,35,582,460,79.04,122,20.96
4636,46,36,477,398,83.44,79,16.56
4637,46,37,407,317,77.89,90,22.11
4638,46,38,587,454,77.34,133,22.66
4639,46,39,456,350,76.75,106,23.25
4640,46,40,430,349,81.16,81,18.84
4701,47,1,366,289,78.96,77,21.04
4702,47,2,510,422,82.75,88,17.25
4703,47,3,498,432,86.75,66,13.25
4704,47,4,630,533,84.6,97,15.4
4705,47,5,580,436,75.17,144,24.83
4706,47,6,644,540,83.85,104,16.15
4707,47,7,499,382,76.55,117,23.45
4708,47,8,536,438,81.72,98,18.28
4709,47,9,496,410,82.66,86,17.34
4710,47,10,640,501,78.28,139,21.72
4711,47,11,537,445,82.87,92,17.13
4712,47,12,575,458,79.65,117,20.35
4713,47,13,521,421,80.81,100,19.19
4714,47,14,489,420,85.89,69,14.11
4715,47,15,662,487,73.56,175,26.44
4716,47,16,532,436,81.95,96,18.05
4717,47,17,523,403,77.06,120,22.94
4718,47,18,515,404,78.45,111,21.55
4719,47,19,831,638,76.77,193,23.23
4720,47,20,560,446,79.64,114,20.36
4721,47,21,506,392,77.47,114,22.53
4722,47,22,584,466,79.79,118,20.21
4723,47,23,596,466,78.19,130,21.81
4724,47,24,549,444,80.87,105,19.13
4725,47,25,657,531,80.82,126,19.18
4726,47,26,732,597,81.56,135,18.44
4727,47,27,458,380,82.97,78,17.03
4728,47,28,496,389,78.43,107,21.57
4729,47,29,625,513,82.08,112,17.92
4730,47,30,671,549,81.82,122,18.18
4731,47,31,582,445,76.46,137,23.54
4732,47,32,651,518,79.57,133,20.43
4733,47,33,512,430,83.98,82,16.02
4734,47,34,565,464,82.12,101,17.88
4735,47,35,526,423,80.42,103,19.58
4736,47,36,619,489,79.0,130,21.0
4737,47,37,492,386,78.46,106,21.54
4738,47,38,539,444,82.37,95,17.63
4739,47,39,531,420,79.1,111,20.9
4740,47,40,507,421,83.04,86,16.96
4741,47,41,592,470,79.39,122,20.61
4742,47,42,517,391,75.63,126,24.37
4743,47,43,478,405,84.73,73,15.27
4744,47,44,449,364,81.07,85,18.93
4745,47,45,508,423,83.27,85,16.73
4746,47,46,549,437,79.6,112,20.4
4747,47,47,656,546,83.23,110,16.77
4748,47,48,35,23,65.71,12,34.29
4801,48,1,502,382,76.1,120,23.9
4802,48,2,209,177,84.69,32,15.31
4803,48,3,573,430,75.04,143,24.96
4804,48,4,447,347,77.63,100,22.37
4805,48,5,252,201,79.76,51,20.24
4806,48,6,585,459,78.46,126,21.54
4807,48,7,526,446,84.79,80,15.21
4808,48,8,248,196,79.03,52,20.97
4809,48,9,314,251,79.94,63,20.06
4810,48,10,703,587,83.5,116,16.5
4811,48,11,404,327,80.94,77,19.06
4812,48,12,587,457,77.85,130,22.15
4813,48,13,613,490,79.93,123,20.07
4814,48,14,203,163,80.3,40,19.7
4815,48,15,318,250,78.62,68,21.38
4816,48,16,548,405,73.91,143,26.09
4817,48,17,429,350,81.59,79,18.41
4818,48,18,332,250,75.3,82,24.7
4819,48,19,346,287,82.95,59,17.05
4820,48,20,541,399,73.75,142,26.25
4821,48,21,629,452,71.86,177,28.14
4822,48,22,374,307,82.09,67,17.91
4823,48,23,434,368,84.79,66,15.21
4824,48,24,577,393,68.11,184,31.89
4825,48,25,420,359,85.48,61,14.52
4826,48,26,243,187,76.95,56,23.05
4827,48,27,492,380,77.24,112,22.76
4828,48,28,508,383,75.39,125,24.61
4829,48,29,176,161,91.48,15,8.52
4830,48,30,426,327,76.76,99,23.24
4831,48,31,717,531,74.06,186,25.94
4832,48,32,540,412,76.3,128,23.7
4833,48,33,256,227,88.67,29,11.33
4834,48,34,415,330,79.52,85,20.48
4835,48,35,286,204,71.33,82,28.67
4836,48,36,272,233,85.66,39,14.34
4837,48,37,513,400,77.97,113,22.03
4838,48,38,504,427,84.72,77,15.28
4839,48,39,363,299,82.37,64,17.63
4840,48,40,451,369,81.82,82,18.18
4841,48,41,648,462,71.3,186,28.7
4842,48,42,578,459,79.41,119,20.59
4843,48,43,580,455,78.45,125,21.55
4844,48,44,635,497,78.27,138,21.73
4845,48,45,377,298,79.05,79,20.95
4846,48,46,280,226,80.71,54,19.29
4901,49,1,333,220,66.07,113,33.93
4902,49,2,310,244,78.71,66,21.29
4903,49,3,631,474,75.12,157,24.88
4904,49,4,676,490,72.49,186,27.51
4905,49,5,491,368,74.95,123,25.05
4906,49,6,432,325,75.23,107,24.77
4907,49,7,401,301,75.06,100,24.94
4908,49,8,454,363,79.96,91,20.04
4909,49,9,510,389,76.27,121,23.73
4910,49,10,587,452,77.0,135,23.0
4911,49,11,661,506,76.55,155,23.45
4912,49,12,626,484,77.32,142,22.68
4913,49,13,572,428,74.83,144,25.17
4914,49,14,382,282,73.82,100,26.18
4915,49,15,379,286,75.46,93,24.54
4916,49,16,452,344,76.11,108,23.89
4917,49,17,392,299,76.28,93,23.72
4918,49,18,647,478,73.88,169,26.12
4919,49,19,475,355,74.74,120,25.26
4920,49,20,751,559,74.43,192,25.57
4921,49,21,319,236,73.98,83,26.02
4922,49,22,525,382,72.76,143,27.24
4923,49,23,669,475,71.0,194,29.0
4924,49,24,396,289,72.98,107,27.02
4925,49,25,650,485,74.62,165,25.38
4926,49,26,574,423,73.69,151,26.31
4927,49,27,585,428,73.16,157,26.84
4928,49,28,729,507,69.55,222,30.45
4929,49,29,588,440,74.83,148,25.17
4930,49,30,527,381,72.3,146,27.7
4931,49,31,351,255,72.65,96,27.35
4932,49,32,494,317,64.17,177,35.83
4933,49,33,393,285,72.52,108,27.48
5001,50,1,315,239,75.87,76,24.13
5002,50,2,213,155,72.77,58,27.23
5003,50,3,294,235,79.93,59,20.07
5004,50,4,405,324,80.0,81,20.0
5005,50,5,208,169,81.25,39,18.75
5006,50,6,388,290,74.74,98,25.26
5007,50,7,478,376,78.66,102,21.34
5008,50,8,374,273,72.99,101,27.01
5009,50,9,309,232,75.08,77,24.92
5010,50,10,370,265,71.62,105,28.38
5011,50,11,179,117,65.36,62,34.64
5012,50,12,141,99,70.21,42,29.79
5013,50,13,459,353,76.91,106,23.09
5014,50,14,109,77,70.64,32,29.36
5015,50,15,469,379,80.81,90,19.19
5016,50,16,95,78,82.11,17,17.89
5017,50,17,373,288,77.21,85,22.79
5018,50,18,45,30,66.67,15,33.33
5019,50,19,319,243,76.18,76,23.82
5020,50,20,422,317,75.12,105,24.88
5021,50,21,345,274,79.42,71,20.58
5022,50,22,327,255,77.98,72,22.02
5023,50,23,254,188,74.02,66,25.98
5024,50,24,216,148,68.52,68,31.48
5025,50,25,293,225,76.79,68,23.21
5026,50,26,402,292,72.64,110,27.36
5027,50,27,98,71,72.45,27,27.55
5028,50,28,419,319,76.13,100,23.87
5029,50,29,394,301,76.4,93,23.6
5030,50,30,321,254,79.13,67,20.87
5031,50,31,535,388,72.52,147,27.48
5032,50,32,433,332,76.67,101,23.33
5033,50,33,216,166,76.85,50,23.15
5034,50,34,455,354,77.8,101,22.2
5035,50,35,524,427,81.49,97,18.51
5036,50,36,389,309,79.43,80,20.57
5037,50,37,395,306,77.47,89,22.53
5038,50,38,115,84,73.04,31,26.96
5039,50,39,217,157,72.35,60,27.65
5040,50,40,238,167,70.17,71,29.83
