id,ward,precinct,total,Yes,Yes Percent,No,No Percent
0101,1,1,504,350,69.44,154,30.56
0102,1,2,460,310,67.39,150,32.61
0103,1,3,590,469,79.49,121,20.51
0104,1,4,569,449,78.91,120,21.09
0105,1,5,506,395,78.06,111,21.94
0106,1,6,437,334,76.43,103,23.57
0107,1,7,366,288,78.69,78,21.31
0108,1,8,417,323,77.46,94,22.54
0109,1,9,361,261,72.3,100,27.7
0110,1,10,616,481,78.08,135,21.92
0111,1,11,570,463,81.23,107,18.77
0112,1,12,592,409,69.09,183,30.91
0113,1,13,248,181,72.98,67,27.02
0114,1,14,452,342,75.66,110,24.34
0115,1,15,468,341,72.86,127,27.14
0116,1,16,552,397,71.92,155,28.08
0117,1,17,431,292,67.75,139,32.25
0118,1,18,495,349,70.51,146,29.49
0119,1,19,602,425,70.6,177,29.4
0120,1,20,399,298,74.69,101,25.31
0121,1,21,674,535,79.38,139,20.62
0122,1,22,330,244,73.94,86,26.06
0123,1,23,651,475,72.96,176,27.04
0124,1,24,452,309,68.36,143,31.64
0125,1,25,492,357,72.56,135,27.44
0126,1,26,337,241,71.51,96,28.49
0127,1,27,558,443,79.39,115,20.61
0128,1,28,169,123,72.78,46,27.22
0129,1,29,618,479,77.51,139,22.49
0130,1,30,563,390,69.27,173,30.73
0131,1,31,449,343,76.39,106,23.61
0132,1,32,482,358,74.27,124,25.73
0133,1,33,532,407,76.5,125,23.5
0134,1,34,409,320,78.24,89,21.76
0135,1,35,622,455,73.15,167,26.85
0136,1,36,577,450,77.99,127,22.01
0137,1,37,493,393,79.72,100,20.28
0138,1,38,474,365,77.0,109,23.0
0139,1,39,421,336,79.81,85,20.19
0140,1,40,431,341,79.12,90,20.88
0141,1,41,278,211,75.9,67,24.1
0142,1,42,178,124,69.66,54,30.34
0143,1,43,319,242,75.86,77,24.14
0144,1,44,457,323,70.68,134,29.32
0201,2,1,555,407,73.33,148,26.67
0202,2,2,339,282,83.19,57,16.81
0203,2,3,561,425,75.76,136,24.24
0204,2,4,485,376,77.53,109,22.47
0205,2,5,614,458,74.59,156,25.41
0206,2,6,527,404,76.66,123,23.34
0207,2,7,439,357,81.32,82,18.68
0208,2,8,625,463,74.08,162,25.92
0209,2,9,457,376,82.28,81,17.72
0210,2,10,328,268,81.71,60,18.29
0211,2,11,454,376,82.82,78,17.18
0212,2,12,374,320,85.56,54,14.44
0213,2,13,377,317,84.08,60,15.92
0214,2,14,489,363,74.23,126,25.77
0215,2,15,429,333,77.62,96,22.38
0216,2,16,476,381,80.04,95,19.96
0217,2,17,570,407,71.4,163,28.6
0218,2,18,410,347,84.63,63,15.37
0219,2,19,297,242,81.48,55,18.52
0220,2,20,573,475,82.9,98,17.1
0221,2,21,521,386,74.09,135,25.91
0222,2,22,453,384,84.77,69,15.23
0223,2,23,288,242,84.03,46,15.97
0224,2,24,405,348,85.93,57,14.07
0225,2,25,532,418,78.57,114,21.43
0226,2,26,375,291,77.6,84,22.4
0227,2,27,405,320,79.01,85,20.99
0228,2,28,520,435,83.65,85,16.35
0229,2,29,495,389,78.59,106,21.41
0230,2,30,405,329,81.23,76,18.77
0231,2,31,516,441,85.47,75,14.53
0232,2,32,417,330,79.14,87,20.86
0233,2,33,630,532,84.44,98,15.56
0234,2,34,322,276,85.71,46,14.29
0235,2,35,598,485,81.1,113,18.9
0236,2,36,477,385,80.71,92,19.29
0237,2,37,408,337,82.6,71,17.4
0238,2,38,402,325,80.85,77,19.15
0239,2,39,313,231,73.8,82,26.2
0240,2,40,636,523,82.23,113,17.77
0241,2,41,546,444,81.32,102,18.68
0242,2,42,518,436,84.17,82,15.83
0243,2,43,607,501,82.54,106,17.46
0244,2,44,285,241,84.56,44,15.44
0245,2,45,534,436,81.65,98,18.35
0246,2,46,245,193,78.78,52,21.22
0301,3,1,615,440,71.54,175,28.46
0302,3,2,457,371,81.18,86,18.82
0303,3,3,369,268,72.63,101,27.37
0304,3,4,528,385,72.92,143,27.08
0305,3,5,262,192,73.28,70,26.72
0306,3,6,647,503,77.74,144,22.26
0307,3,7,255,196,76.86,59,23.14
0308,3,8,353,230,65.16,123,34.84
0309,3,9,527,362,68.69,165,31.31
0310,3,10,205,145,70.73,60,29.27
0311,3,11,526,382,72.62,144,27.38
0312,3,12,409,300,73.35,109,26.65
0313,3,13,535,424,79.25,111,20.75
0314,3,14,532,424,79.7,108,20.3
0315,3,15,431,309,71.69,122,28.31
0316,3,16,384,271,70.57,113,29.43
0317,3,17,678,503,74.19,175,25.81
0318,3,18,600,435,72.5,165,27.5
0319,3,19,566,454,80.21,112,19.79
0320,3,20,493,344,69.78,149,30.22
0321,3,21,486,405,83.33,81,16.67
0322,3,22,658,506,76.9,152,23.1
0323,3,23,381,290,76.12,91,23.88
0324,3,24,401,287,71.57,114,28.43
0325,3,25,782,632,80.82,150,19.18
0326,3,26,495,404,81.62,91,18.38
0327,3,27,605,478,79.01,127,20.99
0328,3,28,215,149,69.3,66,30.7
0329,3,29,485,325,67.01,160,32.99
0330,3,30,395,283,71.65,112,28.35
0331,3,31,521,367,70.44,154,29.56
0332,3,32,736,599,81.39,137,18.61
0333,3,33,593,473,79.76,120,20.24
0334,3,34,697,541,77.62,156,22.38
0335,3,35,246,180,73.17,66,26.83
0336,3,36,219,156,71.23,63,28.77
0337,3,37,449,299,66.59,150,33.41
0338,3,38,328,268,81.71,60,18.29
0339,3,39,932,748,80.26,184,19.74
0340,3,40,489,374,76.48,115,23.52
0341,3,41,318,229,72.01,89,27.99
0401,4,1,693,492,71.0,201,29.0
0402,4,2,644,520,80.75,124,19.25
0403,4,3,388,277,71.39,111,28.61
0404,4,4,629,448,71.22,181,28.78
0405,4,5,507,355,70.02,152,29.98
0406,4,6,519,413,79.58,106,20.42
0407,4,7,622,472,75.88,150,24.12
0408,4,8,527,374,70.97,153,29.03
0409,4,9,512,416,81.25,96,18.75
0410,4,10,620,458,73.87,162,26.13
0411,4,11,474,349,73.63,125,26.37
0412,4,12,645,462,71.63,183,28.37
0413,4,13,631,494,78.29,137,21.71
0414,4,14,479,369,77.04,110,22.96
0415,4,15,556,416,74.82,140,25.18
0416,4,16,847,685,80.87,162,19.13
0417,4,17,564,464,82.27,100,17.73
0418,4,18,456,335,73.46,121,26.54
0419,4,19,311,203,65.27,108,34.73
0420,4,20,367,297,80.93,70,19.07
0421,4,21,542,398,73.43,144,26.57
0422,4,22,437,322,73.68,115,26.32
0423,4,23,592,464,78.38,128,21.62
0424,4,24,455,344,75.6,111,24.4
0425,4,25,595,474,79.66,121,20.34
0426,4,26,423,321,75.89,102,24.11
0427,4,27,646,467,72.29,179,27.71
0428,4,28,437,313,71.62,124,28.38
0429,4,29,467,347,74.3,120,25.7
0430,4,30,665,498,74.89,167,25.11
0431,4,31,404,341,84.41,63,15.59
0432,4,32,542,394,72.69,148,27.31
0433,4,33,453,327,72.19,126,27.81
0434,4,34,437,320,73.23,117,26.77
0435,4,35,573,418,72.95,155,27.05
0436,4,36,583,437,74.96,146,25.04
0437,4,37,919,752,81.83,167,18.17
0438,4,38,536,429,80.04,107,19.96
0501,5,1,428,280,65.42,148,34.58
0502,5,2,345,244,70.72,101,29.28
0503,5,3,444,344,77.48,100,22.52
0504,5,4,589,418,70.97,171,29.03
0505,5,5,395,282,71.39,113,28.61
0506,5,6,346,246,71.1,100,28.9
0507,5,7,421,317,75.3,104,24.7
0508,5,8,422,347,82.23,75,17.77
0509,5,9,520,406,78.08,114,21.92
0510,5,10,372,255,68.55,117,31.45
0511,5,11,431,332,77.03,99,22.97
0512,5,12,284,208,73.24,76,26.76
0513,5,13,394,280,71.07,114,28.93
0514,5,14,356,271,76.12,85,23.88
0515,5,15,423,296,69.98,127,30.02
0516,5,16,431,279,64.73,152,35.27
0517,5,17,354,242,68.36,112,31.64
0518,5,18,407,300,73.71,107,26.29
0519,5,19,413,338,81.84,75,18.16
0520,5,20,476,379,79.62,97,20.38
0521,5,21,441,344,78.0,97,22.0
0522,5,22,517,400,77.37,117,22.63
0523,5,23,774,587,75.84,187,24.16
0524,5,24,567,414,73.02,153,26.98
0525,5,25,379,298,78.63,81,21.37
0526,5,26,448,322,71.88,126,28.13
0527,5,27,393,312,79.39,81,20.61
0528,5,28,445,346,77.75,99,22.25
0529,5,29,460,324,70.43,136,29.57
0530,5,30,287,182,63.41,105,36.59
0531,5,31,339,245,72.27,94,27.73
0532,5,32,483,376,77.85,107,22.15
0533,5,33,410,303,73.9,107,26.1
0534,5,34,437,342,78.26,95,21.74
0535,5,35,546,438,80.22,108,19.78
0536,5,36,251,195,77.69,56,22.31
0537,5,37,452,373,82.52,79,17.48
0538,5,38,405,273,67.41,132,32.59
0539,5,39,361,300,83.1,61,16.9
0540,5,40,349,241,69.05,108,30.95
0541,5,41,187,169,90.37,18,9.63
0601,6,1,374,290,77.54,84,22.46
0602,6,2,371,289,77.9,82,22.1
0603,6,3,355,279,78.59,76,21.41
0604,6,4,264,181,68.56,83,31.44
0605,6,5,237,164,69.2,73,30.8
0606,6,6,433,323,74.6,110,25.4
0607,6,7,369,259,70.19,110,29.81
0608,6,8,355,281,79.15,74,20.85
0609,6,9,387,279,72.09,108,27.91
0610,6,10,250,176,70.4,74,29.6
0611,6,11,320,231,72.19,89,27.81
0612,6,12,268,186,69.4,82,30.6
0613,6,13,274,203,74.09,71,25.91
0614,6,14,330,236,71.52,94,28.48
0615,6,15,303,203,67.0,100,33.0
0616,6,16,376,266,70.74,110,29.26
0617,6,17,237,158,66.67,79,33.33
0618,6,18,264,205,77.65,59,22.35
0619,6,19,295,199,67.46,96,32.54
0620,6,20,236,177,75.0,59,25.0
0621,6,21,170,110,64.71,60,35.29
0622,6,22,205,150,73.17,55,26.83
0623,6,23,163,112,68.71,51,31.29
0624,6,24,192,133,69.27,59,30.73
0625,6,25,186,132,70.97,54,29.03
0626,6,26,254,177,69.69,77,30.31
0627,6,27,214,145,67.76,69,32.24
0628,6,28,167,117,70.06,50,29.94
0629,6,29,348,252,72.41,96,27.59
0630,6,30,309,225,72.82,84,27.18
0631,6,31,318,259,81.45,59,18.55
0632,6,32,364,262,71.98,102,28.02
0633,6,33,374,273,72.99,101,27.01
0634,6,34,363,260,71.63,103,28.37
0635,6,35,328,238,72.56,90,27.44
0636,6,36,399,294,73.68,105,26.32
0637,6,37,407,313,76.9,94,23.1
0638,6,38,390,293,75.13,97,24.87
0639,6,39,294,211,71.77,83,28.23
0640,6,40,305,213,69.84,92,30.16
0641,6,41,368,259,70.38,109,29.62
0642,6,42,337,247,73.29,90,26.71
0643,6,43,335,239,71.34,96,28.66
0644,6,44,384,281,73.18,103,26.82
0645,6,45,367,274,74.66,93,25.34
0646,6,46,275,184,66.91,91,33.09
0647,6,47,242,175,72.31,67,27.69
0648,6,48,344,253,73.55,91,26.45
0701,7,1,342,242,70.76,100,29.24
0702,7,2,334,224,67.07,110,32.93
0703,7,3,335,245,73.13,90,26.87
0704,7,4,341,262,76.83,79,23.17
0705,7,5,302,221,73.18,81,26.82
0706,7,6,435,313,71.95,122,28.05
0707,7,7,345,238,68.99,107,31.01
0708,7,8,203,141,69.46,62,30.54
0709,7,9,593,421,70.99,172,29.01
0710,7,10,344,264,76.74,80,23.26
0711,7,11,377,261,69.23,116,30.77
0712,7,12,311,215,69.13,96,30.87
0713,7,13,199,150,75.38,49,24.62
0714,7,14,393,272,69.21,121,30.79
0715,7,15,325,251,77.23,74,22.77
0716,7,16,341,225,65.98,116,34.02
0717,7,17,285,186,65.26,99,34.74
0718,7,18,310,208,67.1,102,32.9
0719,7,19,336,248,73.81,88,26.19
0720,7,20,273,187,68.5,86,31.5
0721,7,21,268,184,68.66,84,31.34
0722,7,22,296,209,70.61,87,29.39
0723,7,23,311,230,73.95,81,26.05
0724,7,24,281,207,73.67,74,26.33
0725,7,25,286,201,70.28,85,29.72
0726,7,26,263,184,69.96,79,30.04
0727,7,27,256,188,73.44,68,26.56
0728,7,28,254,164,64.57,90,35.43
0729,7,29,327,227,69.42,100,30.58
0730,7,30,277,223,80.51,54,19.49
0731,7,31,247,174,70.45,73,29.55
0732,7,32,433,313,72.29,120,27.71
0733,7,33,414,328,79.23,86,20.77
0734,7,34,424,306,72.17,118,27.83
0735,7,35,375,258,68.8,117,31.2
0736,7,36,446,318,71.3,128,28.7
0737,7,37,339,261,76.99,78,23.01
0738,7,38,313,227,72.52,86,27.48
0739,7,39,320,221,69.06,99,30.94
0740,7,40,275,207,75.27,68,24.73
0741,7,41,329,251,76.29,78,23.71
0742,7,42,336,258,76.79,78,23.21
0743,7,43,324,254,78.4,70,21.6
0744,7,44,304,226,74.34,78,25.66
0745,7,45,319,226,70.85,93,29.15
0746,7,46,84,71,84.52,13,15.48
0801,8,1,316,228,72.15,88,27.85
0802,8,2,336,227,67.56,109,32.44
0803,8,3,372,275,73.92,97,26.08
0804,8,4,406,315,77.59,91,22.41
0805,8,5,296,236,79.73,60,20.27
0806,8,6,351,262,74.64,89,25.36
0807,8,7,392,307,78.32,85,21.68
0808,8,8,361,278,77.01,83,22.99
0809,8,9,228,172,75.44,56,24.56
0810,8,10,451,355,78.71,96,21.29
0811,8,11,296,212,71.62,84,28.38
0812,8,12,314,227,72.29,87,27.71
0813,8,13,414,291,70.29,123,29.71
0814,8,14,290,180,62.07,110,37.93
0815,8,15,222,168,75.68,54,24.32
0816,8,16,105,74,70.48,31,29.52
0817,8,17,290,216,74.48,74,25.52
0818,8,18,317,224,70.66,93,29.34
0819,8,19,385,301,78.18,84,21.82
0820,8,20,414,289,69.81,125,30.19
0821,8,21,456,339,74.34,117,25.66
0822,8,22,328,240,73.17,88,26.83
0823,8,23,274,214,78.1,60,21.9
0824,8,24,187,135,72.19,52,27.81
0825,8,25,344,240,69.77,104,30.23
0826,8,26,295,205,69.49,90,30.51
0827,8,27,388,278,71.65,110,28.35
0828,8,28,359,272,75.77,87,24.23
0829,8,29,364,268,73.63,96,26.37
0830,8,30,385,296,76.88,89,23.12
0831,8,31,283,209,73.85,74,26.15
0832,8,32,277,210,75.81,67,24.19
0833,8,33,263,181,68.82,82,31.18
0834,8,34,322,251,77.95,71,22.05
0835,8,35,395,290,73.42,105,26.58
0836,8,36,352,261,74.15,91,25.85
0837,8,37,269,198,73.61,71,26.39
0838,8,38,268,206,76.87,62,23.13
0839,8,39,326,236,72.39,90,27.61
0840,8,40,285,208,72.98,77,27.02
0841,8,41,370,258,69.73,112,30.27
0842,8,42,459,335,72.98,124,27.02
0843,8,43,194,131,67.53,63,32.47
0844,8,44,245,193,78.78,52,21.22
0845,8,45,304,220,72.37,84,27.63
0846,8,46,286,216,75.52,70,24.48
0847,8,47,292,207,70.89,85,29.11
0848,8,48,313,224,71.57,89,28.43
0849,8,49,335,243,72.54,92,27.46
0850,8,50,331,245,74.02,86,25.98
0851,8,51,334,252,75.45,82,24.55
0852,8,52,444,344,77.48,100,22.52
0853,8,53,202,156,77.23,46,22.77
0854,8,54,291,200,68.73,91,31.27
0855,8,55,256,208,81.25,48,18.75
0856,8,56,371,278,74.93,93,25.07
0901,9,1,319,242,75.86,77,24.14
0902,9,2,271,192,70.85,79,29.15
0903,9,3,205,124,60.49,81,39.51
0904,9,4,254,177,69.69,77,30.31
0905,9,5,320,246,76.88,74,23.13
0906,9,6,315,215,68.25,100,31.75
0907,9,7,265,205,77.36,60,22.64
0908,9,8,351,254,72.36,97,27.64
0909,9,9,371,264,71.16,107,28.84
0910,9,10,246,186,75.61,60,24.39
0911,9,11,241,173,71.78,68,28.22
0912,9,12,365,276,75.62,89,24.38
0913,9,13,371,290,78.17,81,21.83
0914,9,14,389,296,76.09,93,23.91
0915,9,15,342,201,58.77,141,41.23
0916,9,16,334,225,67.37,109,32.63
0917,9,17,215,166,77.21,49,22.79
0918,9,18,237,168,70.89,69,29.11
0919,9,19,347,247,71.18,100,28.82
0920,9,20,313,249,79.55,64,20.45
0921,9,21,309,225,72.82,84,27.18
0922,9,22,375,273,72.8,102,27.2
0923,9,23,357,250,70.03,107,29.97
0924,9,24,343,252,73.47,91,26.53
0925,9,25,283,204,72.08,79,27.92
0926,9,26,298,200,67.11,98,32.89
0927,9,27,269,208,77.32,61,22.68
0928,9,28,221,158,71.49,63,28.51
0929,9,29,288,210,72.92,78,27.08
0930,9,30,288,212,73.61,76,26.39
0931,9,31,282,202,71.63,80,28.37
0932,9,32,338,248,73.37,90,26.63
0933,9,33,241,180,74.69,61,25.31
0934,9,34,281,211,75.09,70,24.91
0935,9,35,314,242,77.07,72,22.93
0936,9,36,294,207,70.41,87,29.59
0937,9,37,504,344,68.25,160,31.75
0938,9,38,318,225,70.75,93,29.25
0939,9,39,348,262,75.29,86,24.71
0940,9,40,369,284,76.96,85,23.04
0941,9,41,264,193,73.11,71,26.89
0942,9,42,357,258,72.27,99,27.73
0943,9,43,291,215,73.88,76,26.12
0944,9,44,310,233,75.16,77,24.84
0945,9,45,247,172,69.64,75,30.36
0946,9,46,325,251,77.23,74,22.77
0947,9,47,347,264,76.08,83,23.92
0948,9,48,330,251,76.06,79,23.94
0949,9,49,368,279,75.82,89,24.18
0950,9,50,445,335,75.28,110,24.72
0951,9,51,333,254,76.28,79,23.72
1001,10,1,276,211,76.45,65,23.55
1002,10,2,341,226,66.28,115,33.72
1003,10,3,369,238,64.5,131,35.5
1004,10,4,274,189,68.98,85,31.02
1005,10,5,285,206,72.28,79,27.72
1006,10,6,283,214,75.62,69,24.38
1007,10,7,267,191,71.54,76,28.46
1008,10,8,184,114,61.96,70,38.04
1009,10,9,343,233,67.93,110,32.07
1010,10,10,402,281,69.9,121,30.1
1011,10,11,461,335,72.67,126,27.33
1012,10,12,257,174,67.7,83,32.3
1013,10,13,322,242,75.16,80,24.84
1014,10,14,459,332,72.33,127,27.67
1015,10,15,614,459,74.76,155,25.24
1016,10,16,304,200,65.79,104,34.21
1017,10,17,470,313,66.6,157,33.4
1018,10,18,208,150,72.12,58,27.88
1019,10,19,370,261,70.54,109,29.46
1020,10,20,363,263,72.45,100,27.55
1021,10,21,362,266,73.48,96,26.52
1022,10,22,219,163,74.43,56,25.57
1023,10,23,305,230,75.41,75,24.59
1024,10,24,324,224,69.14,100,30.86
1025,10,25,108,84,77.78,24,22.22
1026,10,26,262,201,76.72,61,23.28
1027,10,27,305,222,72.79,83,27.21
1028,10,28,400,304,76.0,96,24.0
1029,10,29,384,280,72.92,104,27.08
1030,10,30,325,231,71.08,94,28.92
1031,10,31,316,222,70.25,94,29.75
1032,10,32,375,258,68.8,117,31.2
1033,10,33,291,203,69.76,88,30.24
1034,10,34,236,158,66.95,78,33.05
1035,10,35,371,262,70.62,109,29.38
1036,10,36,89,70,78.65,19,21.35
1101,11,1,368,252,68.48,116,31.52
1102,11,2,31,18,58.06,13,41.94
1103,11,3,423,282,66.67,141,33.33
1104,11,4,292,215,73.63,77,26.37
1105,11,5,564,355,62.94,209,37.06
1106,11,6,655,492,75.11,163,24.89
1107,11,7,397,293,73.8,104,26.2
1108,11,8,384,269,70.05,115,29.95
1109,11,9,372,263,70.7,109,29.3
1110,11,10,401,296,73.82,105,26.18
1111,11,11,468,326,69.66,142,30.34
1112,11,12,515,384,74.56,131,25.44
1113,11,13,474,331,69.83,143,30.17
1114,11,14,196,143,72.96,53,27.04
1115,11,15,148,107,72.3,41,27.7
1116,11,16,285,216,75.79,69,24.21
1117,11,17,508,362,71.26,146,28.74
1118,11,18,316,217,68.67,99,31.33
1119,11,19,562,377,67.08,185,32.92
1120,11,20,279,205,73.48,74,26.52
1121,11,21,479,343,71.61,136,28.39
1122,11,22,527,349,66.22,178,33.78
1123,11,23,207,144,69.57,63,30.43
1124,11,24,471,358,76.01,113,23.99
1125,11,25,506,349,68.97,157,31.03
1126,11,26,430,294,68.37,136,31.63
1127,11,27,168,116,69.05,52,30.95
1128,11,28,200,136,68.0,64,32.0
1129,11,29,496,363,73.19,133,26.81
1130,11,30,206,145,70.39,61,29.61
1131,11,31,372,269,72.31,103,27.69
1132,11,32,166,110,66.27,56,33.73
1133,11,33,527,418,79.32,109,20.68
1134,11,34,118,76,64.41,42,35.59
1135,11,35,66,48,72.73,18,27.27
1136,11,36,175,127,72.57,48,27.43
1137,11,37,113,75,66.37,38,33.63
1138,11,38,220,144,65.45,76,34.55
1201,12,1,362,232,64.09,130,35.91
1202,12,2,302,211,69.87,91,30.13
1203,12,3,453,308,67.99,145,32.01
1204,12,4,445,308,69.21,137,30.79
1205,12,5,314,213,67.83,101,32.17
1206,12,6,425,308,72.47,117,27.53
1207,12,7,357,249,69.75,108,30.25
1208,12,8,365,247,67.67,118,32.33
1209,12,9,313,234,74.76,79,25.24
1210,12,10,509,330,64.83,179,35.17
1211,12,11,408,272,66.67,136,33.33
1212,12,12,365,263,72.05,102,27.95
1213,12,13,407,291,71.5,116,28.5
1214,12,14,336,236,70.24,100,29.76
1215,12,15,332,241,72.59,91,27.41
1216,12,16,332,237,71.39,95,28.61
1217,12,17,450,310,68.89,140,31.11
1218,12,18,358,231,64.53,127,35.47
1219,12,19,359,252,70.19,107,29.81
1220,12,20,470,338,71.91,132,28.09
1221,12,21,398,284,71.36,114,28.64
1222,12,22,380,254,66.84,126,33.16
1223,12,23,390,273,70.0,117,30.0
1301,13,1,313,220,70.29,93,29.71
1302,13,2,252,175,69.44,77,30.56
1303,13,3,285,204,71.58,81,28.42
1304,13,4,368,238,64.67,130,35.33
1305,13,5,415,316,76.14,99,23.86
1306,13,6,281,193,68.68,88,31.32
1307,13,7,291,220,75.6,71,24.4
1308,13,8,267,195,73.03,72,26.97
1309,13,9,380,293,77.11,87,22.89
1310,13,10,282,178,63.12,104,36.88
1311,13,11,347,233,67.15,114,32.85
1312,13,12,313,212,67.73,101,32.27
1313,13,13,331,254,76.74,77,23.26
1314,13,14,334,249,74.55,85,25.45
1315,13,15,479,347,72.44,132,27.56
1316,13,16,260,197,75.77,63,24.23
1317,13,17,310,203,65.48,107,34.52
1318,13,18,281,189,67.26,92,32.74
1319,13,19,439,340,77.45,99,22.55
1320,13,20,229,146,63.76,83,36.24
1321,13,21,356,233,65.45,123,34.55
1322,13,22,347,237,68.3,110,31.7
1323,13,23,287,210,73.17,77,26.83
1324,13,24,347,251,72.33,96,27.67
1325,13,25,345,242,70.14,103,29.86
1326,13,26,348,248,71.26,100,28.74
1327,13,27,314,218,69.43,96,30.57
1328,13,28,264,200,75.76,64,24.24
1329,13,29,296,213,71.96,83,28.04
1330,13,30,275,216,78.55,59,21.45
1331,13,31,360,231,64.17,129,35.83
1332,13,32,292,181,61.99,111,38.01
1333,13,33,336,231,68.75,105,31.25
1334,13,34,347,266,76.66,81,23.34
1335,13,35,298,228,76.51,70,23.49
1336,13,36,257,184,71.6,73,28.4
1337,13,37,331,255,77.04,76,22.96
1338,13,38,281,189,67.26,92,32.74
1339,13,39,331,257,77.64,74,22.36
1340,13,40,317,235,74.13,82,25.87
1341,13,41,430,335,77.91,95,22.09
1342,13,42,329,219,66.57,110,33.43
1343,13,43,325,221,68.0,104,32.0
1344,13,44,354,252,71.19,102,28.81
1345,13,45,362,255,70.44,107,29.56
1346,13,46,405,286,70.62,119,29.38
1347,13,47,368,272,73.91,96,26.09
1348,13,48,272,192,70.59,80,29.41
1401,14,1,368,250,67.93,118,32.07
1402,14,2,523,397,75.91,126,24.09
1403,14,3,364,267,73.35,97,26.65
1404,14,4,358,226,63.13,132,36.87
1405,14,5,540,381,70.56,159,29.44
1406,14,6,210,155,73.81,55,26.19
1407,14,7,506,376,74.31,130,25.69
1408,14,8,467,340,72.81,127,27.19
1409,14,9,458,288,62.88,170,37.12
1410,14,10,287,194,67.6,93,32.4
1411,14,11,229,169,73.8,60,26.2
1412,14,12,399,281,70.43,118,29.57
1413,14,13,360,260,72.22,100,27.78
1414,14,14,366,266,72.68,100,27.32
1415,14,15,385,270,70.13,115,29.87
1416,14,16,265,197,74.34,68,25.66
1417,14,17,328,217,66.16,111,33.84
1418,14,18,183,133,72.68,50,27.32
1419,14,19,363,282,77.69,81,22.31
1420,14,20,313,229,73.16,84,26.84
1421,14,21,377,262,69.5,115,30.5
1422,14,22,489,350,71.57,139,28.43
1423,14,23,264,173,65.53,91,34.47
1424,14,24,413,293,70.94,120,29.06
1425,14,25,191,139,72.77,52,27.23
1426,14,26,282,217,76.95,65,23.05
1427,14,27,353,261,73.94,92,26.06
1428,14,28,337,244,72.4,93,27.6
1429,14,29,278,206,74.1,72,25.9
1430,14,30,264,194,73.48,70,26.52
1431,14,31,216,162,75.0,54,25.0
1501,15,1,327,224,68.5,103,31.5
1502,15,2,200,144,72.0,56,28.0
1503,15,3,208,160,76.92,48,23.08
1504,15,4,360,280,77.78,80,22.22
1505,15,5,344,222,64.53,122,35.47
1506,15,6,380,270,71.05,110,28.95
1507,15,7,180,113,62.78,67,37.22
1508,15,8,364,250,68.68,114,31.32
1509,15,9,474,352,74.26,122,25.74
1510,15,10,494,346,70.04,148,29.96
1511,15,11,435,314,72.18,121,27.82
1512,15,12,458,334,72.93,124,27.07
1513,15,13,370,268,72.43,102,27.57
1514,15,14,329,235,71.43,94,28.57
1515,15,15,318,217,68.24,101,31.76
1516,15,16,413,301,72.88,112,27.12
1517,15,17,189,139,73.54,50,26.46
1518,15,18,129,87,67.44,42,32.56
1519,15,19,293,221,75.43,72,24.57
1520,15,20,207,145,70.05,62,29.95
1521,15,21,156,103,66.03,53,33.97
1522,15,22,189,120,63.49,69,36.51
1523,15,23,211,156,73.93,55,26.07
1524,15,24,180,110,61.11,70,38.89
1601,16,1,446,346,77.58,100,22.42
1602,16,2,252,163,64.68,89,35.32
1603,16,3,229,170,74.24,59,25.76
1604,16,4,293,189,64.51,104,35.49
1605,16,5,197,144,73.1,53,26.9
1606,16,6,231,151,65.37,80,34.63
1607,16,7,272,188,69.12,84,30.88
1608,16,8,191,129,67.54,62,32.46
1609,16,9,263,188,71.48,75,28.52
1610,16,10,217,152,70.05,65,29.95
1611,16,11,298,188,63.09,110,36.91
1612,16,12,256,189,73.83,67,26.17
1613,16,13,328,240,73.17,88,26.83
1614,16,14,205,139,67.8,66,32.2
1615,16,15,260,178,68.46,82,31.54
1616,16,16,207,147,71.01,60,28.99
1617,16,17,382,284,74.35,98,25.65
1618,16,18,316,228,72.15,88,27.85
1619,16,19,260,179,68.85,81,31.15
1620,16,20,168,120,71.43,48,28.57
1621,16,21,219,167,76.26,52,23.74
1622,16,22,222,163,73.42,59,26.58
1623,16,23,371,271,73.05,100,26.95
1624,16,24,127,99,77.95,28,22.05
1625,16,25,295,202,68.47,93,31.53
1626,16,26,171,123,71.93,48,28.07
1627,16,27,182,127,69.78,55,30.22
1628,16,28,196,139,70.92,57,29.08
1629,16,29,199,146,73.37,53,26.63
1630,16,30,183,131,71.58,52,28.42
1631,16,31,231,160,69.26,71,30.74
1632,16,32,378,276,73.02,102,26.98
1633,16,33,191,138,72.25,53,27.75
1634,16,34,221,158,71.49,63,28.51
1635,16,35,410,290,70.73,120,29.27
1636,16,36,174,120,68.97,54,31.03
1701,17,1,364,253,69.51,111,30.49
1702,17,2,289,212,73.36,77,26.64
1703,17,3,300,212,70.67,88,29.33
1704,17,4,323,232,71.83,91,28.17
1705,17,5,246,159,64.63,87,35.37
1706,17,6,331,234,70.69,97,29.31
1707,17,7,342,239,69.88,103,30.12
1708,17,8,217,155,71.43,62,28.57
1709,17,9,243,174,71.6,69,28.4
1710,17,10,384,280,72.92,104,27.08
1711,17,11,234,176,75.21,58,24.79
1712,17,12,489,343,70.14,146,29.86
1713,17,13,224,162,72.32,62,27.68
1714,17,14,373,293,78.55,80,21.45
1715,17,15,325,235,72.31,90,27.69
1716,17,16,394,275,69.8,119,30.2
1717,17,17,330,237,71.82,93,28.18
1718,17,18,363,278,76.58,85,23.42
1719,17,19,193,137,70.98,56,29.02
1720,17,20,394,313,79.44,81,20.56
1721,17,21,362,276,76.24,86,23.76
1722,17,22,302,225,74.5,77,25.5
1723,17,23,211,150,71.09,61,28.91
1724,17,24,252,199,78.97,53,21.03
1725,17,25,257,183,71.21,74,28.79
1726,17,26,304,225,74.01,79,25.99
1727,17,27,189,143,75.66,46,24.34
1728,17,28,218,167,76.61,51,23.39
1729,17,29,283,215,75.97,68,24.03
1730,17,30,328,239,72.87,89,27.13
1731,17,31,200,153,76.5,47,23.5
1732,17,32,244,178,72.95,66,27.05
1733,17,33,187,129,68.98,58,31.02
1734,17,34,227,179,78.85,48,21.15
1735,17,35,211,161,76.3,50,23.7
1736,17,36,231,169,73.16,62,26.84
1737,17,37,251,192,76.49,59,23.51
1738,17,38,345,244,70.72,101,29.28
1739,17,39,292,213,72.95,79,27.05
1740,17,40,352,275,78.13,77,21.88
1741,17,41,411,300,72.99,111,27.01
1801,18,1,358,253,70.67,105,29.33
1802,18,2,433,309,71.36,124,28.64
1803,18,3,318,235,73.9,83,26.1
1804,18,4,378,279,73.81,99,26.19
1805,18,5,220,146,66.36,74,33.64
1806,18,6,334,237,70.96,97,29.04
1807,18,7,372,290,77.96,82,22.04
1808,18,8,368,273,74.18,95,25.82
1809,18,9,334,249,74.55,85,25.45
1810,18,10,451,325,72.06,126,27.94
1811,18,11,350,243,69.43,107,30.57
1812,18,12,348,266,76.44,82,23.56
1813,18,13,388,292,75.26,96,24.74
1814,18,14,370,287,77.57,83,22.43
1815,18,15,394,285,72.34,109,27.66
1816,18,16,345,248,71.88,97,28.12
1817,18,17,389,291,74.81,98,25.19
1818,18,18,275,208,75.64,67,24.36
1819,18,19,310,240,77.42,70,22.58
1820,18,20,247,185,74.9,62,25.1
1821,18,21,448,329,73.44,119,26.56
1822,18,22,377,290,76.92,87,23.08
1823,18,23,357,246,68.91,111,31.09
1824,18,24,349,248,71.06,101,28.94
1825,18,25,394,292,74.11,102,25.89
1826,18,26,447,337,75.39,110,24.61
1827,18,27,327,239,73.09,88,26.91
1828,18,28,321,238,74.14,83,25.86
1829,18,29,438,318,72.6,120,27.4
1830,18,30,456,320,70.18,136,29.82
1831,18,31,386,274,70.98,112,29.02
1832,18,32,362,266,73.48,96,26.52
1833,18,33,270,197,72.96,73,27.04
1834,18,34,401,310,77.31,91,22.69
1835,18,35,424,333,78.54,91,21.46
1836,18,36,395,285,72.15,110,27.85
1837,18,37,417,309,74.1,108,25.9
1838,18,38,325,248,76.31,77,23.69
1839,18,39,310,225,72.58,85,27.42
1840,18,40,390,288,73.85,102,26.15
1841,18,41,439,329,74.94,110,25.06
1842,18,42,321,229,71.34,92,28.66
1843,18,43,327,247,75.54,80,24.46
1844,18,44,332,235,70.78,97,29.22
1845,18,45,385,297,77.14,88,22.86
1846,18,46,436,293,67.2,143,32.8
1847,18,47,284,195,68.66,89,31.34
1848,18,48,270,195,72.22,75,27.78
1849,18,49,234,166,70.94,68,29.06
1850,18,50,257,184,71.6,73,28.4
1901,19,1,340,218,64.12,122,35.88
1902,19,2,506,389,76.88,117,23.12
1903,19,3,300,174,58.0,126,42.0
1904,19,4,445,272,61.12,173,38.88
1905,19,5,412,321,77.91,91,22.09
1906,19,6,408,261,63.97,147,36.03
1907,19,7,327,223,68.2,104,31.8
1908,19,8,410,259,63.17,151,36.83
1909,19,9,264,180,68.18,84,31.82
1910,19,10,486,382,78.6,104,21.4
1911,19,11,351,186,52.99,165,47.01
1912,19,12,313,193,61.66,120,38.34
1913,19,13,477,334,70.02,143,29.98
1914,19,14,399,302,75.69,97,24.31
1915,19,15,533,326,61.16,207,38.84
1916,19,16,378,223,58.99,155,41.01
1917,19,17,334,232,69.46,102,30.54
1918,19,18,374,313,83.69,61,16.31
1919,19,19,480,368,76.67,112,23.33
1920,19,20,327,267,81.65,60,18.35
1921,19,21,412,244,59.22,168,40.78
1922,19,22,414,323,78.02,91,21.98
1923,19,23,390,285,73.08,105,26.92
1924,19,24,295,185,62.71,110,37.29
1925,19,25,371,280,75.47,91,24.53
1926,19,26,356,273,76.69,83,23.31
1927,19,27,408,284,69.61,124,30.39
1928,19,28,461,351,76.14,110,23.86
1929,19,29,401,247,61.6,154,38.4
1930,19,30,372,230,61.83,142,38.17
1931,19,31,346,274,79.19,72,20.81
1932,19,32,362,224,61.88,138,38.12
1933,19,33,422,276,65.4,146,34.6
1934,19,34,341,267,78.3,74,21.7
1935,19,35,350,266,76.0,84,24.0
1936,19,36,542,395,72.88,147,27.12
1937,19,37,395,312,78.99,83,21.01
1938,19,38,360,246,68.33,114,31.67
1939,19,39,198,143,72.22,55,27.78
1940,19,40,431,325,75.41,106,24.59
1941,19,41,368,229,62.23,139,37.77
1942,19,42,314,248,78.98,66,21.02
1943,19,43,534,396,74.16,138,25.84
1944,19,44,435,267,61.38,168,38.62
1945,19,45,414,277,66.91,137,33.09
1946,19,46,359,249,69.36,110,30.64
1947,19,47,573,422,73.65,151,26.35
1948,19,48,467,343,73.45,124,26.55
1949,19,49,488,372,76.23,116,23.77
1950,19,50,341,245,71.85,96,28.15
1951,19,51,419,293,69.93,126,30.07
1952,19,52,491,302,61.51,189,38.49
1953,19,53,357,257,71.99,100,28.01
1954,19,54,296,163,55.07,133,44.93
1955,19,55,329,213,64.74,116,35.26
1956,19,56,426,331,77.7,95,22.3
1957,19,57,340,271,79.71,69,20.29
2001,20,1,386,276,71.5,110,28.5
2002,20,2,119,83,69.75,36,30.25
2003,20,3,339,244,71.98,95,28.02
2004,20,4,161,103,63.98,58,36.02
2005,20,5,402,270,67.16,132,32.84
2006,20,6,148,93,62.84,55,37.16
2007,20,7,427,305,71.43,122,28.57
2008,20,8,310,233,75.16,77,24.84
2009,20,9,496,358,72.18,138,27.82
2010,20,10,233,164,70.39,69,29.61
2011,20,11,459,297,64.71,162,35.29
2012,20,12,341,219,64.22,122,35.78
2013,20,13,305,207,67.87,98,32.13
2014,20,14,179,135,75.42,44,24.58
2015,20,15,362,251,69.34,111,30.66
2016,20,16,419,307,73.27,112,26.73
2017,20,17,244,156,63.93,88,36.07
2018,20,18,233,141,60.52,92,39.48
2019,20,19,374,263,70.32,111,29.68
2020,20,20,281,191,67.97,90,32.03
2021,20,21,284,182,64.08,102,35.92
2022,20,22,484,331,68.39,153,31.61
2023,20,23,204,153,75.0,51,25.0
2024,20,24,439,310,70.62,129,29.38
2025,20,25,228,153,67.11,75,32.89
2026,20,26,330,242,73.33,88,26.67
2027,20,27,167,126,75.45,41,24.55
2028,20,28,219,153,69.86,66,30.14
2029,20,29,234,169,72.22,65,27.78
2030,20,30,160,115,71.88,45,28.13
2031,20,31,389,275,70.69,114,29.31
2032,20,32,267,181,67.79,86,32.21
2033,20,33,224,159,70.98,65,29.02
2034,20,34,431,317,73.55,114,26.45
2035,20,35,254,166,65.35,88,34.65
2036,20,36,118,90,76.27,28,23.73
2037,20,37,110,74,67.27,36,32.73
2038,20,38,100,69,69.0,31,31.0
2039,20,39,27,19,70.37,8,29.63
2101,21,1,380,285,75.0,95,25.0
2102,21,2,233,143,61.37,90,38.63
2103,21,3,346,265,76.59,81,23.41
2104,21,4,294,230,78.23,64,21.77
2105,21,5,360,271,75.28,89,24.72
2106,21,6,287,207,72.13,80,27.87
2107,21,7,333,264,79.28,69,20.72
2108,21,8,353,273,77.34,80,22.66
2109,21,9,357,273,76.47,84,23.53
2110,21,10,288,219,76.04,69,23.96
2111,21,11,300,223,74.33,77,25.67
2112,21,12,297,214,72.05,83,27.95
2113,21,13,372,269,72.31,103,27.69
2114,21,14,378,289,76.46,89,23.54
2115,21,15,325,243,74.77,82,25.23
2116,21,16,301,215,71.43,86,28.57
2117,21,17,288,207,71.88,81,28.13
2118,21,18,308,235,76.3,73,23.7
2119,21,19,402,302,75.12,100,24.88
2120,21,20,304,240,78.95,64,21.05
2121,21,21,305,215,70.49,90,29.51
2122,21,22,304,221,72.7,83,27.3
2123,21,23,319,253,79.31,66,20.69
2124,21,24,369,270,73.17,99,26.83
2125,21,25,282,198,70.21,84,29.79
2126,21,26,348,232,66.67,116,33.33
2127,21,27,406,298,73.4,108,26.6
2128,21,28,421,295,70.07,126,29.93
2129,21,29,374,291,77.81,83,22.19
2130,21,30,293,199,67.92,94,32.08
2131,21,31,194,158,81.44,36,18.56
2132,21,32,253,183,72.33,70,27.67
2133,21,33,283,203,71.73,80,28.27
2134,21,34,331,244,73.72,87,26.28
2135,21,35,404,296,73.27,108,26.73
2136,21,36,337,238,70.62,99,29.38
2137,21,37,247,192,77.73,55,22.27
2138,21,38,352,240,68.18,112,31.82
2139,21,39,342,239,69.88,103,30.12
2140,21,40,313,232,74.12,81,25.88
2141,21,41,363,266,73.28,97,26.72
2142,21,42,369,259,70.19,110,29.81
2143,21,43,346,247,71.39,99,28.61
2144,21,44,371,269,72.51,102,27.49
2145,21,45,324,239,73.77,85,26.23
2146,21,46,361,274,75.9,87,24.1
2147,21,47,323,226,69.97,97,30.03
2148,21,48,348,268,77.01,80,22.99
2149,21,49,379,281,74.14,98,25.86
2150,21,50,263,194,73.76,69,26.24
2151,21,51,357,259,72.55,98,27.45
2152,21,52,342,233,68.13,109,31.87
2153,21,53,301,223,74.09,78,25.91
2154,21,54,270,209,77.41,61,22.59
2201,22,1,189,134,70.9,55,29.1
2202,22,2,439,321,73.12,118,26.88
2203,22,3,545,383,70.28,162,29.72
2204,22,4,296,222,75.0,74,25.0
2205,22,5,333,250,75.08,83,24.92
2206,22,6,328,224,68.29,104,31.71
2207,22,7,291,230,79.04,61,20.96
2208,22,8,502,382,76.1,120,23.9
2209,22,9,292,223,76.37,69,23.63
2210,22,10,453,319,70.42,134,29.58
2211,22,11,240,157,65.42,83,34.58
2212,22,12,279,185,66.31,94,33.69
2213,22,13,370,258,69.73,112,30.27
2214,22,14,290,196,67.59,94,32.41
2215,22,15,307,203,66.12,104,33.88
2216,22,16,290,213,73.45,77,26.55
2217,22,17,473,325,68.71,148,31.29
2218,22,18,328,225,68.6,103,31.4
2219,22,19,168,114,67.86,54,32.14
2220,22,20,384,266,69.27,118,30.73
2221,22,21,325,238,73.23,87,26.77
2222,22,22,344,241,70.06,103,29.94
2223,22,23,355,266,74.93,89,25.07
2224,22,24,418,315,75.36,103,24.64
2225,22,25,338,248,73.37,90,26.63
2301,23,1,319,213,66.77,106,33.23
2302,23,2,356,233,65.45,123,34.55
2303,23,3,315,203,64.44,112,35.56
2304,23,4,322,232,72.05,90,27.95
2305,23,5,365,283,77.53,82,22.47
2306,23,6,342,249,72.81,93,27.19
2307,23,7,359,263,73.26,96,26.74
2308,23,8,434,294,67.74,140,32.26
2309,23,9,349,260,74.5,89,25.5
2310,23,10,410,315,76.83,95,23.17
2311,23,11,411,327,79.56,84,20.44
2312,23,12,361,245,67.87,116,32.13
2313,23,13,344,247,71.8,97,28.2
2314,23,14,293,179,61.09,114,38.91
2315,23,15,318,232,72.96,86,27.04
2316,23,16,333,225,67.57,108,32.43
2317,23,17,285,203,71.23,82,28.77
2318,23,18,320,222,69.38,98,30.63
2319,23,19,315,220,69.84,95,30.16
2320,23,20,260,192,73.85,68,26.15
2321,23,21,305,193,63.28,112,36.72
2322,23,22,334,240,71.86,94,28.14
2323,23,23,329,216,65.65,113,34.35
2324,23,24,325,229,70.46,96,29.54
2325,23,25,321,224,69.78,97,30.22
2326,23,26,360,273,75.83,87,24.17
2327,23,27,298,200,67.11,98,32.89
2328,23,28,384,263,68.49,121,31.51
2329,23,29,304,215,70.72,89,29.28
2330,23,30,445,311,69.89,134,30.11
2331,23,31,299,209,69.9,90,30.1
2332,23,32,354,259,73.16,95,26.84
2333,23,33,405,303,74.81,102,25.19
2334,23,34,386,275,71.24,111,28.76
2335,23,35,254,162,63.78,92,36.22
2336,23,36,335,229,68.36,106,31.64
2337,23,37,368,231,62.77,137,37.23
2338,23,38,313,223,71.25,90,28.75
2339,23,39,396,293,73.99,103,26.01
2401,24,1,235,158,67.23,77,32.77
2402,24,2,280,196,70.0,84,30.0
2403,24,3,339,235,69.32,104,30.68
2404,24,4,231,171,74.03,60,25.97
2405,24,5,161,119,73.91,42,26.09
2406,24,6,320,223,69.69,97,30.31
2407,24,7,225,155,68.89,70,31.11
2408,24,8,130,89,68.46,41,31.54
2409,24,9,263,176,66.92,87,33.08
2410,24,10,141,97,68.79,44,31.21
2411,24,11,282,185,65.6,97,34.4
2412,24,12,182,121,66.48,61,33.52
2413,24,13,178,107,60.11,71,39.89
2414,24,14,223,152,68.16,71,31.84
2415,24,15,151,111,73.51,40,26.49
2416,24,16,864,491,56.83,373,43.17
2417,24,17,201,133,66.17,68,33.83
2418,24,18,239,166,69.46,73,30.54
2419,24,19,314,223,71.02,91,28.98
2420,24,20,255,184,72.16,71,27.84
2421,24,21,151,101,66.89,50,33.11
2422,24,22,334,236,70.66,98,29.34
2423,24,23,252,172,68.25,80,31.75
2424,24,24,328,214,65.24,114,34.76
2425,24,25,208,151,72.6,57,27.4
2426,24,26,407,312,76.66,95,23.34
2427,24,27,303,225,74.26,78,25.74
2428,24,28,188,144,76.6,44,23.4
2429,24,29,200,147,73.5,53,26.5
2430,24,30,174,123,70.69,51,29.31
2431,24,31,288,180,62.5,108,37.5
2432,24,32,143,102,71.33,41,28.67
2433,24,33,173,124,71.68,49,28.32
2434,24,34,267,186,69.66,81,30.34
2435,24,35,252,170,67.46,82,32.54
2436,24,36,329,243,73.86,86,26.14
2437,24,37,133,100,75.19,33,24.81
2438,24,38,246,167,67.89,79,32.11
2439,24,39,267,185,69.29,82,30.71
2440,24,40,323,205,63.47,118,36.53
2441,24,41,128,90,70.31,38,29.69
2501,25,1,352,250,71.02,102,28.98
2502,25,2,538,360,66.91,178,33.09
2503,25,3,711,559,78.62,152,21.38
2504,25,4,334,242,72.46,92,27.54
2505,25,5,436,282,64.68,154,35.32
2506,25,6,136,101,74.26,35,25.74
2507,25,7,438,278,63.47,160,36.53
2508,25,8,524,346,66.03,178,33.97
2509,25,9,436,289,66.28,147,33.72
2510,25,10,574,493,85.89,81,14.11
2511,25,11,499,344,68.94,155,31.06
2512,25,12,440,305,69.32,135,30.68
2513,25,13,511,355,69.47,156,30.53
2514,25,14,286,229,80.07,57,19.93
2515,25,15,380,233,61.32,147,38.68
2516,25,16,692,577,83.38,115,16.62
2517,25,17,450,315,70.0,135,30.0
2518,25,18,216,163,75.46,53,24.54
2519,25,19,454,293,64.54,161,35.46
2520,25,20,242,141,58.26,101,41.74
2521,25,21,845,687,81.3,158,18.7
2522,25,22,466,297,63.73,169,36.27
2523,25,23,506,356,70.36,150,29.64
2524,25,24,459,317,69.06,142,30.94
2525,25,25,381,289,75.85,92,24.15
2526,25,26,462,314,67.97,148,32.03
2527,25,27,556,443,79.68,113,20.32
2528,25,28,479,326,68.06,153,31.94
2529,25,29,329,238,72.34,91,27.66
2530,25,30,443,282,63.66,161,36.34
2531,25,31,804,659,81.97,145,18.03
2532,25,32,359,232,64.62,127,35.38
2601,26,1,368,255,69.29,113,30.71
2602,26,2,268,166,61.94,102,38.06
2603,26,3,422,313,74.17,109,25.83
2604,26,4,251,163,64.94,88,35.06
2605,26,5,316,203,64.24,113,35.76
2606,26,6,293,201,68.6,92,31.4
2607,26,7,330,224,67.88,106,32.12
2608,26,8,215,143,66.51,72,33.49
2609,26,9,287,199,69.34,88,30.66
2610,26,10,346,226,65.32,120,34.68
2611,26,11,320,209,65.31,111,34.69
2612,26,12,343,227,66.18,116,33.82
2613,26,13,186,131,70.43,55,29.57
2614,26,14,272,181,66.54,91,33.46
2615,26,15,212,151,71.23,61,28.77
2616,26,16,182,129,70.88,53,29.12
2617,26,17,307,230,74.92,77,25.08
2618,26,18,252,177,70.24,75,29.76
2619,26,19,210,140,66.67,70,33.33
2620,26,20,293,202,68.94,91,31.06
2621,26,21,419,275,65.63,144,34.37
2622,26,22,185,134,72.43,51,27.57
2623,26,23,248,172,69.35,76,30.65
2624,26,24,274,184,67.15,90,32.85
2625,26,25,248,162,65.32,86,34.68
2626,26,26,246,159,64.63,87,35.37
2627,26,27,365,232,63.56,133,36.44
2628,26,28,446,330,73.99,116,26.01
2629,26,29,173,119,68.79,54,31.21
2630,26,30,273,182,66.67,91,33.33
2631,26,31,153,98,64.05,55,35.95
2632,26,32,405,298,73.58,107,26.42
2633,26,33,360,253,70.28,107,29.72
2634,26,34,348,236,67.82,112,32.18
2635,26,35,275,183,66.55,92,33.45
2636,26,36,331,224,67.67,107,32.33
2637,26,37,346,249,71.97,97,28.03
2638,26,38,166,119,71.69,47,28.31
2639,26,39,388,262,67.53,126,32.47
2640,26,40,199,119,59.8,80,40.2
2641,26,41,388,267,68.81,121,31.19
2642,26,42,273,184,67.4,89,32.6
2643,26,43,215,157,73.02,58,26.98
2644,26,44,181,136,75.14,45,24.86
2645,26,45,178,119,66.85,59,33.15
2646,26,46,245,164,66.94,81,33.06
2647,26,47,242,177,73.14,65,26.86
2648,26,48,351,243,69.23,108,30.77
2649,26,49,210,155,73.81,55,26.19
2701,27,1,876,701,80.02,175,19.98
2702,27,2,401,320,79.8,81,20.2
2703,27,3,172,131,76.16,41,23.84
2704,27,4,201,131,65.17,70,34.83
2705,27,5,294,202,68.71,92,31.29
2706,27,6,448,347,77.46,101,22.54
2707,27,7,566,431,76.15,135,23.85
2708,27,8,312,218,69.87,94,30.13
2709,27,9,179,147,82.12,32,17.88
2710,27,10,257,195,75.88,62,24.12
2711,27,11,445,372,83.6,73,16.4
2712,27,12,300,259,86.33,41,13.67
2713,27,13,529,401,75.8,128,24.2
2714,27,14,188,130,69.15,58,30.85
2715,27,15,179,110,61.45,69,38.55
2716,27,16,454,353,77.75,101,22.25
2717,27,17,399,285,71.43,114,28.57
2718,27,18,242,152,62.81,90,37.19
2719,27,19,178,121,67.98,57,32.02
2720,27,20,269,170,63.2,99,36.8
2721,27,21,354,287,81.07,67,18.93
2722,27,22,150,105,70.0,45,30.0
2723,27,23,214,147,68.69,67,31.31
2724,27,24,250,181,72.4,69,27.6
2725,27,25,340,225,66.18,115,33.82
2726,27,26,242,178,73.55,64,26.45
2727,27,27,489,371,75.87,118,24.13
2728,27,28,498,398,79.92,100,20.08
2729,27,29,245,165,67.35,80,32.65
2730,27,30,167,117,70.06,50,29.94
2731,27,31,269,185,68.77,84,31.23
2732,27,32,351,254,72.36,97,27.64
2733,27,33,538,425,79.0,113,21.0
2734,27,34,187,134,71.66,53,28.34
2735,27,35,504,394,78.17,110,21.83
2736,27,36,267,189,70.79,78,29.21
2737,27,37,332,267,80.42,65,19.58
2738,27,38,503,407,80.91,96,19.09
2739,27,39,260,187,71.92,73,28.08
2740,27,40,531,390,73.45,141,26.55
2741,27,41,244,180,73.77,64,26.23
2742,27,42,253,199,78.66,54,21.34
2743,27,43,301,218,72.43,83,27.57
2744,27,44,260,177,68.08,83,31.92
2745,27,45,1091,890,81.58,201,18.42
2746,27,46,334,296,88.62,38,11.38
2747,27,47,224,182,81.25,42,18.75
2748,27,48,678,507,74.78,171,25.22
2749,27,49,264,192,72.73,72,27.27
2750,27,50,312,211,67.63,101,32.37
2801,28,1,209,146,69.86,63,30.14
2802,28,2,248,172,69.35,76,30.65
2803,28,3,212,143,67.45,69,32.55
2804,28,4,279,223,79.93,56,20.07
2805,28,5,175,133,76.0,42,24.0
2806,28,6,164,138,84.15,26,15.85
2807,28,7,271,192,70.85,79,29.15
2808,28,8,479,382,79.75,97,20.25
2809,28,9,277,197,71.12,80,28.88
2810,28,10,374,272,72.73,102,27.27
2811,28,11,691,481,69.61,210,30.39
2812,28,12,255,198,77.65,57,22.35
2813,28,13,271,200,73.8,71,26.2
2814,28,14,275,194,70.55,81,29.45
2815,28,15,53,44,83.02,9,16.98
2816,28,16,179,124,69.27,55,30.73
2817,28,17,242,170,70.25,72,29.75
2818,28,18,233,164,70.39,69,29.61
2819,28,19,282,198,70.21,84,29.79
2820,28,20,227,159,70.04,68,29.96
2821,28,21,244,172,70.49,72,29.51
2822,28,22,259,191,73.75,68,26.25
2823,28,23,324,237,73.15,87,26.85
2824,28,24,243,165,67.9,78,32.1
2825,28,25,426,299,70.19,127,29.81
2826,28,26,246,172,69.92,74,30.08
2827,28,27,307,240,78.18,67,21.82
2828,28,28,394,321,81.47,73,18.53
2829,28,29,152,101,66.45,51,33.55
2830,28,30,46,36,78.26,10,21.74
2831,28,31,301,220,73.09,81,26.91
2832,28,32,270,188,69.63,82,30.37
2833,28,33,296,208,70.27,88,29.73
2834,28,34,491,314,63.95,177,36.05
2835,28,35,297,210,70.71,87,29.29
2836,28,36,132,100,75.76,32,24.24
2837,28,37,306,216,70.59,90,29.41
2838,28,38,118,94,79.66,24,20.34
2839,28,39,210,145,69.05,65,30.95
2840,28,40,350,269,76.86,81,23.14
2841,28,41,180,124,68.89,56,31.11
2842,28,42,285,209,73.33,76,26.67
2843,28,43,335,235,70.15,100,29.85
2844,28,44,213,140,65.73,73,34.27
2845,28,45,452,356,78.76,96,21.24
2846,28,46,571,400,70.05,171,29.95
2901,29,1,520,390,75.0,130,25.0
2902,29,2,437,316,72.31,121,27.69
2903,29,3,303,223,73.6,80,26.4
2904,29,4,422,320,75.83,102,24.17
2905,29,5,268,179,66.79,89,33.21
2906,29,6,262,192,73.28,70,26.72
2907,29,7,380,276,72.63,104,27.37
2908,29,8,339,247,72.86,92,27.14
2909,29,9,421,320,76.01,101,23.99
2910,29,10,484,369,76.24,115,23.76
2911,29,11,192,147,76.56,45,23.44
2912,29,12,445,344,77.3,101,22.7
2913,29,13,326,220,67.48,106,32.52
2914,29,14,315,231,73.33,84,26.67
2915,29,15,408,312,76.47,96,23.53
2916,29,16,345,262,75.94,83,24.06
2917,29,17,353,293,83.0,60,17.0
2918,29,18,329,232,70.52,97,29.48
2919,29,19,350,260,74.29,90,25.71
2920,29,20,371,265,71.43,106,28.57
2921,29,21,440,288,65.45,152,34.55
2922,29,22,267,188,70.41,79,29.59
2923,29,23,446,326,73.09,120,26.91
2924,29,24,355,270,76.06,85,23.94
2925,29,25,415,323,77.83,92,22.17
2926,29,26,333,268,80.48,65,19.52
2927,29,27,329,243,73.86,86,26.14
2928,29,28,418,313,74.88,105,25.12
2929,29,29,438,305,69.63,133,30.37
2930,29,30,505,378,74.85,127,25.15
2931,29,31,398,272,68.34,126,31.66
2932,29,32,405,285,70.37,120,29.63
2933,29,33,246,197,80.08,49,19.92
2934,29,34,250,170,68.0,80,32.0
2935,29,35,279,193,69.18,86,30.82
2936,29,36,330,255,77.27,75,22.73
2937,29,37,343,240,69.97,103,30.03
2938,29,38,477,339,71.07,138,28.93
2939,29,39,407,304,74.69,103,25.31
2940,29,40,401,301,75.06,100,24.94
2941,29,41,311,224,72.03,87,27.97
2942,29,42,395,285,72.15,110,27.85
2943,29,43,458,352,76.86,106,23.14
2944,29,44,383,270,70.5,113,29.5
3001,30,1,458,330,72.05,128,27.95
3002,30,2,408,298,73.04,110,26.96
3003,30,3,352,260,73.86,92,26.14
3004,30,4,401,286,71.32,115,28.68
3005,30,5,331,238,71.9,93,28.1
3006,30,6,281,209,74.38,72,25.62
3007,30,7,456,309,67.76,147,32.24
3008,30,8,504,343,68.06,161,31.94
3009,30,9,346,256,73.99,90,26.01
3010,30,10,391,287,73.4,104,26.6
3011,30,11,417,312,74.82,105,25.18
3012,30,12,371,270,72.78,101,27.22
3013,30,13,414,310,74.88,104,25.12
3014,30,14,299,226,75.59,73,24.41
3015,30,15,375,298,79.47,77,20.53
3016,30,16,224,160,71.43,64,28.57
3017,30,17,425,331,77.88,94,22.12
3018,30,18,524,367,70.04,157,29.96
3019,30,19,442,317,71.72,125,28.28
3020,30,20,440,306,69.55,134,30.45
3021,30,21,290,217,74.83,73,25.17
3022,30,22,618,424,68.61,194,31.39
3023,30,23,532,382,71.8,150,28.2
3024,30,24,597,395,66.16,202,33.84
3025,30,25,624,414,66.35,210,33.65
3026,30,26,263,190,72.24,73,27.76
3027,30,27,302,232,76.82,70,23.18
3028,30,28,442,321,72.62,121,27.38
3029,30,29,301,223,74.09,78,25.91
3030,30,30,182,132,72.53,50,27.47
3031,30,31,262,186,70.99,76,29.01
3032,30,32,338,251,74.26,87,25.74
3101,31,1,272,182,66.91,90,33.09
3102,31,2,253,182,71.94,71,28.06
3103,31,3,268,199,74.25,69,25.75
3104,31,4,357,239,66.95,118,33.05
3105,31,5,307,234,76.22,73,23.78
3106,31,6,195,136,69.74,59,30.26
3107,31,7,404,291,72.03,113,27.97
3108,31,8,266,196,73.68,70,26.32
3109,31,9,311,231,74.28,80,25.72
3110,31,10,338,267,78.99,71,21.01
3111,31,11,210,150,71.43,60,28.57
3112,31,12,235,166,70.64,69,29.36
3113,31,13,310,215,69.35,95,30.65
3114,31,14,270,203,75.19,67,24.81
3115,31,15,284,202,71.13,82,28.87
3116,31,16,346,226,65.32,120,34.68
3117,31,17,259,201,77.61,58,22.39
3118,31,18,265,196,73.96,69,26.04
3119,31,19,255,179,70.2,76,29.8
3120,31,20,242,161,66.53,81,33.47
3121,31,21,253,183,72.33,70,27.67
3122,31,22,240,159,66.25,81,33.75
3123,31,23,309,229,74.11,80,25.89
3124,31,24,288,217,75.35,71,24.65
3125,31,25,289,217,75.09,72,24.91
3126,31,26,289,213,73.7,76,26.3
3127,31,27,297,219,73.74,78,26.26
3128,31,28,272,192,70.59,80,29.41
3129,31,29,268,195,72.76,73,27.24
3130,31,30,240,187,77.92,53,22.08
3131,31,31,237,171,72.15,66,27.85
3132,31,32,231,165,71.43,66,28.57
3133,31,33,265,203,76.6,62,23.4
3134,31,34,283,202,71.38,81,28.62
3135,31,35,337,239,70.92,98,29.08
3136,31,36,278,208,74.82,70,25.18
3137,31,37,269,196,72.86,73,27.14
3138,31,38,253,182,71.94,71,28.06
3139,31,39,316,225,71.2,91,28.8
3140,31,40,320,206,64.38,114,35.63
3141,31,41,268,200,74.63,68,25.37
3201,32,1,646,505,78.17,141,21.83
3202,32,2,570,456,80.0,114,20.0
3203,32,3,536,390,72.76,146,27.24
3204,32,4,450,364,80.89,86,19.11
3205,32,5,539,440,81.63,99,18.37
3206,32,6,602,510,84.72,92,15.28
3207,32,7,586,468,79.86,118,20.14
3208,32,8,623,513,82.34,110,17.66
3209,32,9,512,393,76.76,119,23.24
3210,32,10,562,428,76.16,134,23.84
3211,32,11,457,315,68.93,142,31.07
3212,32,12,342,239,69.88,103,30.12
3213,32,13,554,437,78.88,117,21.12
3214,32,14,537,405,75.42,132,24.58
3215,32,15,478,371,77.62,107,22.38
3216,32,16,480,363,75.63,117,24.38
3217,32,17,488,333,68.24,155,31.76
3218,32,18,489,406,83.03,83,16.97
3219,32,19,476,382,80.25,94,19.75
3220,32,20,482,338,70.12,144,29.88
3221,32,21,515,415,80.58,100,19.42
3222,32,22,631,483,76.55,148,23.45
3223,32,23,534,436,81.65,98,18.35
3224,32,24,435,353,81.15,82,18.85
3225,32,25,507,422,83.23,85,16.77
3226,32,26,519,377,72.64,142,27.36
3227,32,27,516,419,81.2,97,18.8
3228,32,28,530,384,72.45,146,27.55
3229,32,29,530,407,76.79,123,23.21
3230,32,30,497,428,86.12,69,13.88
3231,32,31,549,440,80.15,109,19.85
3232,32,32,596,500,83.89,96,16.11
3233,32,33,449,377,83.96,72,16.04
3234,32,34,568,447,78.7,121,21.3
3235,32,35,482,383,79.46,99,20.54
3236,32,36,525,424,80.76,101,19.24
3237,32,37,596,464,77.85,132,22.15
3238,32,38,490,388,79.18,102,20.82
3239,32,39,560,474,84.64,86,15.36
3240,32,40,514,429,83.46,85,16.54
3241,32,41,536,426,79.48,110,20.52
3242,32,42,477,374,78.41,103,21.59
3243,32,43,466,329,70.6,137,29.4
3301,33,1,566,404,71.38,162,28.62
3302,33,2,700,493,70.43,207,29.57
3303,33,3,748,550,73.53,198,26.47
3304,33,4,711,500,70.32,211,29.68
3305,33,5,505,393,77.82,112,22.18
3306,33,6,478,357,74.69,121,25.31
3307,33,7,561,398,70.94,163,29.06
3308,33,8,663,524,79.03,139,20.97
3309,33,9,594,446,75.08,148,24.92
3310,33,10,450,342,76.0,108,24.0
3311,33,11,542,407,75.09,135,24.91
3312,33,12,548,426,77.74,122,22.26
3313,33,13,524,370,70.61,154,29.39
3314,33,14,256,188,73.44,68,26.56
3315,33,15,561,434,77.36,127,22.64
3316,33,16,723,547,75.66,176,24.34
3317,33,17,558,401,71.86,157,28.14
3318,33,18,758,550,72.56,208,27.44
3319,33,19,635,462,72.76,173,27.24
3320,33,20,689,523,75.91,166,24.09
3321,33,21,592,411,69.43,181,30.57
3322,33,22,498,367,73.69,131,26.31
3323,33,23,612,450,73.53,162,26.47
3324,33,24,671,550,81.97,121,18.03
3325,33,25,646,502,77.71,144,22.29
3326,33,26,394,271,68.78,123,31.22
3327,33,27,630,431,68.41,199,31.59
3328,33,28,503,356,70.78,147,29.22
3401,34,1,396,289,72.98,107,27.02
3402,34,2,310,250,80.65,60,19.35
3403,34,3,350,261,74.57,89,25.43
3404,34,4,274,210,76.64,64,23.36
3405,34,5,309,241,77.99,68,22.01
3406,34,6,395,304,76.96,91,23.04
3407,34,7,373,287,76.94,86,23.06
3408,34,8,293,223,76.11,70,23.89
3409,34,9,236,166,70.34,70,29.66
3410,34,10,297,223,75.08,74,24.92
3411,34,11,314,223,71.02,91,28.98
3412,34,12,375,286,76.27,89,23.73
3413,34,13,368,281,76.36,87,23.64
3414,34,14,276,212,76.81,64,23.19
3415,34,15,325,245,75.38,80,24.62
3416,34,16,321,233,72.59,88,27.41
3417,34,17,438,341,77.85,97,22.15
3418,34,18,217,161,74.19,56,25.81
3419,34,19,382,293,76.7,89,23.3
3420,34,20,404,330,81.68,74,18.32
3421,34,21,424,335,79.01,89,20.99
3422,34,22,361,274,75.9,87,24.1
3423,34,23,307,233,75.9,74,24.1
3424,34,24,304,236,77.63,68,22.37
3425,34,25,524,404,77.1,120,22.9
3426,34,26,417,323,77.46,94,22.54
3427,34,27,289,204,70.59,85,29.41
3428,34,28,222,165,74.32,57,25.68
3429,34,29,280,191,68.21,89,31.79
3430,34,30,334,265,79.34,69,20.66
3431,34,31,277,215,77.62,62,22.38
3432,34,32,348,250,71.84,98,28.16
3433,34,33,298,210,70.47,88,29.53
3434,34,34,413,326,78.93,87,21.07
3435,34,35,433,305,70.44,128,29.56
3436,34,36,306,232,75.82,74,24.18
3437,34,37,202,127,62.87,75,37.13
3438,34,38,176,127,72.16,49,27.84
3439,34,39,275,189,68.73,86,31.27
3440,34,40,375,272,72.53,103,27.47
3441,34,41,216,143,66.2,73,33.8
3442,34,42,356,277,77.81,79,22.19
3443,34,43,326,262,80.37,64,19.63
3444,34,44,306,235,76.8,71,23.2
3445,34,45,349,261,74.79,88,25.21
3446,34,46,242,194,80.17,48,19.83
3447,34,47,313,256,81.79,57,18.21
3448,34,48,359,281,78.27,78,21.73
3449,34,49,321,262,81.62,59,18.38
3450,34,50,282,214,75.89,68,24.11
3451,34,51,405,313,77.28,92,22.72
3452,34,52,275,215,78.18,60,21.82
3453,34,53,241,180,74.69,61,25.31
3501,35,1,453,330,72.85,123,27.15
3502,35,2,466,325,69.74,141,30.26
3503,35,3,423,296,69.98,127,30.02
3504,35,4,470,350,74.47,120,25.53
3505,35,5,391,263,67.26,128,32.74
3506,35,6,489,351,71.78,138,28.22
3507,35,7,469,320,68.23,149,31.77
3508,35,8,464,326,70.26,138,29.74
3509,35,9,401,283,70.57,118,29.43
3510,35,10,523,356,68.07,167,31.93
3511,35,11,516,353,68.41,163,31.59
3512,35,12,315,216,68.57,99,31.43
3513,35,13,323,219,67.8,104,32.2
3514,35,14,370,268,72.43,102,27.57
3515,35,15,556,388,69.78,168,30.22
3516,35,16,248,165,66.53,83,33.47
3517,35,17,456,305,66.89,151,33.11
3518,35,18,316,228,72.15,88,27.85
3519,35,19,291,223,76.63,68,23.37
3520,35,20,475,363,76.42,112,23.58
3521,35,21,470,321,68.3,149,31.7
3522,35,22,584,436,74.66,148,25.34
3523,35,23,465,337,72.47,128,27.53
3524,35,24,414,290,70.05,124,29.95
3525,35,25,469,335,71.43,134,28.57
3526,35,26,406,294,72.41,112,27.59
3527,35,27,408,294,72.06,114,27.94
3528,35,28,464,328,70.69,136,29.31
3529,35,29,437,320,73.23,117,26.77
3530,35,30,419,309,73.75,110,26.25
3531,35,31,494,361,73.08,133,26.92
3601,36,1,381,284,74.54,97,25.46
3602,36,2,373,270,72.39,103,27.61
3603,36,3,350,251,71.71,99,28.29
3604,36,4,436,324,74.31,112,25.69
3605,36,5,347,252,72.62,95,27.38
3606,36,6,342,249,72.81,93,27.19
3607,36,7,387,274,70.8,113,29.2
3608,36,8,319,234,73.35,85,26.65
3609,36,9,382,275,71.99,107,28.01
3610,36,10,499,373,74.75,126,25.25
3611,36,11,274,190,69.34,84,30.66
3612,36,12,244,170,69.67,74,30.33
3613,36,13,272,203,74.63,69,25.37
3614,36,14,425,305,71.76,120,28.24
3615,36,15,375,293,78.13,82,21.87
3616,36,16,377,267,70.82,110,29.18
3617,36,17,469,345,73.56,124,26.44
3618,36,18,396,282,71.21,114,28.79
3619,36,19,496,349,70.36,147,29.64
3620,36,20,443,321,72.46,122,27.54
3621,36,21,352,250,71.02,102,28.98
3622,36,22,357,244,68.35,113,31.65
3623,36,23,355,250,70.42,105,29.58
3624,36,24,450,316,70.22,134,29.78
3625,36,25,405,302,74.57,103,25.43
3626,36,26,353,246,69.69,107,30.31
3627,36,27,329,252,76.6,77,23.4
3628,36,28,345,256,74.2,89,25.8
3629,36,29,416,299,71.88,117,28.13
3630,36,30,365,252,69.04,113,30.96
3701,37,1,200,151,75.5,49,24.5
3702,37,2,299,199,66.56,100,33.44
3703,37,3,219,140,63.93,79,36.07
3704,37,4,259,164,63.32,95,36.68
3705,37,5,320,234,73.13,86,26.88
3706,37,6,216,159,73.61,57,26.39
3707,37,7,244,190,77.87,54,22.13
3708,37,8,222,157,70.72,65,29.28
3709,37,9,307,225,73.29,82,26.71
3710,37,10,389,280,71.98,109,28.02
3711,37,11,204,143,70.1,61,29.9
3712,37,12,295,204,69.15,91,30.85
3713,37,13,230,176,76.52,54,23.48
3714,37,14,361,264,73.13,97,26.87
3715,37,15,329,241,73.25,88,26.75
3716,37,16,346,250,72.25,96,27.75
3717,37,17,231,170,73.59,61,26.41
3718,37,18,265,190,71.7,75,28.3
3719,37,19,231,167,72.29,64,27.71
3720,37,20,280,204,72.86,76,27.14
3721,37,21,240,178,74.17,62,25.83
3722,37,22,286,210,73.43,76,26.57
3723,37,23,305,229,75.08,76,24.92
3724,37,24,299,226,75.59,73,24.41
3725,37,25,268,181,67.54,87,32.46
3726,37,26,423,289,68.32,134,31.68
3727,37,27,304,213,70.07,91,29.93
3728,37,28,270,195,72.22,75,27.78
3729,37,29,268,205,76.49,63,23.51
3730,37,30,272,200,73.53,72,26.47
3731,37,31,363,274,75.48,89,24.52
3732,37,32,279,216,77.42,63,22.58
3733,37,33,230,167,72.61,63,27.39
3734,37,34,274,191,69.71,83,30.29
3735,37,35,321,225,70.09,96,29.91
3736,37,36,219,151,68.95,68,31.05
3737,37,37,317,231,72.87,86,27.13
3738,37,38,335,236,70.45,99,29.55
3739,37,39,257,178,69.26,79,30.74
3740,37,40,322,246,76.4,76,23.6
3741,37,41,301,225,74.75,76,25.25
3801,38,1,383,289,75.46,94,24.54
3802,38,2,370,250,67.57,120,32.43
3803,38,3,390,269,68.97,121,31.03
3804,38,4,369,247,66.94,122,33.06
3805,38,5,365,265,72.6,100,27.4
3806,38,6,390,268,68.72,122,31.28
3807,38,7,364,252,69.23,112,30.77
3808,38,8,384,268,69.79,116,30.21
3809,38,9,464,325,70.04,139,29.96
3810,38,10,348,236,67.82,112,32.18
3811,38,11,357,273,76.47,84,23.53
3812,38,12,344,227,65.99,117,34.01
3813,38,13,445,308,69.21,137,30.79
3814,38,14,427,295,69.09,132,30.91
3815,38,15,358,265,74.02,93,25.98
3816,38,16,388,268,69.07,120,30.93
3817,38,17,460,307,66.74,153,33.26
3818,38,18,403,295,73.2,108,26.8
3819,38,19,419,326,77.8,93,22.2
3820,38,20,397,274,69.02,123,30.98
3821,38,21,398,293,73.62,105,26.38
3822,38,22,355,271,76.34,84,23.66
3823,38,23,407,276,67.81,131,32.19
3824,38,24,375,272,72.53,103,27.47
3825,38,25,368,268,72.83,100,27.17
3826,38,26,401,304,75.81,97,24.19
3827,38,27,377,245,64.99,132,35.01
3828,38,28,485,324,66.8,161,33.2
3829,38,29,401,282,70.32,119,29.68
3830,38,30,388,265,68.3,123,31.7
3831,38,31,411,308,74.94,103,25.06
3832,38,32,381,288,75.59,93,24.41
3833,38,33,327,239,73.09,88,26.91
3834,38,34,362,254,70.17,108,29.83
3835,38,35,370,263,71.08,107,28.92
3836,38,36,370,274,74.05,96,25.95
3837,38,37,384,252,65.63,132,34.38
3838,38,38,382,270,70.68,112,29.32
3839,38,39,426,310,72.77,116,27.23
3840,38,40,403,280,69.48,123,30.52
3841,38,41,352,258,73.3,94,26.7
3901,39,1,385,291,75.58,94,24.42
3902,39,2,246,207,84.15,39,15.85
3903,39,3,466,356,76.39,110,23.61
3904,39,4,386,287,74.35,99,25.65
3905,39,5,421,319,75.77,102,24.23
3906,39,6,435,302,69.43,133,30.57
3907,39,7,368,291,79.08,77,20.92
3908,39,8,417,322,77.22,95,22.78
3909,39,9,369,283,76.69,86,23.31
3910,39,10,197,168,85.28,29,14.72
3911,39,11,390,292,74.87,98,25.13
3912,39,12,555,394,70.99,161,29.01
3913,39,13,329,246,74.77,83,25.23
3914,39,14,421,303,71.97,118,28.03
3915,39,15,457,337,73.74,120,26.26
3916,39,16,372,271,72.85,101,27.15
3917,39,17,415,318,76.63,97,23.37
3918,39,18,411,313,76.16,98,23.84
3919,39,19,395,305,77.22,90,22.78
3920,39,20,515,368,71.46,147,28.54
3921,39,21,410,273,66.59,137,33.41
3922,39,22,406,313,77.09,93,22.91
3923,39,23,416,311,74.76,105,25.24
3924,39,24,510,360,70.59,150,29.41
3925,39,25,348,274,78.74,74,21.26
3926,39,26,372,268,72.04,104,27.96
3927,39,27,58,44,75.86,14,24.14
3928,39,28,516,385,74.61,131,25.39
3929,39,29,214,163,76.17,51,23.83
3930,39,30,512,404,78.91,108,21.09
3931,39,31,362,277,76.52,85,23.48
3932,39,32,293,214,73.04,79,26.96
3933,39,33,419,318,75.89,101,24.11
3934,39,34,485,342,70.52,143,29.48
3935,39,35,405,321,79.26,84,20.74
3936,39,36,101,87,86.14,14,13.86
3937,39,37,368,301,81.79,67,18.21
3938,39,38,210,173,82.38,37,17.62
3939,39,39,252,195,77.38,57,22.62
3940,39,40,408,287,70.34,121,29.66
3941,39,41,405,308,76.05,97,23.95
3942,39,42,420,333,79.29,87,20.71
3943,39,43,418,300,71.77,118,28.23
3944,39,44,327,241,73.7,86,26.3
3945,39,45,349,263,75.36,86,24.64
4001,40,1,407,313,76.9,94,23.1
4002,40,2,475,373,78.53,102,21.47
4003,40,3,588,463,78.74,125,21.26
4004,40,4,287,224,78.05,63,21.95
4005,40,5,539,410,76.07,129,23.93
4006,40,6,553,410,74.14,143,25.86
4007,40,7,457,349,76.37,108,23.63
4008,40,8,629,482,76.63,147,23.37
4009,40,9,360,285,79.17,75,20.83
4010,40,10,518,377,72.78,141,27.22
4011,40,11,489,374,76.48,115,23.52
4012,40,12,398,313,78.64,85,21.36
4013,40,13,699,506,72.39,193,27.61
4014,40,14,426,321,75.35,105,24.65
4015,40,15,442,347,78.51,95,21.49
4016,40,16,633,466,73.62,167,26.38
4017,40,17,389,294,75.58,95,24.42
4018,40,18,373,290,77.75,83,22.25
4019,40,19,578,422,73.01,156,26.99
4020,40,20,487,356,73.1,131,26.9
4021,40,21,542,445,82.1,97,17.9
4022,40,22,583,473,81.13,110,18.87
4023,40,23,575,452,78.61,123,21.39
4024,40,24,437,336,76.89,101,23.11
4025,40,25,563,412,73.18,151,26.82
4026,40,26,501,396,79.04,105,20.96
4027,40,27,581,433,74.53,148,25.47
4028,40,28,515,380,73.79,135,26.21
4029,40,29,486,367,75.51,119,24.49
4030,40,30,376,289,76.86,87,23.14
4031,40,31,533,416,78.05,117,21.95
4032,40,32,529,430,81.29,99,18.71
4033,40,33,467,365,78.16,102,21.84
4034,40,34,392,308,78.57,84,21.43
4035,40,35,317,251,79.18,66,20.82
4036,40,36,403,308,76.43,95,23.57
4037,40,37,501,374,74.65,127,25.35
4038,40,38,596,458,76.85,138,23.15
4039,40,39,188,142,75.53,46,24.47
4101,41,1,418,261,62.44,157,37.56
4102,41,2,463,301,65.01,162,34.99
4103,41,3,419,296,70.64,123,29.36
4104,41,4,409,303,74.08,106,25.92
4105,41,5,497,353,71.03,144,28.97
4106,41,6,476,349,73.32,127,26.68
4107,41,7,432,294,68.06,138,31.94
4108,41,8,427,272,63.7,155,36.3
4109,41,9,370,261,70.54,109,29.46
4110,41,10,425,294,69.18,131,30.82
4111,41,11,457,281,61.49,176,38.51
4112,41,12,455,322,70.77,133,29.23
4113,41,13,467,318,68.09,149,31.91
4114,41,14,447,321,71.81,126,28.19
4115,41,15,511,381,74.56,130,25.44
4116,41,16,404,270,66.83,134,33.17
4117,41,17,372,255,68.55,117,31.45
4118,41,18,377,251,66.58,126,33.42
4119,41,19,439,341,77.68,98,22.32
4120,41,20,316,212,67.09,104,32.91
4121,41,21,452,312,69.03,140,30.97
4122,41,22,481,317,65.9,164,34.1
4123,41,23,402,263,65.42,139,34.58
4124,41,24,406,265,65.27,141,34.73
4125,41,25,377,255,67.64,122,32.36
4126,41,26,392,273,69.64,119,30.36
4127,41,27,373,248,66.49,125,33.51
4128,41,28,409,282,68.95,127,31.05
4129,41,29,334,229,68.56,105,31.44
4130,41,30,367,262,71.39,105,28.61
4131,41,31,374,280,74.87,94,25.13
4132,41,32,382,268,70.16,114,29.84
4133,41,33,402,266,66.17,136,33.83
4134,41,34,385,262,68.05,123,31.95
4135,41,35,478,324,67.78,154,32.22
4136,41,36,431,278,64.5,153,35.5
4137,41,37,483,363,75.16,120,24.84
4138,41,38,414,271,65.46,143,34.54
4139,41,39,422,274,64.93,148,35.07
4140,41,40,466,288,61.8,178,38.2
4141,41,41,446,311,69.73,135,30.27
4142,41,42,417,286,68.59,131,31.41
4143,41,43,397,281,70.78,116,29.22
4144,41,44,432,283,65.51,149,34.49
4145,41,45,423,294,69.5,129,30.5
4146,41,46,411,274,66.67,137,33.33
4147,41,47,418,287,68.66,131,31.34
4201,42,1,396,335,84.6,61,15.4
4202,42,2,587,485,82.62,102,17.38
4203,42,3,509,417,81.93,92,18.07
4204,42,4,1110,927,83.51,183,16.49
4205,42,5,392,330,84.18,62,15.82
4206,42,6,449,375,83.52,74,16.48
4207,42,7,562,471,83.81,91,16.19
4208,42,8,369,285,77.24,84,22.76
4209,42,9,666,536,80.48,130,19.52
4210,42,10,692,555,80.2,137,19.8
4211,42,11,312,264,84.62,48,15.38
4212,42,12,384,320,83.33,64,16.67
4213,42,13,380,307,80.79,73,19.21
4214,42,14,664,553,83.28,111,16.72
4215,42,15,647,535,82.69,112,17.31
4216,42,16,488,384,78.69,104,21.31
4217,42,17,768,636,82.81,132,17.19
4218,42,18,640,532,83.13,108,16.88
4219,42,19,589,497,84.38,92,15.62
4220,42,20,583,458,78.56,125,21.44
4221,42,21,620,516,83.23,104,16.77
4222,42,22,272,223,81.99,49,18.01
4223,42,23,491,398,81.06,93,18.94
4224,42,24,428,359,83.88,69,16.12
4225,42,25,557,436,78.28,121,21.72
4226,42,26,771,640,83.01,131,16.99
4227,42,27,341,251,73.61,90,26.39
4228,42,28,524,417,79.58,107,20.42
4229,42,29,583,464,79.59,119,20.41
4230,42,30,364,306,84.07,58,15.93
4231,42,31,558,455,81.54,103,18.46
4232,42,32,592,464,78.38,128,21.62
4233,42,33,567,453,79.89,114,20.11
4234,42,34,380,311,81.84,69,18.16
4235,42,35,597,485,81.24,112,18.76
4236,42,36,886,692,78.1,194,21.9
4237,42,37,372,307,82.53,65,17.47
4238,42,38,480,393,81.88,87,18.13
4239,42,39,865,735,84.97,130,15.03
4240,42,40,726,609,83.88,117,16.12
4241,42,41,515,419,81.36,96,18.64
4242,42,42,873,733,83.96,140,16.04
4301,43,1,242,201,83.06,41,16.94
4302,43,2,521,434,83.3,87,16.7
4303,43,3,453,368,81.24,85,18.76
4304,43,4,555,466,83.96,89,16.04
4305,43,5,439,375,85.42,64,14.58
4306,43,6,379,325,85.75,54,14.25
4307,43,7,284,243,85.56,41,14.44
4308,43,8,361,302,83.66,59,16.34
4309,43,9,468,385,82.26,83,17.74
4310,43,10,571,482,84.41,89,15.59
4311,43,11,453,382,84.33,71,15.67
4312,43,12,314,254,80.89,60,19.11
4313,43,13,485,395,81.44,90,18.56
4314,43,14,490,411,83.88,79,16.12
4315,43,15,465,377,81.08,88,18.92
4316,43,16,642,515,80.22,127,19.78
4317,43,17,385,341,88.57,44,11.43
4318,43,18,522,441,84.48,81,15.52
4319,43,19,467,400,85.65,67,14.35
4320,43,20,576,488,84.72,88,15.28
4321,43,21,545,435,79.82,110,20.18
4322,43,22,330,275,83.33,55,16.67
4323,43,23,340,284,83.53,56,16.47
4324,43,24,351,292,83.19,59,16.81
4325,43,25,399,331,82.96,68,17.04
4326,43,26,289,252,87.2,37,12.8
4327,43,27,448,381,85.04,67,14.96
4328,43,28,575,488,84.87,87,15.13
4329,43,29,668,564,84.43,104,15.57
4330,43,30,511,422,82.58,89,17.42
4331,43,31,445,357,80.22,88,19.78
4332,43,32,490,422,86.12,68,13.88
4333,43,33,444,384,86.49,60,13.51
4334,43,34,315,272,86.35,43,13.65
4335,43,35,493,413,83.77,80,16.23
4336,43,36,317,266,83.91,51,16.09
4337,43,37,569,469,82.43,100,17.57
4338,43,38,323,269,83.28,54,16.72
4339,43,39,355,274,77.18,81,22.82
4340,43,40,365,297,81.37,68,18.63
4341,43,41,579,501,86.53,78,13.47
4342,43,42,451,364,80.71,87,19.29
4343,43,43,448,387,86.38,61,13.62
4344,43,44,444,366,82.43,78,17.57
4345,43,45,293,242,82.59,51,17.41
4346,43,46,288,237,82.29,51,17.71
4401,44,1,800,641,80.13,159,19.88
4402,44,2,521,443,85.03,78,14.97
4403,44,3,276,235,85.14,41,14.86
4404,44,4,397,340,85.64,57,14.36
4405,44,5,526,435,82.7,91,17.3
4406,44,6,649,527,81.2,122,18.8
4407,44,7,309,253,81.88,56,18.12
4408,44,8,716,602,84.08,114,15.92
4409,44,9,550,471,85.64,79,14.36
4410,44,10,571,468,81.96,103,18.04
4411,44,11,610,468,76.72,142,23.28
4412,44,12,545,462,84.77,83,15.23
4413,44,13,461,379,82.21,82,17.79
4414,44,14,522,418,80.08,104,19.92
4415,44,15,492,398,80.89,94,19.11
4416,44,16,620,481,77.58,139,22.42
4417,44,17,706,573,81.16,133,18.84
4418,44,18,573,461,80.45,112,19.55
4419,44,19,620,508,81.94,112,18.06
4420,44,20,668,544,81.44,124,18.56
4421,44,21,619,506,81.74,113,18.26
4422,44,22,502,416,82.87,86,17.13
4423,44,23,520,436,83.85,84,16.15
4424,44,24,347,311,89.63,36,10.37
4425,44,25,540,450,83.33,90,16.67
4426,44,26,707,552,78.08,155,21.92
4427,44,27,608,502,82.57,106,17.43
4428,44,28,581,482,82.96,99,17.04
4429,44,29,620,511,82.42,109,17.58
4430,44,30,646,528,81.73,118,18.27
4431,44,31,487,383,78.64,104,21.36
4432,44,32,610,476,78.03,134,21.97
4433,44,33,607,502,82.7,105,17.3
4434,44,34,553,472,85.35,81,14.65
4435,44,35,549,456,83.06,93,16.94
4436,44,36,619,522,84.33,97,15.67
4437,44,37,605,487,80.5,118,19.5
4438,44,38,643,514,79.94,129,20.06
4439,44,39,594,509,85.69,85,14.31
4440,44,40,507,417,82.25,90,17.75
4441,44,41,695,557,80.14,138,19.86
4501,45,1,363,284,78.24,79,21.76
4502,45,2,437,338,77.35,99,22.65
4503,45,3,389,298,76.61,91,23.39
4504,45,4,519,383,73.8,136,26.2
4505,45,5,447,361,80.76,86,19.24
4506,45,6,588,448,76.19,140,23.81
4507,45,7,615,512,83.25,103,16.75
4508,45,8,440,336,76.36,104,23.64
4509,45,9,433,312,72.06,121,27.94
4510,45,10,422,302,71.56,120,28.44
4511,45,11,340,255,75.0,85,25.0
4512,45,12,380,272,71.58,108,28.42
4513,45,13,349,277,79.37,72,20.63
4514,45,14,606,469,77.39,137,22.61
4515,45,15,517,387,74.85,130,25.15
4516,45,16,355,273,76.9,82,23.1
4517,45,17,454,330,72.69,124,27.31
4518,45,18,455,336,73.85,119,26.15
4519,45,19,237,180,75.95,57,24.05
4520,45,20,294,216,73.47,78,26.53
4521,45,21,367,256,69.75,111,30.25
4522,45,22,383,285,74.41,98,25.59
4523,45,23,398,286,71.86,112,28.14
4524,45,24,333,220,66.07,113,33.93
4525,45,25,280,193,68.93,87,31.07
4526,45,26,243,185,76.13,58,23.87
4527,45,27,413,299,72.4,114,27.6
4528,45,28,345,253,73.33,92,26.67
4529,45,29,268,202,75.37,66,24.63
4530,45,30,416,306,73.56,110,26.44
4531,45,31,334,246,73.65,88,26.35
4532,45,32,389,285,73.26,104,26.74
4533,45,33,298,219,73.49,79,26.51
4534,45,34,443,328,74.04,115,25.96
4535,45,35,472,349,73.94,123,26.06
4536,45,36,434,310,71.43,124,28.57
4537,45,37,400,276,69.0,124,31.0
4538,45,38,406,299,73.65,107,26.35
4539,45,39,415,300,72.29,115,27.71
4540,45,40,391,261,66.75,130,33.25
4541,45,41,374,258,68.98,116,31.02
4542,45,42,395,284,71.9,111,28.1
4543,45,43,434,320,73.73,114,26.27
4544,45,44,380,272,71.58,108,28.42
4545,45,45,270,174,64.44,96,35.56
4546,45,46,336,223,66.37,113,33.63
4547,45,47,305,213,69.84,92,30.16
4548,45,48,321,213,66.36,108,33.64
4601,46,1,385,284,73.77,101,26.23
4602,46,2,510,389,76.27,121,23.73
4603,46,3,577,483,83.71,94,16.29
4604,46,4,489,386,78.94,103,21.06
4605,46,5,674,524,77.74,150,22.26
4606,46,6,428,322,75.23,106,24.77
4607,46,7,484,410,84.71,74,15.29
4608,46,8,336,250,74.4,86,25.6
4609,46,9,573,442,77.14,131,22.86
4610,46,10,875,705,80.57,170,19.43
4611,46,11,484,361,74.59,123,25.41
4612,46,12,552,402,72.83,150,27.17
4613,46,13,532,429,80.64,103,19.36
4614,46,14,521,396,76.01,125,23.99
4615,46,15,517,417,80.66,100,19.34
4616,46,16,581,449,77.28,132,22.72
4617,46,17,542,446,82.29,96,17.71
4618,46,18,574,439,76.48,135,23.52
4619,46,19,343,274,79.88,69,20.12
4620,46,20,435,345,79.31,90,20.69
4621,46,21,394,299,75.89,95,24.11
4622,46,22,357,258,72.27,99,27.73
4623,46,23,473,375,79.28,98,20.72
4624,46,24,645,526,81.55,119,18.45
4625,46,25,498,374,75.1,124,24.9
4626,46,26,709,534,75.32,175,24.68
4627,46,27,674,503,74.63,171,25.37
4628,46,28,469,396,84.43,73,15.57
4629,46,29,401,332,82.79,69,17.21
4630,46,30,532,430,80.83,102,19.17
4631,46,31,529,436,82.42,93,17.58
4632,46,32,477,360,75.47,117,24.53
4633,46,33,516,428,82.95,88,17.05
4634,46,34,659,508,77.09,151,22.91
4635,46,35,583,459,78.73,124,21.27
4636,46,36,480,404,84.17,76,15.83
4637,46,37,404,319,78.96,85,21.04
4638,46,38,588,461,78.4,127,21.6
4639,46,39,461,341,73.97,120,26.03
4640,46,40,433,351,81.06,82,18.94
4701,47,1,370,293,79.19,77,20.81
4702,47,2,510,425,83.33,85,16.67
4703,47,3,496,437,88.1,59,11.9
4704,47,4,633,526,83.1,107,16.9
4705,47,5,578,433,74.91,145,25.09
4706,47,6,638,534,83.7,104,16.3
4707,47,7,495,376,75.96,119,24.04
4708,47,8,532,436,81.95,96,18.05
4709,47,9,491,399,81.26,92,18.74
4710,47,10,646,492,76.16,154,23.84
4711,47,11,537,440,81.94,97,18.06
4712,47,12,571,452,79.16,119,20.84
4713,47,13,516,418,81.01,98,18.99
4714,47,14,490,427,87.14,63,12.86
4715,47,15,660,474,71.82,186,28.18
4716,47,16,536,448,83.58,88,16.42
4717,47,17,523,419,80.11,104,19.89
4718,47,18,508,383,75.39,125,24.61
4719,47,19,826,626,75.79,200,24.21
4720,47,20,570,457,80.18,113,19.82
4721,47,21,512,401,78.32,111,21.68
4722,47,22,576,454,78.82,122,21.18
4723,47,23,602,451,74.92,151,25.08
4724,47,24,548,437,79.74,111,20.26
4725,47,25,649,516,79.51,133,20.49
4726,47,26,741,591,79.76,150,20.24
4727,47,27,459,369,80.39,90,19.61
4728,47,28,498,406,81.53,92,18.47
4729,47,29,630,521,82.7,109,17.3
4730,47,30,670,543,81.04,127,18.96
4731,47,31,581,456,78.49,125,21.51
4732,47,32,649,516,79.51,133,20.49
4733,47,33,510,425,83.33,85,16.67
4734,47,34,562,466,82.92,96,17.08
4735,47,35,528,416,78.79,112,21.21
4736,47,36,621,477,76.81,144,23.19
4737,47,37,495,372,75.15,123,24.85
4738,47,38,536,433,80.78,103,19.22
4739,47,39,526,420,79.85,106,20.15
4740,47,40,501,407,81.24,94,18.76
4741,47,41,590,468,79.32,122,20.68
4742,47,42,520,381,73.27,139,26.73
4743,47,43,475,396,83.37,79,16.63
4744,47,44,456,372,81.58,84,18.42
4745,47,45,507,414,81.66,93,18.34
4746,47,46,552,446,80.8,106,19.2
4747,47,47,664,545,82.08,119,17.92
4748,47,48,32,23,71.88,9,28.13
4801,48,1,503,377,74.95,126,25.05
4802,48,2,211,181,85.78,30,14.22
4803,48,3,570,442,77.54,128,22.46
4804,48,4,450,346,76.89,104,23.11
4805,48,5,250,204,81.6,46,18.4
4806,48,6,583,464,79.59,119,20.41
4807,48,7,531,437,82.3,94,17.7
4808,48,8,246,202,82.11,44,17.89
4809,48,9,320,256,80.0,64,20.0
4810,48,10,699,563,80.54,136,19.46
4811,48,11,402,320,79.6,82,20.4
4812,48,12,590,454,76.95,136,23.05
4813,48,13,614,500,81.43,114,18.57
4814,48,14,203,162,79.8,41,20.2
4815,48,15,318,262,82.39,56,17.61
4816,48,16,550,414,75.27,136,24.73
4817,48,17,426,352,82.63,74,17.37
4818,48,18,327,254,77.68,73,22.32
4819,48,19,354,281,79.38,73,20.62
4820,48,20,538,395,73.42,143,26.58
4821,48,21,634,468,73.82,166,26.18
4822,48,22,363,307,84.57,56,15.43
4823,48,23,426,358,84.04,68,15.96
4824,48,24,571,397,69.53,174,30.47
4825,48,25,426,343,80.52,83,19.48
4826,48,26,240,184,76.67,56,23.33
4827,48,27,487,367,75.36,120,24.64
4828,48,28,518,399,77.03,119,22.97
4829,48,29,183,165,90.16,18,9.84
4830,48,30,422,334,79.15,88,20.85
4831,48,31,715,532,74.41,183,25.59
4832,48,32,535,404,75.51,131,24.49
4833,48,33,254,227,89.37,27,10.63
4834,48,34,416,329,79.09,87,20.91
4835,48,35,290,212,73.1,78,26.9
4836,48,36,270,231,85.56,39,14.44
4837,48,37,512,393,76.76,119,23.24
4838,48,38,500,421,84.2,79,15.8
4839,48,39,358,285,79.61,73,20.39
4840,48,40,453,358,79.03,95,20.97
4841,48,41,650,473,72.77,177,27.23
4842,48,42,581,451,77.62,130,22.38
4843,48,43,579,449,77.55,130,22.45
4844,48,44,635,489,77.01,146,22.99
4845,48,45,376,290,77.13,86,22.87
4846,48,46,278,224,80.58,54,19.42
4901,49,1,332,243,73.19,89,26.81
4902,49,2,306,239,78.1,67,21.9
4903,49,3,630,486,77.14,144,22.86
4904,49,4,680,485,71.32,195,28.68
4905,49,5,494,409,82.79,85,17.21
4906,49,6,437,331,75.74,106,24.26
4907,49,7,401,307,76.56,94,23.44
4908,49,8,451,365,80.93,86,19.07
4909,49,9,510,402,78.82,108,21.18
4910,49,10,588,455,77.38,133,22.62
4911,49,11,662,502,75.83,160,24.17
4912,49,12,624,475,76.12,149,23.88
4913,49,13,573,419,73.12,154,26.88
4914,49,14,388,290,74.74,98,25.26
4915,49,15,382,284,74.35,98,25.65
4916,49,16,459,359,78.21,100,21.79
4917,49,17,388,312,80.41,76,19.59
4918,49,18,645,487,75.5,158,24.5
4919,49,19,473,363,76.74,110,23.26
4920,49,20,751,556,74.03,195,25.97
4921,49,21,320,248,77.5,72,22.5
4922,49,22,527,400,75.9,127,24.1
4923,49,23,667,483,72.41,184,27.59
4924,49,24,396,315,79.55,81,20.45
4925,49,25,645,474,73.49,171,26.51
4926,49,26,573,417,72.77,156,27.23
4927,49,27,591,457,77.33,134,22.67
4928,49,28,730,516,70.68,214,29.32
4929,49,29,589,429,72.84,160,27.16
4930,49,30,530,407,76.79,123,23.21
4931,49,31,348,267,76.72,81,23.28
4932,49,32,487,324,66.53,163,33.47
4933,49,33,398,299,75.13,99,24.87
5001,50,1,312,244,78.21,68,21.79
5002,50,2,212,164,77.36,48,22.64
5003,50,3,285,227,79.65,58,20.35
5004,50,4,396,322,81.31,74,18.69
5005,50,5,204,163,79.9,41,20.1
5006,50,6,396,323,81.57,73,18.43
5007,50,7,480,387,80.63,93,19.38
5008,50,8,370,283,76.49,87,23.51
5009,50,9,306,232,75.82,74,24.18
5010,50,10,367,268,73.02,99,26.98
5011,50,11,175,127,72.57,48,27.43
5012,50,12,145,109,75.17,36,24.83
5013,50,13,462,361,78.14,101,21.86
5014,50,14,106,76,71.7,30,28.3
5015,50,15,473,387,81.82,86,18.18
5016,50,16,99,76,76.77,23,23.23
5017,50,17,371,284,76.55,87,23.45
5018,50,18,45,34,75.56,11,24.44
5019,50,19,320,248,77.5,72,22.5
5020,50,20,419,312,74.46,107,25.54
5021,50,21,342,264,77.19,78,22.81
5022,50,22,319,247,77.43,72,22.57
5023,50,23,245,178,72.65,67,27.35
5024,50,24,212,145,68.4,67,31.6
5025,50,25,280,204,72.86,76,27.14
5026,50,26,403,300,74.44,103,25.56
5027,50,27,98,72,73.47,26,26.53
5028,50,28,415,317,76.39,98,23.61
5029,50,29,397,304,76.57,93,23.43
5030,50,30,316,257,81.33,59,18.67
5031,50,31,535,412,77.01,123,22.99
5032,50,32,431,332,77.03,99,22.97
5033,50,33,219,170,77.63,49,22.37
5034,50,34,442,340,76.92,102,23.08
5035,50,35,526,417,79.28,109,20.72
5036,50,36,382,301,78.8,81,21.2
5037,50,37,391,305,78.01,86,21.99
5038,50,38,111,82,73.87,29,26.13
5039,50,39,216,160,74.07,56,25.93
5040,50,40,234,166,70.94,68,29.06
