id,ward,precinct,total,Yes,Yes Percent,No,No Percent
0101,1,1,496,418,84.27,78,15.73
0102,1,2,464,386,83.19,78,16.81
0103,1,3,594,529,89.06,65,10.94
0104,1,4,572,506,88.46,66,11.54
0105,1,5,505,452,89.5,53,10.5
0106,1,6,435,381,87.59,54,12.41
0107,1,7,367,322,87.74,45,12.26
0108,1,8,420,368,87.62,52,12.38
0109,1,9,362,308,85.08,54,14.92
0110,1,10,616,542,87.99,74,12.01
0111,1,11,573,522,91.1,51,8.9
0112,1,12,590,509,86.27,81,13.73
0113,1,13,249,211,84.74,38,15.26
0114,1,14,448,388,86.61,60,13.39
0115,1,15,472,404,85.59,68,14.41
0116,1,16,554,478,86.28,76,13.72
0117,1,17,429,366,85.31,63,14.69
0118,1,18,498,431,86.55,67,13.45
0119,1,19,601,512,85.19,89,14.81
0120,1,20,404,357,88.37,47,11.63
0121,1,21,671,599,89.27,72,10.73
0122,1,22,328,285,86.89,43,13.11
0123,1,23,654,572,87.46,82,12.54
0124,1,24,450,380,84.44,70,15.56
0125,1,25,490,433,88.37,57,11.63
0126,1,26,334,274,82.04,60,17.96
0127,1,27,561,492,87.7,69,12.3
0128,1,28,169,137,81.07,32,18.93
0129,1,29,622,562,90.35,60,9.65
0130,1,30,565,476,84.25,89,15.75
0131,1,31,449,385,85.75,64,14.25
0132,1,32,484,412,85.12,72,14.88
0133,1,33,529,460,86.96,69,13.04
0134,1,34,411,367,89.29,44,10.71
0135,1,35,620,516,83.23,104,16.77
0136,1,36,577,511,88.56,66,11.44
0137,1,37,494,436,88.26,58,11.74
0138,1,38,475,422,88.84,53,11.16
0139,1,39,427,382,89.46,45,10.54
0140,1,40,436,373,85.55,63,14.45
0141,1,41,280,257,91.79,23,8.21
0142,1,42,177,148,83.62,29,16.38
0143,1,43,320,281,87.81,39,12.19
0144,1,44,461,400,86.77,61,13.23
0201,2,1,549,479,87.25,70,12.75
0202,2,2,338,291,86.09,47,13.91
0203,2,3,562,495,88.08,67,11.92
0204,2,4,485,441,90.93,44,9.07
0205,2,5,617,538,87.2,79,12.8
0206,2,6,523,449,85.85,74,14.15
0207,2,7,435,388,89.2,47,10.8
0208,2,8,623,538,86.36,85,13.64
0209,2,9,459,398,86.71,61,13.29
0210,2,10,328,272,82.93,56,17.07
0211,2,11,455,374,82.2,81,17.8
0212,2,12,373,329,88.2,44,11.8
0213,2,13,377,318,84.35,59,15.65
0214,2,14,490,429,87.55,61,12.45
0215,2,15,425,382,89.88,43,10.12
0216,2,16,481,422,87.73,59,12.27
0217,2,17,572,494,86.36,78,13.64
0218,2,18,408,347,85.05,61,14.95
0219,2,19,295,235,79.66,60,20.34
0220,2,20,572,498,87.06,74,12.94
0221,2,21,521,467,89.64,54,10.36
0222,2,22,455,404,88.79,51,11.21
0223,2,23,290,249,85.86,41,14.14
0224,2,24,404,359,88.86,45,11.14
0225,2,25,530,470,88.68,60,11.32
0226,2,26,378,315,83.33,63,16.67
0227,2,27,399,322,80.7,77,19.3
0228,2,28,518,454,87.64,64,12.36
0229,2,29,494,418,84.62,76,15.38
0230,2,30,401,339,84.54,62,15.46
0231,2,31,516,441,85.47,75,14.53
0232,2,32,420,358,85.24,62,14.76
0233,2,33,624,535,85.74,89,14.26
0234,2,34,318,270,84.91,48,15.09
0235,2,35,597,523,87.6,74,12.4
0236,2,36,476,406,85.29,70,14.71
0237,2,37,403,343,85.11,60,14.89
0238,2,38,399,326,81.7,73,18.3
0239,2,39,313,243,77.64,70,22.36
0240,2,40,639,547,85.6,92,14.4
0241,2,41,542,460,84.87,82,15.13
0242,2,42,515,454,88.16,61,11.84
0243,2,43,604,517,85.6,87,14.4
0244,2,44,286,248,86.71,38,13.29
0245,2,45,534,448,83.9,86,16.1
0246,2,46,241,199,82.57,42,17.43
0301,3,1,619,490,79.16,129,20.84
0302,3,2,465,401,86.24,64,13.76
0303,3,3,369,288,78.05,81,21.95
0304,3,4,537,452,84.17,85,15.83
0305,3,5,264,208,78.79,56,21.21
0306,3,6,649,545,83.98,104,16.02
0307,3,7,256,213,83.2,43,16.8
0308,3,8,354,262,74.01,92,25.99
0309,3,9,529,425,80.34,104,19.66
0310,3,10,204,159,77.94,45,22.06
0311,3,11,533,435,81.61,98,18.39
0312,3,12,417,344,82.49,73,17.51
0313,3,13,533,456,85.55,77,14.45
0314,3,14,535,461,86.17,74,13.83
0315,3,15,445,351,78.88,94,21.12
0316,3,16,391,319,81.59,72,18.41
0317,3,17,683,577,84.48,106,15.52
0318,3,18,605,468,77.36,137,22.64
0319,3,19,569,497,87.35,72,12.65
0320,3,20,495,396,80.0,99,20.0
0321,3,21,483,425,87.99,58,12.01
0322,3,22,665,554,83.31,111,16.69
0323,3,23,382,297,77.75,85,22.25
0324,3,24,405,335,82.72,70,17.28
0325,3,25,785,666,84.84,119,15.16
0326,3,26,507,439,86.59,68,13.41
0327,3,27,605,510,84.3,95,15.7
0328,3,28,216,166,76.85,50,23.15
0329,3,29,480,337,70.21,143,29.79
0330,3,30,401,314,78.3,87,21.7
0331,3,31,538,438,81.41,100,18.59
0332,3,32,742,646,87.06,96,12.94
0333,3,33,592,515,86.99,77,13.01
0334,3,34,696,593,85.2,103,14.8
0335,3,35,256,211,82.42,45,17.58
0336,3,36,219,163,74.43,56,25.57
0337,3,37,444,335,75.45,109,24.55
0338,3,38,324,284,87.65,40,12.35
0339,3,39,931,807,86.68,124,13.32
0340,3,40,487,386,79.26,101,20.74
0341,3,41,315,254,80.63,61,19.37
0401,4,1,698,610,87.39,88,12.61
0402,4,2,648,569,87.81,79,12.19
0403,4,3,393,317,80.66,76,19.34
0404,4,4,641,509,79.41,132,20.59
0405,4,5,509,432,84.87,77,15.13
0406,4,6,516,438,84.88,78,15.12
0407,4,7,638,533,83.54,105,16.46
0408,4,8,532,422,79.32,110,20.68
0409,4,9,521,446,85.6,75,14.4
0410,4,10,628,516,82.17,112,17.83
0411,4,11,481,368,76.51,113,23.49
0412,4,12,656,517,78.81,139,21.19
0413,4,13,632,553,87.5,79,12.5
0414,4,14,490,395,80.61,95,19.39
0415,4,15,554,463,83.57,91,16.43
0416,4,16,852,743,87.21,109,12.79
0417,4,17,564,504,89.36,60,10.64
0418,4,18,456,358,78.51,98,21.49
0419,4,19,317,223,70.35,94,29.65
0420,4,20,369,327,88.62,42,11.38
0421,4,21,540,446,82.59,94,17.41
0422,4,22,447,382,85.46,65,14.54
0423,4,23,582,500,85.91,82,14.09
0424,4,24,464,390,84.05,74,15.95
0425,4,25,595,500,84.03,95,15.97
0426,4,26,431,350,81.21,81,18.79
0427,4,27,648,563,86.88,85,13.12
0428,4,28,440,362,82.27,78,17.73
0429,4,29,474,399,84.18,75,15.82
0430,4,30,676,551,81.51,125,18.49
0431,4,31,419,368,87.83,51,12.17
0432,4,32,546,445,81.5,101,18.5
0433,4,33,462,390,84.42,72,15.58
0434,4,34,432,345,79.86,87,20.14
0435,4,35,576,477,82.81,99,17.19
0436,4,36,592,495,83.61,97,16.39
0437,4,37,923,832,90.14,91,9.86
0438,4,38,524,445,84.92,79,15.08
0501,5,1,428,324,75.7,104,24.3
0502,5,2,347,281,80.98,66,19.02
0503,5,3,442,391,88.46,51,11.54
0504,5,4,593,513,86.51,80,13.49
0505,5,5,394,301,76.4,93,23.6
0506,5,6,351,275,78.35,76,21.65
0507,5,7,426,357,83.8,69,16.2
0508,5,8,428,396,92.52,32,7.48
0509,5,9,520,465,89.42,55,10.58
0510,5,10,370,284,76.76,86,23.24
0511,5,11,440,384,87.27,56,12.73
0512,5,12,285,225,78.95,60,21.05
0513,5,13,402,300,74.63,102,25.37
0514,5,14,369,318,86.18,51,13.82
0515,5,15,421,368,87.41,53,12.59
0516,5,16,442,332,75.11,110,24.89
0517,5,17,351,270,76.92,81,23.08
0518,5,18,409,349,85.33,60,14.67
0519,5,19,411,375,91.24,36,8.76
0520,5,20,484,436,90.08,48,9.92
0521,5,21,440,384,87.27,56,12.73
0522,5,22,518,452,87.26,66,12.74
0523,5,23,785,687,87.52,98,12.48
0524,5,24,562,488,86.83,74,13.17
0525,5,25,391,327,83.63,64,16.37
0526,5,26,453,357,78.81,96,21.19
0527,5,27,393,364,92.62,29,7.38
0528,5,28,456,372,81.58,84,18.42
0529,5,29,469,360,76.76,109,23.24
0530,5,30,292,205,70.21,87,29.79
0531,5,31,335,267,79.7,68,20.3
0532,5,32,492,416,84.55,76,15.45
0533,5,33,411,318,77.37,93,22.63
0534,5,34,429,393,91.61,36,8.39
0535,5,35,541,486,89.83,55,10.17
0536,5,36,258,209,81.01,49,18.99
0537,5,37,455,410,90.11,45,9.89
0538,5,38,411,305,74.21,106,25.79
0539,5,39,359,326,90.81,33,9.19
0540,5,40,352,276,78.41,76,21.59
0541,5,41,182,169,92.86,13,7.14
0601,6,1,382,325,85.08,57,14.92
0602,6,2,370,306,82.7,64,17.3
0603,6,3,359,296,82.45,63,17.55
0604,6,4,261,195,74.71,66,25.29
0605,6,5,231,177,76.62,54,23.38
0606,6,6,443,351,79.23,92,20.77
0607,6,7,371,287,77.36,84,22.64
0608,6,8,370,305,82.43,65,17.57
0609,6,9,390,302,77.44,88,22.56
0610,6,10,252,202,80.16,50,19.84
0611,6,11,319,244,76.49,75,23.51
0612,6,12,273,197,72.16,76,27.84
0613,6,13,274,220,80.29,54,19.71
0614,6,14,334,266,79.64,68,20.36
0615,6,15,316,226,71.52,90,28.48
0616,6,16,390,295,75.64,95,24.36
0617,6,17,242,172,71.07,70,28.93
0618,6,18,266,221,83.08,45,16.92
0619,6,19,301,223,74.09,78,25.91
0620,6,20,243,187,76.95,56,23.05
0621,6,21,171,125,73.1,46,26.9
0622,6,22,209,163,77.99,46,22.01
0623,6,23,166,120,72.29,46,27.71
0624,6,24,197,147,74.62,50,25.38
0625,6,25,183,127,69.4,56,30.6
0626,6,26,252,189,75.0,63,25.0
0627,6,27,218,170,77.98,48,22.02
0628,6,28,169,133,78.7,36,21.3
0629,6,29,350,285,81.43,65,18.57
0630,6,30,311,235,75.56,76,24.44
0631,6,31,324,288,88.89,36,11.11
0632,6,32,378,289,76.46,89,23.54
0633,6,33,383,302,78.85,81,21.15
0634,6,34,375,294,78.4,81,21.6
0635,6,35,334,258,77.25,76,22.75
0636,6,36,395,329,83.29,66,16.71
0637,6,37,410,330,80.49,80,19.51
0638,6,38,405,331,81.73,74,18.27
0639,6,39,310,229,73.87,81,26.13
0640,6,40,312,245,78.53,67,21.47
0641,6,41,369,291,78.86,78,21.14
0642,6,42,341,272,79.77,69,20.23
0643,6,43,340,270,79.41,70,20.59
0644,6,44,390,302,77.44,88,22.56
0645,6,45,368,277,75.27,91,24.73
0646,6,46,279,208,74.55,71,25.45
0647,6,47,244,189,77.46,55,22.54
0648,6,48,354,286,80.79,68,19.21
0701,7,1,347,264,76.08,83,23.92
0702,7,2,342,265,77.49,77,22.51
0703,7,3,346,282,81.5,64,18.5
0704,7,4,341,278,81.52,63,18.48
0705,7,5,308,236,76.62,72,23.38
0706,7,6,438,335,76.48,103,23.52
0707,7,7,349,260,74.5,89,25.5
0708,7,8,209,166,79.43,43,20.57
0709,7,9,584,433,74.14,151,25.86
0710,7,10,348,287,82.47,61,17.53
0711,7,11,379,288,75.99,91,24.01
0712,7,12,317,222,70.03,95,29.97
0713,7,13,209,160,76.56,49,23.44
0714,7,14,399,303,75.94,96,24.06
0715,7,15,328,278,84.76,50,15.24
0716,7,16,343,261,76.09,82,23.91
0717,7,17,280,204,72.86,76,27.14
0718,7,18,314,241,76.75,73,23.25
0719,7,19,332,256,77.11,76,22.89
0720,7,20,279,210,75.27,69,24.73
0721,7,21,274,198,72.26,76,27.74
0722,7,22,301,223,74.09,78,25.91
0723,7,23,324,263,81.17,61,18.83
0724,7,24,283,223,78.8,60,21.2
0725,7,25,283,216,76.33,67,23.67
0726,7,26,263,201,76.43,62,23.57
0727,7,27,261,212,81.23,49,18.77
0728,7,28,249,167,67.07,82,32.93
0729,7,29,327,249,76.15,78,23.85
0730,7,30,271,225,83.03,46,16.97
0731,7,31,247,185,74.9,62,25.1
0732,7,32,438,342,78.08,96,21.92
0733,7,33,413,345,83.54,68,16.46
0734,7,34,424,342,80.66,82,19.34
0735,7,35,380,291,76.58,89,23.42
0736,7,36,445,343,77.08,102,22.92
0737,7,37,342,269,78.65,73,21.35
0738,7,38,313,241,77.0,72,23.0
0739,7,39,318,237,74.53,81,25.47
0740,7,40,266,209,78.57,57,21.43
0741,7,41,333,266,79.88,67,20.12
0742,7,42,338,268,79.29,70,20.71
0743,7,43,329,264,80.24,65,19.76
0744,7,44,300,242,80.67,58,19.33
0745,7,45,326,257,78.83,69,21.17
0746,7,46,86,69,80.23,17,19.77
0801,8,1,317,245,77.29,72,22.71
0802,8,2,336,255,75.89,81,24.11
0803,8,3,391,327,83.63,64,16.37
0804,8,4,408,327,80.15,81,19.85
0805,8,5,310,265,85.48,45,14.52
0806,8,6,350,269,76.86,81,23.14
0807,8,7,396,322,81.31,74,18.69
0808,8,8,369,308,83.47,61,16.53
0809,8,9,223,175,78.48,48,21.52
0810,8,10,450,369,82.0,81,18.0
0811,8,11,301,233,77.41,68,22.59
0812,8,12,312,245,78.53,67,21.47
0813,8,13,414,307,74.15,107,25.85
0814,8,14,287,201,70.03,86,29.97
0815,8,15,226,182,80.53,44,19.47
0816,8,16,108,87,80.56,21,19.44
0817,8,17,298,245,82.21,53,17.79
0818,8,18,324,242,74.69,82,25.31
0819,8,19,389,320,82.26,69,17.74
0820,8,20,418,327,78.23,91,21.77
0821,8,21,454,377,83.04,77,16.96
0822,8,22,329,256,77.81,73,22.19
0823,8,23,282,230,81.56,52,18.44
0824,8,24,188,146,77.66,42,22.34
0825,8,25,344,252,73.26,92,26.74
0826,8,26,296,226,76.35,70,23.65
0827,8,27,393,321,81.68,72,18.32
0828,8,28,359,286,79.67,73,20.33
0829,8,29,371,303,81.67,68,18.33
0830,8,30,387,322,83.2,65,16.8
0831,8,31,281,211,75.09,70,24.91
0832,8,32,274,209,76.28,65,23.72
0833,8,33,269,201,74.72,68,25.28
0834,8,34,327,267,81.65,60,18.35
0835,8,35,405,322,79.51,83,20.49
0836,8,36,356,279,78.37,77,21.63
0837,8,37,279,233,83.51,46,16.49
0838,8,38,261,208,79.69,53,20.31
0839,8,39,326,261,80.06,65,19.94
0840,8,40,283,223,78.8,60,21.2
0841,8,41,380,295,77.63,85,22.37
0842,8,42,465,364,78.28,101,21.72
0843,8,43,193,142,73.58,51,26.42
0844,8,44,251,205,81.67,46,18.33
0845,8,45,302,232,76.82,70,23.18
0846,8,46,288,231,80.21,57,19.79
0847,8,47,297,237,79.8,60,20.2
0848,8,48,309,252,81.55,57,18.45
0849,8,49,338,265,78.4,73,21.6
0850,8,50,338,269,79.59,69,20.41
0851,8,51,326,266,81.6,60,18.4
0852,8,52,446,357,80.04,89,19.96
0853,8,53,202,160,79.21,42,20.79
0854,8,54,298,214,71.81,84,28.19
0855,8,55,261,214,81.99,47,18.01
0856,8,56,372,289,77.69,83,22.31
0901,9,1,323,257,79.57,66,20.43
0902,9,2,275,214,77.82,61,22.18
0903,9,3,208,139,66.83,69,33.17
0904,9,4,258,208,80.62,50,19.38
0905,9,5,336,262,77.98,74,22.02
0906,9,6,312,241,77.24,71,22.76
0907,9,7,261,209,80.08,52,19.92
0908,9,8,354,277,78.25,77,21.75
0909,9,9,382,295,77.23,87,22.77
0910,9,10,252,197,78.17,55,21.83
0911,9,11,241,190,78.84,51,21.16
0912,9,12,374,307,82.09,67,17.91
0913,9,13,377,300,79.58,77,20.42
0914,9,14,388,321,82.73,67,17.27
0915,9,15,347,235,67.72,112,32.28
0916,9,16,341,264,77.42,77,22.58
0917,9,17,213,164,77.0,49,23.0
0918,9,18,236,191,80.93,45,19.07
0919,9,19,349,273,78.22,76,21.78
0920,9,20,315,254,80.63,61,19.37
0921,9,21,310,235,75.81,75,24.19
0922,9,22,374,290,77.54,84,22.46
0923,9,23,359,280,77.99,79,22.01
0924,9,24,353,277,78.47,76,21.53
0925,9,25,288,228,79.17,60,20.83
0926,9,26,299,222,74.25,77,25.75
0927,9,27,270,217,80.37,53,19.63
0928,9,28,218,168,77.06,50,22.94
0929,9,29,301,227,75.42,74,24.58
0930,9,30,286,217,75.87,69,24.13
0931,9,31,280,213,76.07,67,23.93
0932,9,32,339,271,79.94,68,20.06
0933,9,33,240,191,79.58,49,20.42
0934,9,34,284,223,78.52,61,21.48
0935,9,35,309,255,82.52,54,17.48
0936,9,36,296,225,76.01,71,23.99
0937,9,37,507,387,76.33,120,23.67
0938,9,38,315,235,74.6,80,25.4
0939,9,39,352,277,78.69,75,21.31
0940,9,40,376,305,81.12,71,18.88
0941,9,41,267,197,73.78,70,26.22
0942,9,42,357,299,83.75,58,16.25
0943,9,43,298,226,75.84,72,24.16
0944,9,44,317,248,78.23,69,21.77
0945,9,45,253,190,75.1,63,24.9
0946,9,46,327,254,77.68,73,22.32
0947,9,47,348,294,84.48,54,15.52
0948,9,48,331,273,82.48,58,17.52
0949,9,49,377,300,79.58,77,20.42
0950,9,50,478,393,82.22,85,17.78
0951,9,51,342,281,82.16,61,17.84
1001,10,1,272,220,80.88,52,19.12
1002,10,2,336,216,64.29,120,35.71
1003,10,3,364,228,62.64,136,37.36
1004,10,4,274,207,75.55,67,24.45
1005,10,5,290,214,73.79,76,26.21
1006,10,6,274,217,79.2,57,20.8
1007,10,7,263,198,75.29,65,24.71
1008,10,8,181,121,66.85,60,33.15
1009,10,9,344,230,66.86,114,33.14
1010,10,10,406,295,72.66,111,27.34
1011,10,11,463,357,77.11,106,22.89
1012,10,12,256,188,73.44,68,26.56
1013,10,13,321,239,74.45,82,25.55
1014,10,14,453,331,73.07,122,26.93
1015,10,15,613,476,77.65,137,22.35
1016,10,16,302,209,69.21,93,30.79
1017,10,17,468,313,66.88,155,33.12
1018,10,18,207,154,74.4,53,25.6
1019,10,19,369,270,73.17,99,26.83
1020,10,20,360,268,74.44,92,25.56
1021,10,21,361,269,74.52,92,25.48
1022,10,22,218,168,77.06,50,22.94
1023,10,23,301,239,79.4,62,20.6
1024,10,24,324,226,69.75,98,30.25
1025,10,25,106,86,81.13,20,18.87
1026,10,26,260,205,78.85,55,21.15
1027,10,27,304,224,73.68,80,26.32
1028,10,28,397,313,78.84,84,21.16
1029,10,29,380,292,76.84,88,23.16
1030,10,30,322,239,74.22,83,25.78
1031,10,31,320,254,79.38,66,20.63
1032,10,32,369,275,74.53,94,25.47
1033,10,33,291,213,73.2,78,26.8
1034,10,34,234,169,72.22,65,27.78
1035,10,35,369,264,71.54,105,28.46
1036,10,36,87,69,79.31,18,20.69
1101,11,1,369,287,77.78,82,22.22
1102,11,2,31,20,64.52,11,35.48
1103,11,3,421,351,83.37,70,16.63
1104,11,4,290,224,77.24,66,22.76
1105,11,5,564,440,78.01,124,21.99
1106,11,6,656,552,84.15,104,15.85
1107,11,7,395,335,84.81,60,15.19
1108,11,8,385,298,77.4,87,22.6
1109,11,9,370,283,76.49,87,23.51
1110,11,10,394,307,77.92,87,22.08
1111,11,11,463,343,74.08,120,25.92
1112,11,12,503,354,70.38,149,29.62
1113,11,13,466,321,68.88,145,31.12
1114,11,14,194,145,74.74,49,25.26
1115,11,15,147,119,80.95,28,19.05
1116,11,16,289,231,79.93,58,20.07
1117,11,17,504,406,80.56,98,19.44
1118,11,18,315,250,79.37,65,20.63
1119,11,19,560,439,78.39,121,21.61
1120,11,20,276,213,77.17,63,22.83
1121,11,21,465,359,77.2,106,22.8
1122,11,22,523,393,75.14,130,24.86
1123,11,23,203,154,75.86,49,24.14
1124,11,24,456,351,76.97,105,23.03
1125,11,25,500,371,74.2,129,25.8
1126,11,26,424,326,76.89,98,23.11
1127,11,27,164,130,79.27,34,20.73
1128,11,28,199,145,72.86,54,27.14
1129,11,29,481,346,71.93,135,28.07
1130,11,30,204,154,75.49,50,24.51
1131,11,31,357,260,72.83,97,27.17
1132,11,32,161,121,75.16,40,24.84
1133,11,33,527,440,83.49,87,16.51
1134,11,34,116,84,72.41,32,27.59
1135,11,35,64,47,73.44,17,26.56
1136,11,36,174,133,76.44,41,23.56
1137,11,37,113,94,83.19,19,16.81
1138,11,38,221,184,83.26,37,16.74
1201,12,1,360,278,77.22,82,22.78
1202,12,2,307,249,81.11,58,18.89
1203,12,3,454,352,77.53,102,22.47
1204,12,4,447,356,79.64,91,20.36
1205,12,5,315,235,74.6,80,25.4
1206,12,6,417,327,78.42,90,21.58
1207,12,7,357,296,82.91,61,17.09
1208,12,8,361,278,77.01,83,22.99
1209,12,9,312,256,82.05,56,17.95
1210,12,10,514,391,76.07,123,23.93
1211,12,11,404,303,75.0,101,25.0
1212,12,12,365,279,76.44,86,23.56
1213,12,13,404,320,79.21,84,20.79
1214,12,14,332,264,79.52,68,20.48
1215,12,15,334,247,73.95,87,26.05
1216,12,16,332,251,75.6,81,24.4
1217,12,17,448,339,75.67,109,24.33
1218,12,18,358,269,75.14,89,24.86
1219,12,19,358,274,76.54,84,23.46
1220,12,20,467,380,81.37,87,18.63
1221,12,21,405,314,77.53,91,22.47
1222,12,22,377,283,75.07,94,24.93
1223,12,23,384,295,76.82,89,23.18
1301,13,1,304,209,68.75,95,31.25
1302,13,2,247,162,65.59,85,34.41
1303,13,3,283,220,77.74,63,22.26
1304,13,4,361,236,65.37,125,34.63
1305,13,5,413,324,78.45,89,21.55
1306,13,6,274,176,64.23,98,35.77
1307,13,7,288,226,78.47,62,21.53
1308,13,8,264,176,66.67,88,33.33
1309,13,9,379,291,76.78,88,23.22
1310,13,10,276,161,58.33,115,41.67
1311,13,11,344,232,67.44,112,32.56
1312,13,12,309,239,77.35,70,22.65
1313,13,13,331,262,79.15,69,20.85
1314,13,14,333,260,78.08,73,21.92
1315,13,15,478,347,72.59,131,27.41
1316,13,16,258,203,78.68,55,21.32
1317,13,17,306,204,66.67,102,33.33
1318,13,18,283,197,69.61,86,30.39
1319,13,19,437,339,77.57,98,22.43
1320,13,20,227,141,62.11,86,37.89
1321,13,21,351,219,62.39,132,37.61
1322,13,22,347,244,70.32,103,29.68
1323,13,23,284,213,75.0,71,25.0
1324,13,24,346,256,73.99,90,26.01
1325,13,25,348,239,68.68,109,31.32
1326,13,26,343,250,72.89,93,27.11
1327,13,27,313,219,69.97,94,30.03
1328,13,28,264,199,75.38,65,24.62
1329,13,29,296,225,76.01,71,23.99
1330,13,30,268,215,80.22,53,19.78
1331,13,31,354,213,60.17,141,39.83
1332,13,32,282,170,60.28,112,39.72
1333,13,33,329,228,69.3,101,30.7
1334,13,34,343,271,79.01,72,20.99
1335,13,35,297,242,81.48,55,18.52
1336,13,36,254,191,75.2,63,24.8
1337,13,37,336,256,76.19,80,23.81
1338,13,38,277,180,64.98,97,35.02
1339,13,39,327,266,81.35,61,18.65
1340,13,40,314,237,75.48,77,24.52
1341,13,41,424,331,78.07,93,21.93
1342,13,42,319,199,62.38,120,37.62
1343,13,43,322,230,71.43,92,28.57
1344,13,44,352,266,75.57,86,24.43
1345,13,45,356,252,70.79,104,29.21
1346,13,46,399,293,73.43,106,26.57
1347,13,47,366,288,78.69,78,21.31
1348,13,48,269,181,67.29,88,32.71
1401,14,1,362,230,63.54,132,36.46
1402,14,2,522,418,80.08,104,19.92
1403,14,3,363,286,78.79,77,21.21
1404,14,4,348,208,59.77,140,40.23
1405,14,5,535,399,74.58,136,25.42
1406,14,6,204,156,76.47,48,23.53
1407,14,7,505,395,78.22,110,21.78
1408,14,8,460,347,75.43,113,24.57
1409,14,9,450,294,65.33,156,34.67
1410,14,10,285,210,73.68,75,26.32
1411,14,11,228,174,76.32,54,23.68
1412,14,12,397,298,75.06,99,24.94
1413,14,13,355,284,80.0,71,20.0
1414,14,14,363,278,76.58,85,23.42
1415,14,15,388,290,74.74,98,25.26
1416,14,16,264,210,79.55,54,20.45
1417,14,17,327,233,71.25,94,28.75
1418,14,18,184,138,75.0,46,25.0
1419,14,19,360,294,81.67,66,18.33
1420,14,20,311,253,81.35,58,18.65
1421,14,21,375,295,78.67,80,21.33
1422,14,22,492,372,75.61,120,24.39
1423,14,23,263,177,67.3,86,32.7
1424,14,24,403,287,71.22,116,28.78
1425,14,25,190,142,74.74,48,25.26
1426,14,26,281,213,75.8,68,24.2
1427,14,27,353,277,78.47,76,21.53
1428,14,28,335,272,81.19,63,18.81
1429,14,29,279,212,75.99,67,24.01
1430,14,30,264,211,79.92,53,20.08
1431,14,31,216,169,78.24,47,21.76
1501,15,1,327,235,71.87,92,28.13
1502,15,2,204,151,74.02,53,25.98
1503,15,3,212,160,75.47,52,24.53
1504,15,4,361,298,82.55,63,17.45
1505,15,5,344,247,71.8,97,28.2
1506,15,6,378,293,77.51,85,22.49
1507,15,7,179,121,67.6,58,32.4
1508,15,8,368,263,71.47,105,28.53
1509,15,9,480,383,79.79,97,20.21
1510,15,10,495,366,73.94,129,26.06
1511,15,11,436,325,74.54,111,25.46
1512,15,12,459,366,79.74,93,20.26
1513,15,13,369,289,78.32,80,21.68
1514,15,14,331,249,75.23,82,24.77
1515,15,15,316,233,73.73,83,26.27
1516,15,16,416,321,77.16,95,22.84
1517,15,17,194,150,77.32,44,22.68
1518,15,18,130,93,71.54,37,28.46
1519,15,19,292,240,82.19,52,17.81
1520,15,20,208,149,71.63,59,28.37
1521,15,21,159,118,74.21,41,25.79
1522,15,22,194,143,73.71,51,26.29
1523,15,23,211,153,72.51,58,27.49
1524,15,24,185,133,71.89,52,28.11
1601,16,1,442,354,80.09,88,19.91
1602,16,2,251,180,71.71,71,28.29
1603,16,3,230,180,78.26,50,21.74
1604,16,4,298,223,74.83,75,25.17
1605,16,5,196,146,74.49,50,25.51
1606,16,6,236,178,75.42,58,24.58
1607,16,7,270,219,81.11,51,18.89
1608,16,8,188,145,77.13,43,22.87
1609,16,9,265,192,72.45,73,27.55
1610,16,10,224,173,77.23,51,22.77
1611,16,11,298,217,72.82,81,27.18
1612,16,12,254,200,78.74,54,21.26
1613,16,13,331,246,74.32,85,25.68
1614,16,14,205,150,73.17,55,26.83
1615,16,15,260,187,71.92,73,28.08
1616,16,16,211,154,72.99,57,27.01
1617,16,17,381,295,77.43,86,22.57
1618,16,18,315,238,75.56,77,24.44
1619,16,19,263,198,75.29,65,24.71
1620,16,20,170,128,75.29,42,24.71
1621,16,21,216,174,80.56,42,19.44
1622,16,22,222,169,76.13,53,23.87
1623,16,23,373,277,74.26,96,25.74
1624,16,24,128,105,82.03,23,17.97
1625,16,25,297,219,73.74,78,26.26
1626,16,26,167,128,76.65,39,23.35
1627,16,27,177,130,73.45,47,26.55
1628,16,28,195,156,80.0,39,20.0
1629,16,29,198,145,73.23,53,26.77
1630,16,30,180,135,75.0,45,25.0
1631,16,31,234,167,71.37,67,28.63
1632,16,32,376,287,76.33,89,23.67
1633,16,33,185,138,74.59,47,25.41
1634,16,34,222,173,77.93,49,22.07
1635,16,35,409,315,77.02,94,22.98
1636,16,36,176,139,78.98,37,21.02
1701,17,1,366,283,77.32,83,22.68
1702,17,2,296,232,78.38,64,21.62
1703,17,3,302,236,78.15,66,21.85
1704,17,4,406,335,82.51,71,17.49
1705,17,5,246,181,73.58,65,26.42
1706,17,6,335,264,78.81,71,21.19
1707,17,7,349,254,72.78,95,27.22
1708,17,8,215,161,74.88,54,25.12
1709,17,9,238,174,73.11,64,26.89
1710,17,10,397,309,77.83,88,22.17
1711,17,11,233,181,77.68,52,22.32
1712,17,12,484,368,76.03,116,23.97
1713,17,13,226,181,80.09,45,19.91
1714,17,14,373,308,82.57,65,17.43
1715,17,15,328,256,78.05,72,21.95
1716,17,16,395,304,76.96,91,23.04
1717,17,17,333,255,76.58,78,23.42
1718,17,18,370,304,82.16,66,17.84
1719,17,19,194,148,76.29,46,23.71
1720,17,20,395,332,84.05,63,15.95
1721,17,21,366,293,80.05,73,19.95
1722,17,22,296,234,79.05,62,20.95
1723,17,23,215,161,74.88,54,25.12
1724,17,24,258,213,82.56,45,17.44
1725,17,25,259,202,77.99,57,22.01
1726,17,26,311,251,80.71,60,19.29
1727,17,27,192,162,84.38,30,15.63
1728,17,28,220,176,80.0,44,20.0
1729,17,29,282,226,80.14,56,19.86
1730,17,30,322,247,76.71,75,23.29
1731,17,31,204,164,80.39,40,19.61
1732,17,32,237,180,75.95,57,24.05
1733,17,33,188,131,69.68,57,30.32
1734,17,34,233,189,81.12,44,18.88
1735,17,35,212,166,78.3,46,21.7
1736,17,36,224,172,76.79,52,23.21
1737,17,37,251,200,79.68,51,20.32
1738,17,38,340,266,78.24,74,21.76
1739,17,39,285,222,77.89,63,22.11
1740,17,40,352,275,78.13,77,21.88
1741,17,41,416,324,77.88,92,22.12
1801,18,1,368,293,79.62,75,20.38
1802,18,2,433,327,75.52,106,24.48
1803,18,3,310,236,76.13,74,23.87
1804,18,4,381,297,77.95,84,22.05
1805,18,5,221,164,74.21,57,25.79
1806,18,6,337,246,73.0,91,27.0
1807,18,7,368,290,78.8,78,21.2
1808,18,8,374,294,78.61,80,21.39
1809,18,9,346,275,79.48,71,20.52
1810,18,10,457,364,79.65,93,20.35
1811,18,11,351,276,78.63,75,21.37
1812,18,12,356,280,78.65,76,21.35
1813,18,13,387,311,80.36,76,19.64
1814,18,14,370,303,81.89,67,18.11
1815,18,15,398,307,77.14,91,22.86
1816,18,16,344,268,77.91,76,22.09
1817,18,17,389,311,79.95,78,20.05
1818,18,18,270,208,77.04,62,22.96
1819,18,19,312,250,80.13,62,19.87
1820,18,20,252,195,77.38,57,22.62
1821,18,21,448,344,76.79,104,23.21
1822,18,22,380,314,82.63,66,17.37
1823,18,23,360,274,76.11,86,23.89
1824,18,24,349,264,75.64,85,24.36
1825,18,25,394,293,74.37,101,25.63
1826,18,26,452,362,80.09,90,19.91
1827,18,27,324,261,80.56,63,19.44
1828,18,28,322,235,72.98,87,27.02
1829,18,29,437,346,79.18,91,20.82
1830,18,30,452,322,71.24,130,28.76
1831,18,31,389,295,75.84,94,24.16
1832,18,32,362,291,80.39,71,19.61
1833,18,33,268,229,85.45,39,14.55
1834,18,34,405,332,81.98,73,18.02
1835,18,35,423,352,83.22,71,16.78
1836,18,36,396,299,75.51,97,24.49
1837,18,37,414,332,80.19,82,19.81
1838,18,38,324,257,79.32,67,20.68
1839,18,39,315,244,77.46,71,22.54
1840,18,40,391,314,80.31,77,19.69
1841,18,41,434,336,77.42,98,22.58
1842,18,42,323,230,71.21,93,28.79
1843,18,43,326,236,72.39,90,27.61
1844,18,44,330,231,70.0,99,30.0
1845,18,45,384,304,79.17,80,20.83
1846,18,46,436,305,69.95,131,30.05
1847,18,47,286,210,73.43,76,26.57
1848,18,48,271,206,76.01,65,23.99
1849,18,49,238,169,71.01,69,28.99
1850,18,50,263,194,73.76,69,26.24
1901,19,1,323,194,60.06,129,39.94
1902,19,2,509,394,77.41,115,22.59
1903,19,3,297,144,48.48,153,51.52
1904,19,4,433,223,51.5,210,48.5
1905,19,5,407,316,77.64,91,22.36
1906,19,6,406,236,58.13,170,41.87
1907,19,7,321,215,66.98,106,33.02
1908,19,8,396,205,51.77,191,48.23
1909,19,9,260,153,58.85,107,41.15
1910,19,10,487,398,81.72,89,18.28
1911,19,11,349,151,43.27,198,56.73
1912,19,12,293,147,50.17,146,49.83
1913,19,13,479,381,79.54,98,20.46
1914,19,14,408,317,77.7,91,22.3
1915,19,15,518,297,57.34,221,42.66
1916,19,16,364,185,50.82,179,49.18
1917,19,17,330,205,62.12,125,37.88
1918,19,18,365,309,84.66,56,15.34
1919,19,19,478,378,79.08,100,20.92
1920,19,20,329,262,79.64,67,20.36
1921,19,21,398,201,50.5,197,49.5
1922,19,22,414,327,78.99,87,21.01
1923,19,23,377,250,66.31,127,33.69
1924,19,24,285,160,56.14,125,43.86
1925,19,25,370,277,74.86,93,25.14
1926,19,26,348,263,75.57,85,24.43
1927,19,27,408,308,75.49,100,24.51
1928,19,28,463,361,77.97,102,22.03
1929,19,29,392,215,54.85,177,45.15
1930,19,30,370,208,56.22,162,43.78
1931,19,31,343,264,76.97,79,23.03
1932,19,32,345,196,56.81,149,43.19
1933,19,33,408,229,56.13,179,43.87
1934,19,34,328,253,77.13,75,22.87
1935,19,35,346,262,75.72,84,24.28
1936,19,36,544,419,77.02,125,22.98
1937,19,37,392,323,82.4,69,17.6
1938,19,38,363,280,77.13,83,22.87
1939,19,39,200,158,79.0,42,21.0
1940,19,40,420,330,78.57,90,21.43
1941,19,41,354,174,49.15,180,50.85
1942,19,42,313,251,80.19,62,19.81
1943,19,43,542,425,78.41,117,21.59
1944,19,44,421,213,50.59,208,49.41
1945,19,45,409,256,62.59,153,37.41
1946,19,46,344,218,63.37,126,36.63
1947,19,47,568,452,79.58,116,20.42
1948,19,48,474,375,79.11,99,20.89
1949,19,49,491,389,79.23,102,20.77
1950,19,50,340,210,61.76,130,38.24
1951,19,51,413,280,67.8,133,32.2
1952,19,52,478,250,52.3,228,47.7
1953,19,53,347,246,70.89,101,29.11
1954,19,54,288,142,49.31,146,50.69
1955,19,55,315,168,53.33,147,46.67
1956,19,56,423,340,80.38,83,19.62
1957,19,57,333,263,78.98,70,21.02
2001,20,1,392,318,81.12,74,18.88
2002,20,2,122,85,69.67,37,30.33
2003,20,3,340,266,78.24,74,21.76
2004,20,4,160,123,76.88,37,23.13
2005,20,5,408,310,75.98,98,24.02
2006,20,6,143,105,73.43,38,26.57
2007,20,7,433,351,81.06,82,18.94
2008,20,8,311,237,76.21,74,23.79
2009,20,9,496,400,80.65,96,19.35
2010,20,10,237,177,74.68,60,25.32
2011,20,11,454,336,74.01,118,25.99
2012,20,12,341,250,73.31,91,26.69
2013,20,13,305,233,76.39,72,23.61
2014,20,14,180,146,81.11,34,18.89
2015,20,15,359,267,74.37,92,25.63
2016,20,16,423,329,77.78,94,22.22
2017,20,17,240,172,71.67,68,28.33
2018,20,18,236,177,75.0,59,25.0
2019,20,19,374,303,81.02,71,18.98
2020,20,20,286,202,70.63,84,29.37
2021,20,21,284,204,71.83,80,28.17
2022,20,22,489,399,81.6,90,18.4
2023,20,23,204,170,83.33,34,16.67
2024,20,24,454,366,80.62,88,19.38
2025,20,25,228,171,75.0,57,25.0
2026,20,26,335,269,80.3,66,19.7
2027,20,27,166,137,82.53,29,17.47
2028,20,28,218,161,73.85,57,26.15
2029,20,29,238,188,78.99,50,21.01
2030,20,30,162,130,80.25,32,19.75
2031,20,31,401,308,76.81,93,23.19
2032,20,32,265,194,73.21,71,26.79
2033,20,33,222,175,78.83,47,21.17
2034,20,34,440,374,85.0,66,15.0
2035,20,35,260,184,70.77,76,29.23
2036,20,36,117,94,80.34,23,19.66
2037,20,37,112,81,72.32,31,27.68
2038,20,38,101,69,68.32,32,31.68
2039,20,39,28,20,71.43,8,28.57
2101,21,1,384,313,81.51,71,18.49
2102,21,2,234,167,71.37,67,28.63
2103,21,3,349,276,79.08,73,20.92
2104,21,4,297,248,83.5,49,16.5
2105,21,5,359,283,78.83,76,21.17
2106,21,6,287,233,81.18,54,18.82
2107,21,7,347,295,85.01,52,14.99
2108,21,8,359,288,80.22,71,19.78
2109,21,9,361,290,80.33,71,19.67
2110,21,10,295,228,77.29,67,22.71
2111,21,11,305,241,79.02,64,20.98
2112,21,12,299,233,77.93,66,22.07
2113,21,13,372,297,79.84,75,20.16
2114,21,14,382,301,78.8,81,21.2
2115,21,15,320,251,78.44,69,21.56
2116,21,16,311,241,77.49,70,22.51
2117,21,17,285,217,76.14,68,23.86
2118,21,18,317,263,82.97,54,17.03
2119,21,19,401,313,78.05,88,21.95
2120,21,20,312,258,82.69,54,17.31
2121,21,21,302,233,77.15,69,22.85
2122,21,22,313,254,81.15,59,18.85
2123,21,23,316,254,80.38,62,19.62
2124,21,24,371,304,81.94,67,18.06
2125,21,25,288,213,73.96,75,26.04
2126,21,26,348,253,72.7,95,27.3
2127,21,27,412,342,83.01,70,16.99
2128,21,28,435,339,77.93,96,22.07
2129,21,29,373,308,82.57,65,17.43
2130,21,30,298,208,69.8,90,30.2
2131,21,31,196,168,85.71,28,14.29
2132,21,32,254,204,80.31,50,19.69
2133,21,33,287,229,79.79,58,20.21
2134,21,34,326,251,76.99,75,23.01
2135,21,35,411,324,78.83,87,21.17
2136,21,36,339,260,76.7,79,23.3
2137,21,37,246,199,80.89,47,19.11
2138,21,38,348,256,73.56,92,26.44
2139,21,39,339,248,73.16,91,26.84
2140,21,40,315,238,75.56,77,24.44
2141,21,41,371,298,80.32,73,19.68
2142,21,42,371,297,80.05,74,19.95
2143,21,43,350,280,80.0,70,20.0
2144,21,44,367,290,79.02,77,20.98
2145,21,45,329,254,77.2,75,22.8
2146,21,46,364,286,78.57,78,21.43
2147,21,47,317,238,75.08,79,24.92
2148,21,48,340,278,81.76,62,18.24
2149,21,49,379,299,78.89,80,21.11
2150,21,50,267,205,76.78,62,23.22
2151,21,51,362,292,80.66,70,19.34
2152,21,52,345,261,75.65,84,24.35
2153,21,53,302,241,79.8,61,20.2
2154,21,54,272,216,79.41,56,20.59
2201,22,1,191,154,80.63,37,19.37
2202,22,2,443,313,70.65,130,29.35
2203,22,3,547,395,72.21,152,27.79
2204,22,4,296,229,77.36,67,22.64
2205,22,5,330,251,76.06,79,23.94
2206,22,6,326,234,71.78,92,28.22
2207,22,7,289,238,82.35,51,17.65
2208,22,8,494,401,81.17,93,18.83
2209,22,9,293,227,77.47,66,22.53
2210,22,10,452,348,76.99,104,23.01
2211,22,11,233,162,69.53,71,30.47
2212,22,12,277,187,67.51,90,32.49
2213,22,13,371,273,73.58,98,26.42
2214,22,14,292,226,77.4,66,22.6
2215,22,15,303,214,70.63,89,29.37
2216,22,16,289,229,79.24,60,20.76
2217,22,17,467,355,76.02,112,23.98
2218,22,18,328,254,77.44,74,22.56
2219,22,19,169,134,79.29,35,20.71
2220,22,20,385,290,75.32,95,24.68
2221,22,21,317,244,76.97,73,23.03
2222,22,22,343,252,73.47,91,26.53
2223,22,23,356,286,80.34,70,19.66
2224,22,24,416,335,80.53,81,19.47
2225,22,25,339,277,81.71,62,18.29
2301,23,1,310,190,61.29,120,38.71
2302,23,2,353,231,65.44,122,34.56
2303,23,3,305,194,63.61,111,36.39
2304,23,4,318,221,69.5,97,30.5
2305,23,5,361,277,76.73,84,23.27
2306,23,6,343,263,76.68,80,23.32
2307,23,7,354,270,76.27,84,23.73
2308,23,8,426,304,71.36,122,28.64
2309,23,9,349,270,77.36,79,22.64
2310,23,10,411,315,76.64,96,23.36
2311,23,11,410,327,79.76,83,20.24
2312,23,12,352,209,59.38,143,40.63
2313,23,13,343,265,77.26,78,22.74
2314,23,14,292,169,57.88,123,42.12
2315,23,15,320,242,75.63,78,24.38
2316,23,16,328,208,63.41,120,36.59
2317,23,17,288,218,75.69,70,24.31
2318,23,18,317,207,65.3,110,34.7
2319,23,19,314,229,72.93,85,27.07
2320,23,20,255,204,80.0,51,20.0
2321,23,21,296,179,60.47,117,39.53
2322,23,22,331,234,70.69,97,29.31
2323,23,23,317,194,61.2,123,38.8
2324,23,24,324,241,74.38,83,25.62
2325,23,25,320,234,73.13,86,26.88
2326,23,26,353,293,83.0,60,17.0
2327,23,27,289,181,62.63,108,37.37
2328,23,28,386,243,62.95,143,37.05
2329,23,29,300,192,64.0,108,36.0
2330,23,30,440,344,78.18,96,21.82
2331,23,31,299,233,77.93,66,22.07
2332,23,32,350,264,75.43,86,24.57
2333,23,33,400,306,76.5,94,23.5
2334,23,34,388,290,74.74,98,25.26
2335,23,35,251,161,64.14,90,35.86
2336,23,36,331,223,67.37,108,32.63
2337,23,37,365,232,63.56,133,36.44
2338,23,38,310,217,70.0,93,30.0
2339,23,39,391,309,79.03,82,20.97
2401,24,1,240,183,76.25,57,23.75
2402,24,2,290,232,80.0,58,20.0
2403,24,3,343,259,75.51,84,24.49
2404,24,4,237,184,77.64,53,22.36
2405,24,5,167,125,74.85,42,25.15
2406,24,6,323,248,76.78,75,23.22
2407,24,7,224,183,81.7,41,18.3
2408,24,8,132,100,75.76,32,24.24
2409,24,9,270,201,74.44,69,25.56
2410,24,10,148,108,72.97,40,27.03
2411,24,11,288,222,77.08,66,22.92
2412,24,12,186,139,74.73,47,25.27
2413,24,13,182,129,70.88,53,29.12
2414,24,14,234,187,79.91,47,20.09
2415,24,15,153,120,78.43,33,21.57
2416,24,16,872,565,64.79,307,35.21
2417,24,17,206,156,75.73,50,24.27
2418,24,18,253,199,78.66,54,21.34
2419,24,19,323,247,76.47,76,23.53
2420,24,20,255,200,78.43,55,21.57
2421,24,21,159,116,72.96,43,27.04
2422,24,22,343,255,74.34,88,25.66
2423,24,23,254,186,73.23,68,26.77
2424,24,24,335,226,67.46,109,32.54
2425,24,25,207,160,77.29,47,22.71
2426,24,26,414,332,80.19,82,19.81
2427,24,27,319,257,80.56,62,19.44
2428,24,28,172,129,75.0,43,25.0
2429,24,29,208,160,76.92,48,23.08
2430,24,30,180,143,79.44,37,20.56
2431,24,31,294,205,69.73,89,30.27
2432,24,32,146,121,82.88,25,17.12
2433,24,33,179,136,75.98,43,24.02
2434,24,34,274,207,75.55,67,24.45
2435,24,35,264,197,74.62,67,25.38
2436,24,36,335,259,77.31,76,22.69
2437,24,37,135,104,77.04,31,22.96
2438,24,38,247,193,78.14,54,21.86
2439,24,39,271,217,80.07,54,19.93
2440,24,40,329,246,74.77,83,25.23
2441,24,41,131,96,73.28,35,26.72
2501,25,1,353,299,84.7,54,15.3
2502,25,2,538,446,82.9,92,17.1
2503,25,3,708,608,85.88,100,14.12
2504,25,4,336,267,79.46,69,20.54
2505,25,5,434,323,74.42,111,25.58
2506,25,6,139,112,80.58,27,19.42
2507,25,7,444,373,84.01,71,15.99
2508,25,8,520,414,79.62,106,20.38
2509,25,9,438,351,80.14,87,19.86
2510,25,10,568,502,88.38,66,11.62
2511,25,11,497,416,83.7,81,16.3
2512,25,12,432,365,84.49,67,15.51
2513,25,13,512,419,81.84,93,18.16
2514,25,14,285,254,89.12,31,10.88
2515,25,15,382,294,76.96,88,23.04
2516,25,16,689,605,87.81,84,12.19
2517,25,17,448,366,81.7,82,18.3
2518,25,18,214,177,82.71,37,17.29
2519,25,19,457,360,78.77,97,21.23
2520,25,20,249,174,69.88,75,30.12
2521,25,21,847,745,87.96,102,12.04
2522,25,22,460,369,80.22,91,19.78
2523,25,23,510,416,81.57,94,18.43
2524,25,24,456,380,83.33,76,16.67
2525,25,25,380,304,80.0,76,20.0
2526,25,26,462,370,80.09,92,19.91
2527,25,27,556,476,85.61,80,14.39
2528,25,28,479,388,81.0,91,19.0
2529,25,29,321,250,77.88,71,22.12
2530,25,30,440,345,78.41,95,21.59
2531,25,31,805,699,86.83,106,13.17
2532,25,32,354,250,70.62,104,29.38
2601,26,1,365,317,86.85,48,13.15
2602,26,2,272,226,83.09,46,16.91
2603,26,3,419,369,88.07,50,11.93
2604,26,4,245,175,71.43,70,28.57
2605,26,5,317,248,78.23,69,21.77
2606,26,6,297,231,77.78,66,22.22
2607,26,7,329,285,86.63,44,13.37
2608,26,8,211,161,76.3,50,23.7
2609,26,9,285,233,81.75,52,18.25
2610,26,10,347,270,77.81,77,22.19
2611,26,11,321,252,78.5,69,21.5
2612,26,12,345,290,84.06,55,15.94
2613,26,13,187,140,74.87,47,25.13
2614,26,14,269,216,80.3,53,19.7
2615,26,15,211,162,76.78,49,23.22
2616,26,16,185,147,79.46,38,20.54
2617,26,17,307,247,80.46,60,19.54
2618,26,18,254,196,77.17,58,22.83
2619,26,19,213,158,74.18,55,25.82
2620,26,20,290,241,83.1,49,16.9
2621,26,21,420,347,82.62,73,17.38
2622,26,22,181,151,83.43,30,16.57
2623,26,23,245,192,78.37,53,21.63
2624,26,24,272,223,81.99,49,18.01
2625,26,25,244,202,82.79,42,17.21
2626,26,26,245,199,81.22,46,18.78
2627,26,27,377,311,82.49,66,17.51
2628,26,28,445,381,85.62,64,14.38
2629,26,29,174,140,80.46,34,19.54
2630,26,30,272,226,83.09,46,16.91
2631,26,31,155,116,74.84,39,25.16
2632,26,32,399,331,82.96,68,17.04
2633,26,33,367,316,86.1,51,13.9
2634,26,34,352,301,85.51,51,14.49
2635,26,35,280,237,84.64,43,15.36
2636,26,36,334,282,84.43,52,15.57
2637,26,37,348,302,86.78,46,13.22
2638,26,38,166,126,75.9,40,24.1
2639,26,39,388,321,82.73,67,17.27
2640,26,40,198,155,78.28,43,21.72
2641,26,41,388,328,84.54,60,15.46
2642,26,42,269,229,85.13,40,14.87
2643,26,43,222,175,78.83,47,21.17
2644,26,44,184,139,75.54,45,24.46
2645,26,45,183,138,75.41,45,24.59
2646,26,46,245,191,77.96,54,22.04
2647,26,47,242,197,81.4,45,18.6
2648,26,48,350,292,83.43,58,16.57
2649,26,49,207,168,81.16,39,18.84
2701,27,1,879,769,87.49,110,12.51
2702,27,2,405,340,83.95,65,16.05
2703,27,3,168,141,83.93,27,16.07
2704,27,4,202,165,81.68,37,18.32
2705,27,5,295,212,71.86,83,28.14
2706,27,6,452,374,82.74,78,17.26
2707,27,7,568,500,88.03,68,11.97
2708,27,8,312,240,76.92,72,23.08
2709,27,9,181,155,85.64,26,14.36
2710,27,10,258,210,81.4,48,18.6
2711,27,11,440,388,88.18,52,11.82
2712,27,12,298,260,87.25,38,12.75
2713,27,13,530,433,81.7,97,18.3
2714,27,14,190,134,70.53,56,29.47
2715,27,15,180,134,74.44,46,25.56
2716,27,16,452,384,84.96,68,15.04
2717,27,17,400,311,77.75,89,22.25
2718,27,18,245,176,71.84,69,28.16
2719,27,19,171,134,78.36,37,21.64
2720,27,20,265,192,72.45,73,27.55
2721,27,21,352,295,83.81,57,16.19
2722,27,22,151,110,72.85,41,27.15
2723,27,23,217,165,76.04,52,23.96
2724,27,24,253,201,79.45,52,20.55
2725,27,25,344,285,82.85,59,17.15
2726,27,26,244,195,79.92,49,20.08
2727,27,27,498,404,81.12,94,18.88
2728,27,28,499,423,84.77,76,15.23
2729,27,29,244,172,70.49,72,29.51
2730,27,30,170,132,77.65,38,22.35
2731,27,31,270,205,75.93,65,24.07
2732,27,32,351,284,80.91,67,19.09
2733,27,33,537,461,85.85,76,14.15
2734,27,34,188,135,71.81,53,28.19
2735,27,35,508,439,86.42,69,13.58
2736,27,36,269,220,81.78,49,18.22
2737,27,37,334,293,87.72,41,12.28
2738,27,38,507,433,85.4,74,14.6
2739,27,39,263,202,76.81,61,23.19
2740,27,40,526,427,81.18,99,18.82
2741,27,41,257,213,82.88,44,17.12
2742,27,42,255,219,85.88,36,14.12
2743,27,43,309,250,80.91,59,19.09
2744,27,44,260,191,73.46,69,26.54
2745,27,45,1098,967,88.07,131,11.93
2746,27,46,335,308,91.94,27,8.06
2747,27,47,232,199,85.78,33,14.22
2748,27,48,676,539,79.73,137,20.27
2749,27,49,263,212,80.61,51,19.39
2750,27,50,317,242,76.34,75,23.66
2801,28,1,213,166,77.93,47,22.07
2802,28,2,249,188,75.5,61,24.5
2803,28,3,219,166,75.8,53,24.2
2804,28,4,273,234,85.71,39,14.29
2805,28,5,176,147,83.52,29,16.48
2806,28,6,168,141,83.93,27,16.07
2807,28,7,268,207,77.24,61,22.76
2808,28,8,478,415,86.82,63,13.18
2809,28,9,278,205,73.74,73,26.26
2810,28,10,380,296,77.89,84,22.11
2811,28,11,693,561,80.95,132,19.05
2812,28,12,259,208,80.31,51,19.69
2813,28,13,273,217,79.49,56,20.51
2814,28,14,276,212,76.81,64,23.19
2815,28,15,53,44,83.02,9,16.98
2816,28,16,180,136,75.56,44,24.44
2817,28,17,244,181,74.18,63,25.82
2818,28,18,237,180,75.95,57,24.05
2819,28,19,279,222,79.57,57,20.43
2820,28,20,229,169,73.8,60,26.2
2821,28,21,246,180,73.17,66,26.83
2822,28,22,261,207,79.31,54,20.69
2823,28,23,327,250,76.45,77,23.55
2824,28,24,237,157,66.24,80,33.76
2825,28,25,425,336,79.06,89,20.94
2826,28,26,245,173,70.61,72,29.39
2827,28,27,307,254,82.74,53,17.26
2828,28,28,392,333,84.95,59,15.05
2829,28,29,155,122,78.71,33,21.29
2830,28,30,48,39,81.25,9,18.75
2831,28,31,310,249,80.32,61,19.68
2832,28,32,274,208,75.91,66,24.09
2833,28,33,304,228,75.0,76,25.0
2834,28,34,508,388,76.38,120,23.62
2835,28,35,300,228,76.0,72,24.0
2836,28,36,135,104,77.04,31,22.96
2837,28,37,305,232,76.07,73,23.93
2838,28,38,118,99,83.9,19,16.1
2839,28,39,213,166,77.93,47,22.07
2840,28,40,349,283,81.09,66,18.91
2841,28,41,181,135,74.59,46,25.41
2842,28,42,283,218,77.03,65,22.97
2843,28,43,332,256,77.11,76,22.89
2844,28,44,215,154,71.63,61,28.37
2845,28,45,454,385,84.8,69,15.2
2846,28,46,573,452,78.88,121,21.12
2901,29,1,522,415,79.5,107,20.5
2902,29,2,436,346,79.36,90,20.64
2903,29,3,303,242,79.87,61,20.13
2904,29,4,411,319,77.62,92,22.38
2905,29,5,272,206,75.74,66,24.26
2906,29,6,260,206,79.23,54,20.77
2907,29,7,388,315,81.19,73,18.81
2908,29,8,341,264,77.42,77,22.58
2909,29,9,418,335,80.14,83,19.86
2910,29,10,483,394,81.57,89,18.43
2911,29,11,197,156,79.19,41,20.81
2912,29,12,452,365,80.75,87,19.25
2913,29,13,330,239,72.42,91,27.58
2914,29,14,322,247,76.71,75,23.29
2915,29,15,403,311,77.17,92,22.83
2916,29,16,345,274,79.42,71,20.58
2917,29,17,354,303,85.59,51,14.41
2918,29,18,331,262,79.15,69,20.85
2919,29,19,355,277,78.03,78,21.97
2920,29,20,375,289,77.07,86,22.93
2921,29,21,437,317,72.54,120,27.46
2922,29,22,262,193,73.66,69,26.34
2923,29,23,444,333,75.0,111,25.0
2924,29,24,355,287,80.85,68,19.15
2925,29,25,411,324,78.83,87,21.17
2926,29,26,340,291,85.59,49,14.41
2927,29,27,330,253,76.67,77,23.33
2928,29,28,423,338,79.91,85,20.09
2929,29,29,435,313,71.95,122,28.05
2930,29,30,507,404,79.68,103,20.32
2931,29,31,396,274,69.19,122,30.81
2932,29,32,404,294,72.77,110,27.23
2933,29,33,244,203,83.2,41,16.8
2934,29,34,252,189,75.0,63,25.0
2935,29,35,284,210,73.94,74,26.06
2936,29,36,335,264,78.81,71,21.19
2937,29,37,343,249,72.59,94,27.41
2938,29,38,470,369,78.51,101,21.49
2939,29,39,403,306,75.93,97,24.07
2940,29,40,398,323,81.16,75,18.84
2941,29,41,312,231,74.04,81,25.96
2942,29,42,392,301,76.79,91,23.21
2943,29,43,450,353,78.44,97,21.56
2944,29,44,385,285,74.03,100,25.97
3001,30,1,458,356,77.73,102,22.27
3002,30,2,404,308,76.24,96,23.76
3003,30,3,353,287,81.3,66,18.7
3004,30,4,398,292,73.37,106,26.63
3005,30,5,333,254,76.28,79,23.72
3006,30,6,282,217,76.95,65,23.05
3007,30,7,455,339,74.51,116,25.49
3008,30,8,507,397,78.3,110,21.7
3009,30,9,349,273,78.22,76,21.78
3010,30,10,394,310,78.68,84,21.32
3011,30,11,423,324,76.6,99,23.4
3012,30,12,372,284,76.34,88,23.66
3013,30,13,416,322,77.4,94,22.6
3014,30,14,301,233,77.41,68,22.59
3015,30,15,373,321,86.06,52,13.94
3016,30,16,225,175,77.78,50,22.22
3017,30,17,426,341,80.05,85,19.95
3018,30,18,518,435,83.98,83,16.02
3019,30,19,441,332,75.28,109,24.72
3020,30,20,435,338,77.7,97,22.3
3021,30,21,285,223,78.25,62,21.75
3022,30,22,613,503,82.06,110,17.94
3023,30,23,530,432,81.51,98,18.49
3024,30,24,598,488,81.61,110,18.39
3025,30,25,622,509,81.83,113,18.17
3026,30,26,264,202,76.52,62,23.48
3027,30,27,299,235,78.6,64,21.4
3028,30,28,429,353,82.28,76,17.72
3029,30,29,295,224,75.93,71,24.07
3030,30,30,182,146,80.22,36,19.78
3031,30,31,262,202,77.1,60,22.9
3032,30,32,341,292,85.63,49,14.37
3101,31,1,271,216,79.7,55,20.3
3102,31,2,251,195,77.69,56,22.31
3103,31,3,265,208,78.49,57,21.51
3104,31,4,357,301,84.31,56,15.69
3105,31,5,311,243,78.14,68,21.86
3106,31,6,195,157,80.51,38,19.49
3107,31,7,403,351,87.1,52,12.9
3108,31,8,269,210,78.07,59,21.93
3109,31,9,305,239,78.36,66,21.64
3110,31,10,337,285,84.57,52,15.43
3111,31,11,211,162,76.78,49,23.22
3112,31,12,238,179,75.21,59,24.79
3113,31,13,311,244,78.46,67,21.54
3114,31,14,270,213,78.89,57,21.11
3115,31,15,282,206,73.05,76,26.95
3116,31,16,342,297,86.84,45,13.16
3117,31,17,263,210,79.85,53,20.15
3118,31,18,265,211,79.62,54,20.38
3119,31,19,248,182,73.39,66,26.61
3120,31,20,245,176,71.84,69,28.16
3121,31,21,252,205,81.35,47,18.65
3122,31,22,245,193,78.78,52,21.22
3123,31,23,310,264,85.16,46,14.84
3124,31,24,286,228,79.72,58,20.28
3125,31,25,288,224,77.78,64,22.22
3126,31,26,286,221,77.27,65,22.73
3127,31,27,302,231,76.49,71,23.51
3128,31,28,274,203,74.09,71,25.91
3129,31,29,266,202,75.94,64,24.06
3130,31,30,236,191,80.93,45,19.07
3131,31,31,236,176,74.58,60,25.42
3132,31,32,232,172,74.14,60,25.86
3133,31,33,266,209,78.57,57,21.43
3134,31,34,279,208,74.55,71,25.45
3135,31,35,341,262,76.83,79,23.17
3136,31,36,278,231,83.09,47,16.91
3137,31,37,273,216,79.12,57,20.88
3138,31,38,256,203,79.3,53,20.7
3139,31,39,316,263,83.23,53,16.77
3140,31,40,319,254,79.62,65,20.38
3141,31,41,267,205,76.78,62,23.22
3201,32,1,650,557,85.69,93,14.31
3202,32,2,566,495,87.46,71,12.54
3203,32,3,543,473,87.11,70,12.89
3204,32,4,450,397,88.22,53,11.78
3205,32,5,535,479,89.53,56,10.47
3206,32,6,603,550,91.21,53,8.79
3207,32,7,584,516,88.36,68,11.64
3208,32,8,621,558,89.86,63,10.14
3209,32,9,512,443,86.52,69,13.48
3210,32,10,559,469,83.9,90,16.1
3211,32,11,454,403,88.77,51,11.23
3212,32,12,339,296,87.32,43,12.68
3213,32,13,550,463,84.18,87,15.82
3214,32,14,541,491,90.76,50,9.24
3215,32,15,486,426,87.65,60,12.35
3216,32,16,475,424,89.26,51,10.74
3217,32,17,488,425,87.09,63,12.91
3218,32,18,490,418,85.31,72,14.69
3219,32,19,478,414,86.61,64,13.39
3220,32,20,481,437,90.85,44,9.15
3221,32,21,512,451,88.09,61,11.91
3222,32,22,632,576,91.14,56,8.86
3223,32,23,533,479,89.87,54,10.13
3224,32,24,432,371,85.88,61,14.12
3225,32,25,505,443,87.72,62,12.28
3226,32,26,521,466,89.44,55,10.56
3227,32,27,513,436,84.99,77,15.01
3228,32,28,531,460,86.63,71,13.37
3229,32,29,527,457,86.72,70,13.28
3230,32,30,497,438,88.13,59,11.87
3231,32,31,543,462,85.08,81,14.92
3232,32,32,593,536,90.39,57,9.61
3233,32,33,452,410,90.71,42,9.29
3234,32,34,560,496,88.57,64,11.43
3235,32,35,482,418,86.72,64,13.28
3236,32,36,518,463,89.38,55,10.62
3237,32,37,597,518,86.77,79,13.23
3238,32,38,489,421,86.09,68,13.91
3239,32,39,558,482,86.38,76,13.62
3240,32,40,515,449,87.18,66,12.82
3241,32,41,537,462,86.03,75,13.97
3242,32,42,475,414,87.16,61,12.84
3243,32,43,459,402,87.58,57,12.42
3301,33,1,566,473,83.57,93,16.43
3302,33,2,695,578,83.17,117,16.83
3303,33,3,753,640,84.99,113,15.01
3304,33,4,715,603,84.34,112,15.66
3305,33,5,506,416,82.21,90,17.79
3306,33,6,472,383,81.14,89,18.86
3307,33,7,564,476,84.4,88,15.6
3308,33,8,662,578,87.31,84,12.69
3309,33,9,592,499,84.29,93,15.71
3310,33,10,451,383,84.92,68,15.08
3311,33,11,544,457,84.01,87,15.99
3312,33,12,547,465,85.01,82,14.99
3313,33,13,528,434,82.2,94,17.8
3314,33,14,258,213,82.56,45,17.44
3315,33,15,557,470,84.38,87,15.62
3316,33,16,722,581,80.47,141,19.53
3317,33,17,557,451,80.97,106,19.03
3318,33,18,758,628,82.85,130,17.15
3319,33,19,633,522,82.46,111,17.54
3320,33,20,685,597,87.15,88,12.85
3321,33,21,595,488,82.02,107,17.98
3322,33,22,496,400,80.65,96,19.35
3323,33,23,608,510,83.88,98,16.12
3324,33,24,662,579,87.46,83,12.54
3325,33,25,650,555,85.38,95,14.62
3326,33,26,396,346,87.37,50,12.63
3327,33,27,626,515,82.27,111,17.73
3328,33,28,500,429,85.8,71,14.2
3401,34,1,395,308,77.97,87,22.03
3402,34,2,314,266,84.71,48,15.29
3403,34,3,354,279,78.81,75,21.19
3404,34,4,273,226,82.78,47,17.22
3405,34,5,309,241,77.99,68,22.01
3406,34,6,406,325,80.05,81,19.95
3407,34,7,379,300,79.16,79,20.84
3408,34,8,303,247,81.52,56,18.48
3409,34,9,237,178,75.11,59,24.89
3410,34,10,300,237,79.0,63,21.0
3411,34,11,309,247,79.94,62,20.06
3412,34,12,379,312,82.32,67,17.68
3413,34,13,355,292,82.25,63,17.75
3414,34,14,277,221,79.78,56,20.22
3415,34,15,320,252,78.75,68,21.25
3416,34,16,323,247,76.47,76,23.53
3417,34,17,437,361,82.61,76,17.39
3418,34,18,216,163,75.46,53,24.54
3419,34,19,387,310,80.1,77,19.9
3420,34,20,407,337,82.8,70,17.2
3421,34,21,428,356,83.18,72,16.82
3422,34,22,359,298,83.01,61,16.99
3423,34,23,307,247,80.46,60,19.54
3424,34,24,303,240,79.21,63,20.79
3425,34,25,528,437,82.77,91,17.23
3426,34,26,418,330,78.95,88,21.05
3427,34,27,286,213,74.48,73,25.52
3428,34,28,224,172,76.79,52,23.21
3429,34,29,283,216,76.33,67,23.67
3430,34,30,333,274,82.28,59,17.72
3431,34,31,273,220,80.59,53,19.41
3432,34,32,356,290,81.46,66,18.54
3433,34,33,291,233,80.07,58,19.93
3434,34,34,414,351,84.78,63,15.22
3435,34,35,443,356,80.36,87,19.64
3436,34,36,313,261,83.39,52,16.61
3437,34,37,202,142,70.3,60,29.7
3438,34,38,181,135,74.59,46,25.41
3439,34,39,268,201,75.0,67,25.0
3440,34,40,373,296,79.36,77,20.64
3441,34,41,217,164,75.58,53,24.42
3442,34,42,358,301,84.08,57,15.92
3443,34,43,332,274,82.53,58,17.47
3444,34,44,313,269,85.94,44,14.06
3445,34,45,356,298,83.71,58,16.29
3446,34,46,242,203,83.88,39,16.12
3447,34,47,319,275,86.21,44,13.79
3448,34,48,356,309,86.8,47,13.2
3449,34,49,326,273,83.74,53,16.26
3450,34,50,288,238,82.64,50,17.36
3451,34,51,409,336,82.15,73,17.85
3452,34,52,277,242,87.36,35,12.64
3453,34,53,249,197,79.12,52,20.88
3501,35,1,454,374,82.38,80,17.62
3502,35,2,469,409,87.21,60,12.79
3503,35,3,423,350,82.74,73,17.26
3504,35,4,472,386,81.78,86,18.22
3505,35,5,392,331,84.44,61,15.56
3506,35,6,492,415,84.35,77,15.65
3507,35,7,469,400,85.29,69,14.71
3508,35,8,464,395,85.13,69,14.87
3509,35,9,404,310,76.73,94,23.27
3510,35,10,525,470,89.52,55,10.48
3511,35,11,515,436,84.66,79,15.34
3512,35,12,312,245,78.53,67,21.47
3513,35,13,332,260,78.31,72,21.69
3514,35,14,371,286,77.09,85,22.91
3515,35,15,561,485,86.45,76,13.55
3516,35,16,249,190,76.31,59,23.69
3517,35,17,458,397,86.68,61,13.32
3518,35,18,319,252,79.0,67,21.0
3519,35,19,289,236,81.66,53,18.34
3520,35,20,470,386,82.13,84,17.87
3521,35,21,468,391,83.55,77,16.45
3522,35,22,580,488,84.14,92,15.86
3523,35,23,469,370,78.89,99,21.11
3524,35,24,417,344,82.49,73,17.51
3525,35,25,470,404,85.96,66,14.04
3526,35,26,404,325,80.45,79,19.55
3527,35,27,413,344,83.29,69,16.71
3528,35,28,460,383,83.26,77,16.74
3529,35,29,434,358,82.49,76,17.51
3530,35,30,422,344,81.52,78,18.48
3531,35,31,493,400,81.14,93,18.86
3601,36,1,379,286,75.46,93,24.54
3602,36,2,369,279,75.61,90,24.39
3603,36,3,346,249,71.97,97,28.03
3604,36,4,434,337,77.65,97,22.35
3605,36,5,348,267,76.72,81,23.28
3606,36,6,342,265,77.49,77,22.51
3607,36,7,383,269,70.23,114,29.77
3608,36,8,315,241,76.51,74,23.49
3609,36,9,379,281,74.14,98,25.86
3610,36,10,489,385,78.73,104,21.27
3611,36,11,268,188,70.15,80,29.85
3612,36,12,245,187,76.33,58,23.67
3613,36,13,270,211,78.15,59,21.85
3614,36,14,424,318,75.0,106,25.0
3615,36,15,373,298,79.89,75,20.11
3616,36,16,374,290,77.54,84,22.46
3617,36,17,463,349,75.38,114,24.62
3618,36,18,394,282,71.57,112,28.43
3619,36,19,489,369,75.46,120,24.54
3620,36,20,441,335,75.96,106,24.04
3621,36,21,347,259,74.64,88,25.36
3622,36,22,358,267,74.58,91,25.42
3623,36,23,351,271,77.21,80,22.79
3624,36,24,450,335,74.44,115,25.56
3625,36,25,403,313,77.67,90,22.33
3626,36,26,351,264,75.21,87,24.79
3627,36,27,323,249,77.09,74,22.91
3628,36,28,344,255,74.13,89,25.87
3629,36,29,413,309,74.82,104,25.18
3630,36,30,364,264,72.53,100,27.47
3701,37,1,200,157,78.5,43,21.5
3702,37,2,300,223,74.33,77,25.67
3703,37,3,219,157,71.69,62,28.31
3704,37,4,259,194,74.9,65,25.1
3705,37,5,321,247,76.95,74,23.05
3706,37,6,214,161,75.23,53,24.77
3707,37,7,250,197,78.8,53,21.2
3708,37,8,222,172,77.48,50,22.52
3709,37,9,305,234,76.72,71,23.28
3710,37,10,391,299,76.47,92,23.53
3711,37,11,206,156,75.73,50,24.27
3712,37,12,292,220,75.34,72,24.66
3713,37,13,227,175,77.09,52,22.91
3714,37,14,352,282,80.11,70,19.89
3715,37,15,330,257,77.88,73,22.12
3716,37,16,353,269,76.2,84,23.8
3717,37,17,239,188,78.66,51,21.34
3718,37,18,268,200,74.63,68,25.37
3719,37,19,226,173,76.55,53,23.45
3720,37,20,283,227,80.21,56,19.79
3721,37,21,240,182,75.83,58,24.17
3722,37,22,286,214,74.83,72,25.17
3723,37,23,310,246,79.35,64,20.65
3724,37,24,299,223,74.58,76,25.42
3725,37,25,273,185,67.77,88,32.23
3726,37,26,431,325,75.41,106,24.59
3727,37,27,318,250,78.62,68,21.38
3728,37,28,264,192,72.73,72,27.27
3729,37,29,269,214,79.55,55,20.45
3730,37,30,278,212,76.26,66,23.74
3731,37,31,371,299,80.59,72,19.41
3732,37,32,274,221,80.66,53,19.34
3733,37,33,231,177,76.62,54,23.38
3734,37,34,280,212,75.71,68,24.29
3735,37,35,320,250,78.13,70,21.88
3736,37,36,216,156,72.22,60,27.78
3737,37,37,320,245,76.56,75,23.44
3738,37,38,329,229,69.6,100,30.4
3739,37,39,259,199,76.83,60,23.17
3740,37,40,332,263,79.22,69,20.78
3741,37,41,308,244,79.22,64,20.78
3801,38,1,379,311,82.06,68,17.94
3802,38,2,366,235,64.21,131,35.79
3803,38,3,390,270,69.23,120,30.77
3804,38,4,365,245,67.12,120,32.88
3805,38,5,359,246,68.52,113,31.48
3806,38,6,389,261,67.1,128,32.9
3807,38,7,355,240,67.61,115,32.39
3808,38,8,371,258,69.54,113,30.46
3809,38,9,453,304,67.11,149,32.89
3810,38,10,351,240,68.38,111,31.62
3811,38,11,350,277,79.14,73,20.86
3812,38,12,340,222,65.29,118,34.71
3813,38,13,438,296,67.58,142,32.42
3814,38,14,422,302,71.56,120,28.44
3815,38,15,354,268,75.71,86,24.29
3816,38,16,380,250,65.79,130,34.21
3817,38,17,454,285,62.78,169,37.22
3818,38,18,399,283,70.93,116,29.07
3819,38,19,415,305,73.49,110,26.51
3820,38,20,391,263,67.26,128,32.74
3821,38,21,397,308,77.58,89,22.42
3822,38,22,359,271,75.49,88,24.51
3823,38,23,410,286,69.76,124,30.24
3824,38,24,364,251,68.96,113,31.04
3825,38,25,365,265,72.6,100,27.4
3826,38,26,392,293,74.74,99,25.26
3827,38,27,381,261,68.5,120,31.5
3828,38,28,476,311,65.34,165,34.66
3829,38,29,401,287,71.57,114,28.43
3830,38,30,384,255,66.41,129,33.59
3831,38,31,406,319,78.57,87,21.43
3832,38,32,375,293,78.13,82,21.87
3833,38,33,331,269,81.27,62,18.73
3834,38,34,358,270,75.42,88,24.58
3835,38,35,370,296,80.0,74,20.0
3836,38,36,365,276,75.62,89,24.38
3837,38,37,382,260,68.06,122,31.94
3838,38,38,379,278,73.35,101,26.65
3839,38,39,415,308,74.22,107,25.78
3840,38,40,404,300,74.26,104,25.74
3841,38,41,349,266,76.22,83,23.78
3901,39,1,377,272,72.15,105,27.85
3902,39,2,240,202,84.17,38,15.83
3903,39,3,464,381,82.11,83,17.89
3904,39,4,383,271,70.76,112,29.24
3905,39,5,417,327,78.42,90,21.58
3906,39,6,435,333,76.55,102,23.45
3907,39,7,366,294,80.33,72,19.67
3908,39,8,414,341,82.37,73,17.63
3909,39,9,370,299,80.81,71,19.19
3910,39,10,196,174,88.78,22,11.22
3911,39,11,393,308,78.37,85,21.63
3912,39,12,555,444,80.0,111,20.0
3913,39,13,331,261,78.85,70,21.15
3914,39,14,420,319,75.95,101,24.05
3915,39,15,457,345,75.49,112,24.51
3916,39,16,372,299,80.38,73,19.62
3917,39,17,411,331,80.54,80,19.46
3918,39,18,403,332,82.38,71,17.62
3919,39,19,387,309,79.84,78,20.16
3920,39,20,505,354,70.1,151,29.9
3921,39,21,398,275,69.1,123,30.9
3922,39,22,405,337,83.21,68,16.79
3923,39,23,409,301,73.59,108,26.41
3924,39,24,498,352,70.68,146,29.32
3925,39,25,349,292,83.67,57,16.33
3926,39,26,369,270,73.17,99,26.83
3927,39,27,57,46,80.7,11,19.3
3928,39,28,510,419,82.16,91,17.84
3929,39,29,216,180,83.33,36,16.67
3930,39,30,506,444,87.75,62,12.25
3931,39,31,363,295,81.27,68,18.73
3932,39,32,298,221,74.16,77,25.84
3933,39,33,412,343,83.25,69,16.75
3934,39,34,481,384,79.83,97,20.17
3935,39,35,402,335,83.33,67,16.67
3936,39,36,102,85,83.33,17,16.67
3937,39,37,365,292,80.0,73,20.0
3938,39,38,201,151,75.12,50,24.88
3939,39,39,248,198,79.84,50,20.16
3940,39,40,408,308,75.49,100,24.51
3941,39,41,405,321,79.26,84,20.74
3942,39,42,415,319,76.87,96,23.13
3943,39,43,416,286,68.75,130,31.25
3944,39,44,316,233,73.73,83,26.27
3945,39,45,343,252,73.47,91,26.53
4001,40,1,414,334,80.68,80,19.32
4002,40,2,475,397,83.58,78,16.42
4003,40,3,588,519,88.27,69,11.73
4004,40,4,282,238,84.4,44,15.6
4005,40,5,539,475,88.13,64,11.87
4006,40,6,550,496,90.18,54,9.82
4007,40,7,452,405,89.6,47,10.4
4008,40,8,629,565,89.83,64,10.17
4009,40,9,366,300,81.97,66,18.03
4010,40,10,519,417,80.35,102,19.65
4011,40,11,488,427,87.5,61,12.5
4012,40,12,395,351,88.86,44,11.14
4013,40,13,698,631,90.4,67,9.6
4014,40,14,422,333,78.91,89,21.09
4015,40,15,446,369,82.74,77,17.26
4016,40,16,637,557,87.44,80,12.56
4017,40,17,383,319,83.29,64,16.71
4018,40,18,375,297,79.2,78,20.8
4019,40,19,573,450,78.53,123,21.47
4020,40,20,483,392,81.16,91,18.84
4021,40,21,540,471,87.22,69,12.78
4022,40,22,585,527,90.09,58,9.91
4023,40,23,578,522,90.31,56,9.69
4024,40,24,432,355,82.18,77,17.82
4025,40,25,564,483,85.64,81,14.36
4026,40,26,497,447,89.94,50,10.06
4027,40,27,582,492,84.54,90,15.46
4028,40,28,516,433,83.91,83,16.09
4029,40,29,482,379,78.63,103,21.37
4030,40,30,377,307,81.43,70,18.57
4031,40,31,529,471,89.04,58,10.96
4032,40,32,528,475,89.96,53,10.04
4033,40,33,471,414,87.9,57,12.1
4034,40,34,392,328,83.67,64,16.33
4035,40,35,316,254,80.38,62,19.62
4036,40,36,407,347,85.26,60,14.74
4037,40,37,496,426,85.89,70,14.11
4038,40,38,602,535,88.87,67,11.13
4039,40,39,189,155,82.01,34,17.99
4101,41,1,406,243,59.85,163,40.15
4102,41,2,444,245,55.18,199,44.82
4103,41,3,412,277,67.23,135,32.77
4104,41,4,400,277,69.25,123,30.75
4105,41,5,488,338,69.26,150,30.74
4106,41,6,470,339,72.13,131,27.87
4107,41,7,426,268,62.91,158,37.09
4108,41,8,422,267,63.27,155,36.73
4109,41,9,361,249,68.98,112,31.02
4110,41,10,415,288,69.4,127,30.6
4111,41,11,446,251,56.28,195,43.72
4112,41,12,451,316,70.07,135,29.93
4113,41,13,461,300,65.08,161,34.92
4114,41,14,440,315,71.59,125,28.41
4115,41,15,506,351,69.37,155,30.63
4116,41,16,400,263,65.75,137,34.25
4117,41,17,367,252,68.66,115,31.34
4118,41,18,369,239,64.77,130,35.23
4119,41,19,432,324,75.0,108,25.0
4120,41,20,311,198,63.67,113,36.33
4121,41,21,450,305,67.78,145,32.22
4122,41,22,477,299,62.68,178,37.32
4123,41,23,389,243,62.47,146,37.53
4124,41,24,398,253,63.57,145,36.43
4125,41,25,378,264,69.84,114,30.16
4126,41,26,389,260,66.84,129,33.16
4127,41,27,368,239,64.95,129,35.05
4128,41,28,410,292,71.22,118,28.78
4129,41,29,334,232,69.46,102,30.54
4130,41,30,364,266,73.08,98,26.92
4131,41,31,368,269,73.1,99,26.9
4132,41,32,376,251,66.76,125,33.24
4133,41,33,390,259,66.41,131,33.59
4134,41,34,372,235,63.17,137,36.83
4135,41,35,468,289,61.75,179,38.25
4136,41,36,423,277,65.48,146,34.52
4137,41,37,468,345,73.72,123,26.28
4138,41,38,407,276,67.81,131,32.19
4139,41,39,418,257,61.48,161,38.52
4140,41,40,452,247,54.65,205,45.35
4141,41,41,435,284,65.29,151,34.71
4142,41,42,410,266,64.88,144,35.12
4143,41,43,393,257,65.39,136,34.61
4144,41,44,412,247,59.95,165,40.05
4145,41,45,423,290,68.56,133,31.44
4146,41,46,410,267,65.12,143,34.88
4147,41,47,413,275,66.59,138,33.41
4201,42,1,392,323,82.4,69,17.6
4202,42,2,588,517,87.93,71,12.07
4203,42,3,506,446,88.14,60,11.86
4204,42,4,1115,964,86.46,151,13.54
4205,42,5,386,342,88.6,44,11.4
4206,42,6,457,389,85.12,68,14.88
4207,42,7,560,476,85.0,84,15.0
4208,42,8,372,301,80.91,71,19.09
4209,42,9,668,574,85.93,94,14.07
4210,42,10,684,578,84.5,106,15.5
4211,42,11,310,257,82.9,53,17.1
4212,42,12,379,329,86.81,50,13.19
4213,42,13,380,306,80.53,74,19.47
4214,42,14,665,583,87.67,82,12.33
4215,42,15,649,556,85.67,93,14.33
4216,42,16,488,409,83.81,79,16.19
4217,42,17,772,654,84.72,118,15.28
4218,42,18,643,556,86.47,87,13.53
4219,42,19,587,502,85.52,85,14.48
4220,42,20,584,487,83.39,97,16.61
4221,42,21,618,560,90.61,58,9.39
4222,42,22,274,239,87.23,35,12.77
4223,42,23,486,402,82.72,84,17.28
4224,42,24,427,364,85.25,63,14.75
4225,42,25,560,457,81.61,103,18.39
4226,42,26,771,666,86.38,105,13.62
4227,42,27,331,259,78.25,72,21.75
4228,42,28,523,428,81.84,95,18.16
4229,42,29,580,479,82.59,101,17.41
4230,42,30,367,296,80.65,71,19.35
4231,42,31,554,459,82.85,95,17.15
4232,42,32,588,495,84.18,93,15.82
4233,42,33,568,476,83.8,92,16.2
4234,42,34,374,308,82.35,66,17.65
4235,42,35,600,495,82.5,105,17.5
4236,42,36,887,739,83.31,148,16.69
4237,42,37,376,321,85.37,55,14.63
4238,42,38,477,403,84.49,74,15.51
4239,42,39,871,759,87.14,112,12.86
4240,42,40,721,627,86.96,94,13.04
4241,42,41,516,446,86.43,70,13.57
4242,42,42,867,766,88.35,101,11.65
4301,43,1,243,209,86.01,34,13.99
4302,43,2,521,457,87.72,64,12.28
4303,43,3,450,394,87.56,56,12.44
4304,43,4,556,490,88.13,66,11.87
4305,43,5,437,391,89.47,46,10.53
4306,43,6,381,337,88.45,44,11.55
4307,43,7,283,259,91.52,24,8.48
4308,43,8,369,316,85.64,53,14.36
4309,43,9,459,393,85.62,66,14.38
4310,43,10,569,501,88.05,68,11.95
4311,43,11,448,407,90.85,41,9.15
4312,43,12,313,273,87.22,40,12.78
4313,43,13,490,430,87.76,60,12.24
4314,43,14,487,421,86.45,66,13.55
4315,43,15,464,405,87.28,59,12.72
4316,43,16,645,570,88.37,75,11.63
4317,43,17,386,345,89.38,41,10.62
4318,43,18,529,462,87.33,67,12.67
4319,43,19,471,429,91.08,42,8.92
4320,43,20,579,513,88.6,66,11.4
4321,43,21,547,469,85.74,78,14.26
4322,43,22,330,295,89.39,35,10.61
4323,43,23,337,302,89.61,35,10.39
4324,43,24,350,299,85.43,51,14.57
4325,43,25,393,335,85.24,58,14.76
4326,43,26,291,256,87.97,35,12.03
4327,43,27,447,393,87.92,54,12.08
4328,43,28,570,501,87.89,69,12.11
4329,43,29,672,598,88.99,74,11.01
4330,43,30,503,438,87.08,65,12.92
4331,43,31,440,367,83.41,73,16.59
4332,43,32,488,451,92.42,37,7.58
4333,43,33,438,385,87.9,53,12.1
4334,43,34,316,281,88.92,35,11.08
4335,43,35,495,429,86.67,66,13.33
4336,43,36,317,279,88.01,38,11.99
4337,43,37,570,512,89.82,58,10.18
4338,43,38,323,273,84.52,50,15.48
4339,43,39,354,304,85.88,50,14.12
4340,43,40,364,322,88.46,42,11.54
4341,43,41,578,515,89.1,63,10.9
4342,43,42,449,392,87.31,57,12.69
4343,43,43,442,387,87.56,55,12.44
4344,43,44,444,391,88.06,53,11.94
4345,43,45,293,254,86.69,39,13.31
4346,43,46,288,254,88.19,34,11.81
4401,44,1,793,702,88.52,91,11.48
4402,44,2,522,456,87.36,66,12.64
4403,44,3,273,240,87.91,33,12.09
4404,44,4,391,357,91.3,34,8.7
4405,44,5,520,459,88.27,61,11.73
4406,44,6,650,595,91.54,55,8.46
4407,44,7,303,255,84.16,48,15.84
4408,44,8,716,644,89.94,72,10.06
4409,44,9,550,493,89.64,57,10.36
4410,44,10,571,497,87.04,74,12.96
4411,44,11,611,523,85.6,88,14.4
4412,44,12,541,480,88.72,61,11.28
4413,44,13,463,406,87.69,57,12.31
4414,44,14,522,463,88.7,59,11.3
4415,44,15,491,431,87.78,60,12.22
4416,44,16,618,518,83.82,100,16.18
4417,44,17,706,628,88.95,78,11.05
4418,44,18,574,509,88.68,65,11.32
4419,44,19,621,542,87.28,79,12.72
4420,44,20,670,600,89.55,70,10.45
4421,44,21,619,561,90.63,58,9.37
4422,44,22,498,434,87.15,64,12.85
4423,44,23,519,477,91.91,42,8.09
4424,44,24,345,323,93.62,22,6.38
4425,44,25,537,490,91.25,47,8.75
4426,44,26,709,631,89.0,78,11.0
4427,44,27,611,542,88.71,69,11.29
4428,44,28,587,516,87.9,71,12.1
4429,44,29,616,550,89.29,66,10.71
4430,44,30,644,575,89.29,69,10.71
4431,44,31,483,423,87.58,60,12.42
4432,44,32,611,527,86.25,84,13.75
4433,44,33,605,557,92.07,48,7.93
4434,44,34,548,492,89.78,56,10.22
4435,44,35,544,469,86.21,75,13.79
4436,44,36,613,555,90.54,58,9.46
4437,44,37,604,537,88.91,67,11.09
4438,44,38,645,561,86.98,84,13.02
4439,44,39,591,542,91.71,49,8.29
4440,44,40,512,453,88.48,59,11.52
4441,44,41,694,615,88.62,79,11.38
4501,45,1,365,312,85.48,53,14.52
4502,45,2,435,377,86.67,58,13.33
4503,45,3,391,325,83.12,66,16.88
4504,45,4,514,416,80.93,98,19.07
4505,45,5,445,369,82.92,76,17.08
4506,45,6,588,477,81.12,111,18.88
4507,45,7,607,505,83.2,102,16.8
4508,45,8,443,352,79.46,91,20.54
4509,45,9,432,326,75.46,106,24.54
4510,45,10,421,313,74.35,108,25.65
4511,45,11,339,262,77.29,77,22.71
4512,45,12,375,283,75.47,92,24.53
4513,45,13,345,288,83.48,57,16.52
4514,45,14,607,486,80.07,121,19.93
4515,45,15,516,417,80.81,99,19.19
4516,45,16,354,291,82.2,63,17.8
4517,45,17,454,338,74.45,116,25.55
4518,45,18,455,348,76.48,107,23.52
4519,45,19,236,189,80.08,47,19.92
4520,45,20,290,225,77.59,65,22.41
4521,45,21,365,263,72.05,102,27.95
4522,45,22,380,304,80.0,76,20.0
4523,45,23,390,282,72.31,108,27.69
4524,45,24,326,215,65.95,111,34.05
4525,45,25,277,191,68.95,86,31.05
4526,45,26,240,173,72.08,67,27.92
4527,45,27,403,295,73.2,108,26.8
4528,45,28,343,260,75.8,83,24.2
4529,45,29,265,208,78.49,57,21.51
4530,45,30,420,333,79.29,87,20.71
4531,45,31,335,270,80.6,65,19.4
4532,45,32,394,296,75.13,98,24.87
4533,45,33,297,237,79.8,60,20.2
4534,45,34,441,335,75.96,106,24.04
4535,45,35,459,342,74.51,117,25.49
4536,45,36,432,322,74.54,110,25.46
4537,45,37,402,288,71.64,114,28.36
4538,45,38,399,297,74.44,102,25.56
4539,45,39,418,313,74.88,105,25.12
4540,45,40,390,260,66.67,130,33.33
4541,45,41,368,263,71.47,105,28.53
4542,45,42,394,292,74.11,102,25.89
4543,45,43,431,305,70.77,126,29.23
4544,45,44,379,268,70.71,111,29.29
4545,45,45,265,171,64.53,94,35.47
4546,45,46,333,217,65.17,116,34.83
4547,45,47,298,196,65.77,102,34.23
4548,45,48,317,203,64.04,114,35.96
4601,46,1,391,329,84.14,62,15.86
4602,46,2,509,449,88.21,60,11.79
4603,46,3,581,518,89.16,63,10.84
4604,46,4,487,432,88.71,55,11.29
4605,46,5,674,587,87.09,87,12.91
4606,46,6,424,360,84.91,64,15.09
4607,46,7,483,415,85.92,68,14.08
4608,46,8,339,288,84.96,51,15.04
4609,46,9,572,510,89.16,62,10.84
4610,46,10,878,798,90.89,80,9.11
4611,46,11,477,403,84.49,74,15.51
4612,46,12,552,496,89.86,56,10.14
4613,46,13,532,469,88.16,63,11.84
4614,46,14,516,420,81.4,96,18.6
4615,46,15,520,457,87.88,63,12.12
4616,46,16,581,520,89.5,61,10.5
4617,46,17,540,467,86.48,73,13.52
4618,46,18,571,493,86.34,78,13.66
4619,46,19,338,288,85.21,50,14.79
4620,46,20,435,369,84.83,66,15.17
4621,46,21,391,321,82.1,70,17.9
4622,46,22,360,315,87.5,45,12.5
4623,46,23,475,419,88.21,56,11.79
4624,46,24,640,567,88.59,73,11.41
4625,46,25,511,450,88.06,61,11.94
4626,46,26,712,641,90.03,71,9.97
4627,46,27,673,584,86.78,89,13.22
4628,46,28,467,419,89.72,48,10.28
4629,46,29,402,343,85.32,59,14.68
4630,46,30,524,453,86.45,71,13.55
4631,46,31,526,480,91.25,46,8.75
4632,46,32,471,394,83.65,77,16.35
4633,46,33,514,460,89.49,54,10.51
4634,46,34,665,579,87.07,86,12.93
4635,46,35,582,504,86.6,78,13.4
4636,46,36,475,405,85.26,70,14.74
4637,46,37,399,352,88.22,47,11.78
4638,46,38,589,515,87.44,74,12.56
4639,46,39,457,369,80.74,88,19.26
4640,46,40,431,375,87.01,56,12.99
4701,47,1,369,320,86.72,49,13.28
4702,47,2,510,456,89.41,54,10.59
4703,47,3,487,438,89.94,49,10.06
4704,47,4,629,559,88.87,70,11.13
4705,47,5,572,499,87.24,73,12.76
4706,47,6,632,567,89.72,65,10.28
4707,47,7,493,412,83.57,81,16.43
4708,47,8,532,459,86.28,73,13.72
4709,47,9,495,426,86.06,69,13.94
4710,47,10,644,581,90.22,63,9.78
4711,47,11,539,471,87.38,68,12.62
4712,47,12,570,498,87.37,72,12.63
4713,47,13,512,451,88.09,61,11.91
4714,47,14,486,434,89.3,52,10.7
4715,47,15,663,593,89.44,70,10.56
4716,47,16,527,466,88.43,61,11.57
4717,47,17,520,426,81.92,94,18.08
4718,47,18,506,421,83.2,85,16.8
4719,47,19,820,746,90.98,74,9.02
4720,47,20,561,501,89.3,60,10.7
4721,47,21,508,433,85.24,75,14.76
4722,47,22,576,518,89.93,58,10.07
4723,47,23,604,552,91.39,52,8.61
4724,47,24,544,497,91.36,47,8.64
4725,47,25,648,572,88.27,76,11.73
4726,47,26,738,674,91.33,64,8.67
4727,47,27,459,404,88.02,55,11.98
4728,47,28,497,443,89.13,54,10.87
4729,47,29,635,577,90.87,58,9.13
4730,47,30,667,597,89.51,70,10.49
4731,47,31,583,513,87.99,70,12.01
4732,47,32,652,595,91.26,57,8.74
4733,47,33,510,450,88.24,60,11.76
4734,47,34,559,503,89.98,56,10.02
4735,47,35,524,451,86.07,73,13.93
4736,47,36,620,558,90.0,62,10.0
4737,47,37,494,444,89.88,50,10.12
4738,47,38,535,478,89.35,57,10.65
4739,47,39,528,476,90.15,52,9.85
4740,47,40,503,445,88.47,58,11.53
4741,47,41,591,522,88.32,69,11.68
4742,47,42,518,455,87.84,63,12.16
4743,47,43,476,424,89.08,52,10.92
4744,47,44,452,388,85.84,64,14.16
4745,47,45,506,467,92.29,39,7.71
4746,47,46,547,469,85.74,78,14.26
4747,47,47,652,580,88.96,72,11.04
4748,47,48,32,20,62.5,12,37.5
4801,48,1,506,453,89.53,53,10.47
4802,48,2,211,191,90.52,20,9.48
4803,48,3,569,491,86.29,78,13.71
4804,48,4,450,394,87.56,56,12.44
4805,48,5,246,216,87.8,30,12.2
4806,48,6,583,510,87.48,73,12.52
4807,48,7,529,480,90.74,49,9.26
4808,48,8,246,208,84.55,38,15.45
4809,48,9,315,263,83.49,52,16.51
4810,48,10,700,638,91.14,62,8.86
4811,48,11,401,360,89.78,41,10.22
4812,48,12,588,541,92.01,47,7.99
4813,48,13,607,509,83.86,98,16.14
4814,48,14,204,166,81.37,38,18.63
4815,48,15,318,266,83.65,52,16.35
4816,48,16,544,464,85.29,80,14.71
4817,48,17,426,383,89.91,43,10.09
4818,48,18,327,263,80.43,64,19.57
4819,48,19,347,309,89.05,38,10.95
4820,48,20,543,470,86.56,73,13.44
4821,48,21,629,526,83.62,103,16.38
4822,48,22,355,308,86.76,47,13.24
4823,48,23,429,382,89.04,47,10.96
4824,48,24,570,429,75.26,141,24.74
4825,48,25,425,386,90.82,39,9.18
4826,48,26,242,199,82.23,43,17.77
4827,48,27,486,421,86.63,65,13.37
4828,48,28,516,431,83.53,85,16.47
4829,48,29,181,165,91.16,16,8.84
4830,48,30,417,371,88.97,46,11.03
4831,48,31,715,609,85.17,106,14.83
4832,48,32,533,473,88.74,60,11.26
4833,48,33,252,220,87.3,32,12.7
4834,48,34,414,372,89.86,42,10.14
4835,48,35,289,245,84.78,44,15.22
4836,48,36,270,240,88.89,30,11.11
4837,48,37,515,456,88.54,59,11.46
4838,48,38,502,459,91.43,43,8.57
4839,48,39,360,294,81.67,66,18.33
4840,48,40,454,423,93.17,31,6.83
4841,48,41,657,571,86.91,86,13.09
4842,48,42,583,521,89.37,62,10.63
4843,48,43,582,510,87.63,72,12.37
4844,48,44,639,574,89.83,65,10.17
4845,48,45,377,329,87.27,48,12.73
4846,48,46,285,234,82.11,51,17.89
4901,49,1,326,265,81.29,61,18.71
4902,49,2,313,273,87.22,40,12.78
4903,49,3,632,528,83.54,104,16.46
4904,49,4,678,580,85.55,98,14.45
4905,49,5,496,431,86.9,65,13.1
4906,49,6,436,374,85.78,62,14.22
4907,49,7,398,332,83.42,66,16.58
4908,49,8,455,393,86.37,62,13.63
4909,49,9,510,443,86.86,67,13.14
4910,49,10,581,489,84.17,92,15.83
4911,49,11,655,586,89.47,69,10.53
4912,49,12,625,555,88.8,70,11.2
4913,49,13,575,493,85.74,82,14.26
4914,49,14,389,333,85.6,56,14.4
4915,49,15,383,314,81.98,69,18.02
4916,49,16,450,379,84.22,71,15.78
4917,49,17,390,338,86.67,52,13.33
4918,49,18,646,566,87.62,80,12.38
4919,49,19,476,390,81.93,86,18.07
4920,49,20,756,672,88.89,84,11.11
4921,49,21,317,272,85.8,45,14.2
4922,49,22,523,443,84.7,80,15.3
4923,49,23,673,583,86.63,90,13.37
4924,49,24,395,343,86.84,52,13.16
4925,49,25,643,554,86.16,89,13.84
4926,49,26,570,505,88.6,65,11.4
4927,49,27,588,510,86.73,78,13.27
4928,49,28,728,624,85.71,104,14.29
4929,49,29,589,503,85.4,86,14.6
4930,49,30,528,457,86.55,71,13.45
4931,49,31,351,292,83.19,59,16.81
4932,49,32,491,398,81.06,93,18.94
4933,49,33,396,329,83.08,67,16.92
5001,50,1,318,249,78.3,69,21.7
5002,50,2,218,170,77.98,48,22.02
5003,50,3,284,227,79.93,57,20.07
5004,50,4,398,335,84.17,63,15.83
5005,50,5,201,156,77.61,45,22.39
5006,50,6,389,319,82.01,70,17.99
5007,50,7,479,398,83.09,81,16.91
5008,50,8,377,316,83.82,61,16.18
5009,50,9,309,257,83.17,52,16.83
5010,50,10,364,279,76.65,85,23.35
5011,50,11,172,121,70.35,51,29.65
5012,50,12,138,112,81.16,26,18.84
5013,50,13,457,383,83.81,74,16.19
5014,50,14,105,78,74.29,27,25.71
5015,50,15,470,403,85.74,67,14.26
5016,50,16,98,80,81.63,18,18.37
5017,50,17,370,305,82.43,65,17.57
5018,50,18,45,33,73.33,12,26.67
5019,50,19,317,258,81.39,59,18.61
5020,50,20,416,337,81.01,79,18.99
5021,50,21,341,290,85.04,51,14.96
5022,50,22,320,255,79.69,65,20.31
5023,50,23,244,185,75.82,59,24.18
5024,50,24,211,147,69.67,64,30.33
5025,50,25,279,221,79.21,58,20.79
5026,50,26,403,304,75.43,99,24.57
5027,50,27,96,72,75.0,24,25.0
5028,50,28,409,328,80.2,81,19.8
5029,50,29,393,322,81.93,71,18.07
5030,50,30,317,267,84.23,50,15.77
5031,50,31,542,469,86.53,73,13.47
5032,50,32,429,359,83.68,70,16.32
5033,50,33,217,169,77.88,48,22.12
5034,50,34,447,344,76.96,103,23.04
5035,50,35,525,446,84.95,79,15.05
5036,50,36,380,310,81.58,70,18.42
5037,50,37,391,324,82.86,67,17.14
5038,50,38,112,86,76.79,26,23.21
5039,50,39,219,178,81.28,41,18.72
5040,50,40,239,175,73.22,64,26.78
