id,ward,precinct,total,Yes,Yes Percent,No,No Percent
0101,1,1,499,373,74.75,126,25.25
0102,1,2,462,341,73.81,121,26.19
0103,1,3,590,490,83.05,100,16.95
0104,1,4,566,456,80.57,110,19.43
0105,1,5,503,425,84.49,78,15.51
0106,1,6,436,347,79.59,89,20.41
0107,1,7,364,297,81.59,67,18.41
0108,1,8,420,340,80.95,80,19.05
0109,1,9,362,284,78.45,78,21.55
0110,1,10,618,490,79.29,128,20.71
0111,1,11,565,479,84.78,86,15.22
0112,1,12,590,445,75.42,145,24.58
0113,1,13,248,193,77.82,55,22.18
0114,1,14,455,354,77.8,101,22.2
0115,1,15,463,368,79.48,95,20.52
0116,1,16,552,431,78.08,121,21.92
0117,1,17,421,314,74.58,107,25.42
0118,1,18,488,378,77.46,110,22.54
0119,1,19,588,449,76.36,139,23.64
0120,1,20,401,319,79.55,82,20.45
0121,1,21,671,559,83.31,112,16.69
0122,1,22,327,240,73.39,87,26.61
0123,1,23,654,526,80.43,128,19.57
0124,1,24,452,333,73.67,119,26.33
0125,1,25,484,396,81.82,88,18.18
0126,1,26,338,236,69.82,102,30.18
0127,1,27,556,439,78.96,117,21.04
0128,1,28,163,111,68.1,52,31.9
0129,1,29,620,514,82.9,106,17.1
0130,1,30,559,411,73.52,148,26.48
0131,1,31,450,349,77.56,101,22.44
0132,1,32,477,365,76.52,112,23.48
0133,1,33,523,411,78.59,112,21.41
0134,1,34,409,331,80.93,78,19.07
0135,1,35,619,484,78.19,135,21.81
0136,1,36,580,473,81.55,107,18.45
0137,1,37,492,392,79.67,100,20.33
0138,1,38,475,372,78.32,103,21.68
0139,1,39,415,337,81.2,78,18.8
0140,1,40,428,345,80.61,83,19.39
0141,1,41,280,232,82.86,48,17.14
0142,1,42,177,139,78.53,38,21.47
0143,1,43,319,260,81.5,59,18.5
0144,1,44,453,344,75.94,109,24.06
0201,2,1,541,424,78.37,117,21.63
0202,2,2,334,284,85.03,50,14.97
0203,2,3,560,442,78.93,118,21.07
0204,2,4,481,392,81.5,89,18.5
0205,2,5,612,498,81.37,114,18.63
0206,2,6,525,408,77.71,117,22.29
0207,2,7,434,357,82.26,77,17.74
0208,2,8,620,490,79.03,130,20.97
0209,2,9,455,369,81.1,86,18.9
0210,2,10,325,266,81.85,59,18.15
0211,2,11,449,366,81.51,83,18.49
0212,2,12,379,318,83.91,61,16.09
0213,2,13,368,308,83.7,60,16.3
0214,2,14,492,405,82.32,87,17.68
0215,2,15,423,357,84.4,66,15.6
0216,2,16,474,389,82.07,85,17.93
0217,2,17,569,436,76.63,133,23.37
0218,2,18,411,338,82.24,73,17.76
0219,2,19,291,235,80.76,56,19.24
0220,2,20,572,473,82.69,99,17.31
0221,2,21,511,399,78.08,112,21.92
0222,2,22,455,388,85.27,67,14.73
0223,2,23,288,248,86.11,40,13.89
0224,2,24,407,348,85.5,59,14.5
0225,2,25,528,433,82.01,95,17.99
0226,2,26,377,297,78.78,80,21.22
0227,2,27,398,320,80.4,78,19.6
0228,2,28,524,443,84.54,81,15.46
0229,2,29,497,403,81.09,94,18.91
0230,2,30,402,335,83.33,67,16.67
0231,2,31,514,441,85.8,73,14.2
0232,2,32,411,332,80.78,79,19.22
0233,2,33,628,529,84.24,99,15.76
0234,2,34,320,277,86.56,43,13.44
0235,2,35,602,506,84.05,96,15.95
0236,2,36,469,386,82.3,83,17.7
0237,2,37,401,327,81.55,74,18.45
0238,2,38,401,318,79.3,83,20.7
0239,2,39,311,231,74.28,80,25.72
0240,2,40,635,518,81.57,117,18.43
0241,2,41,541,443,81.89,98,18.11
0242,2,42,515,424,82.33,91,17.67
0243,2,43,605,504,83.31,101,16.69
0244,2,44,284,233,82.04,51,17.96
0245,2,45,540,447,82.78,93,17.22
0246,2,46,244,186,76.23,58,23.77
0301,3,1,621,436,70.21,185,29.79
0302,3,2,450,358,79.56,92,20.44
0303,3,3,369,263,71.27,106,28.73
0304,3,4,520,398,76.54,122,23.46
0305,3,5,265,198,74.72,67,25.28
0306,3,6,642,504,78.5,138,21.5
0307,3,7,249,203,81.53,46,18.47
0308,3,8,350,240,68.57,110,31.43
0309,3,9,521,367,70.44,154,29.56
0310,3,10,205,141,68.78,64,31.22
0311,3,11,519,365,70.33,154,29.67
0312,3,12,407,308,75.68,99,24.32
0313,3,13,532,427,80.26,105,19.74
0314,3,14,531,427,80.41,104,19.59
0315,3,15,433,305,70.44,128,29.56
0316,3,16,380,280,73.68,100,26.32
0317,3,17,670,504,75.22,166,24.78
0318,3,18,599,430,71.79,169,28.21
0319,3,19,572,470,82.17,102,17.83
0320,3,20,494,333,67.41,161,32.59
0321,3,21,486,416,85.6,70,14.4
0322,3,22,661,499,75.49,162,24.51
0323,3,23,373,272,72.92,101,27.08
0324,3,24,403,299,74.19,104,25.81
0325,3,25,787,636,80.81,151,19.19
0326,3,26,507,420,82.84,87,17.16
0327,3,27,600,479,79.83,121,20.17
0328,3,28,213,149,69.95,64,30.05
0329,3,29,477,317,66.46,160,33.54
0330,3,30,392,274,69.9,118,30.1
0331,3,31,523,366,69.98,157,30.02
0332,3,32,735,593,80.68,142,19.32
0333,3,33,586,486,82.94,100,17.06
0334,3,34,683,526,77.01,157,22.99
0335,3,35,248,192,77.42,56,22.58
0336,3,36,219,149,68.04,70,31.96
0337,3,37,448,323,72.1,125,27.9
0338,3,38,327,271,82.87,56,17.13
0339,3,39,931,759,81.53,172,18.47
0340,3,40,480,355,73.96,125,26.04
0341,3,41,315,238,75.56,77,24.44
0401,4,1,692,533,77.02,159,22.98
0402,4,2,634,518,81.7,116,18.3
0403,4,3,387,279,72.09,108,27.91
0404,4,4,625,450,72.0,175,28.0
0405,4,5,501,369,73.65,132,26.35
0406,4,6,505,402,79.6,103,20.4
0407,4,7,624,477,76.44,147,23.56
0408,4,8,521,374,71.79,147,28.21
0409,4,9,514,414,80.54,100,19.46
0410,4,10,610,464,76.07,146,23.93
0411,4,11,471,341,72.4,130,27.6
0412,4,12,644,452,70.19,192,29.81
0413,4,13,630,507,80.48,123,19.52
0414,4,14,474,359,75.74,115,24.26
0415,4,15,556,425,76.44,131,23.56
0416,4,16,849,685,80.68,164,19.32
0417,4,17,562,459,81.67,103,18.33
0418,4,18,448,329,73.44,119,26.56
0419,4,19,313,199,63.58,114,36.42
0420,4,20,364,306,84.07,58,15.93
0421,4,21,537,403,75.05,134,24.95
0422,4,22,430,343,79.77,87,20.23
0423,4,23,578,473,81.83,105,18.17
0424,4,24,447,343,76.73,104,23.27
0425,4,25,604,468,77.48,136,22.52
0426,4,26,423,310,73.29,113,26.71
0427,4,27,635,482,75.91,153,24.09
0428,4,28,436,322,73.85,114,26.15
0429,4,29,462,343,74.24,119,25.76
0430,4,30,661,481,72.77,180,27.23
0431,4,31,401,331,82.54,70,17.46
0432,4,32,541,398,73.57,143,26.43
0433,4,33,449,340,75.72,109,24.28
0434,4,34,431,325,75.41,106,24.59
0435,4,35,569,436,76.63,133,23.37
0436,4,36,579,452,78.07,127,21.93
0437,4,37,913,766,83.9,147,16.1
0438,4,38,536,412,76.87,124,23.13
0501,5,1,421,288,68.41,133,31.59
0502,5,2,342,229,66.96,113,33.04
0503,5,3,434,359,82.72,75,17.28
0504,5,4,582,426,73.2,156,26.8
0505,5,5,391,277,70.84,114,29.16
0506,5,6,344,259,75.29,85,24.71
0507,5,7,418,304,72.73,114,27.27
0508,5,8,421,369,87.65,52,12.35
0509,5,9,510,413,80.98,97,19.02
0510,5,10,367,252,68.66,115,31.34
0511,5,11,436,354,81.19,82,18.81
0512,5,12,280,192,68.57,88,31.43
0513,5,13,398,271,68.09,127,31.91
0514,5,14,357,273,76.47,84,23.53
0515,5,15,415,329,79.28,86,20.72
0516,5,16,433,292,67.44,141,32.56
0517,5,17,352,249,70.74,103,29.26
0518,5,18,406,305,75.12,101,24.88
0519,5,19,406,338,83.25,68,16.75
0520,5,20,465,379,81.51,86,18.49
0521,5,21,439,355,80.87,84,19.13
0522,5,22,510,424,83.14,86,16.86
0523,5,23,771,621,80.54,150,19.46
0524,5,24,564,437,77.48,127,22.52
0525,5,25,380,305,80.26,75,19.74
0526,5,26,446,330,73.99,116,26.01
0527,5,27,390,326,83.59,64,16.41
0528,5,28,448,332,74.11,116,25.89
0529,5,29,459,333,72.55,126,27.45
0530,5,30,288,193,67.01,95,32.99
0531,5,31,335,240,71.64,95,28.36
0532,5,32,484,380,78.51,104,21.49
0533,5,33,406,293,72.17,113,27.83
0534,5,34,416,361,86.78,55,13.22
0535,5,35,540,452,83.7,88,16.3
0536,5,36,246,193,78.46,53,21.54
0537,5,37,454,381,83.92,73,16.08
0538,5,38,405,271,66.91,134,33.09
0539,5,39,350,293,83.71,57,16.29
0540,5,40,352,238,67.61,114,32.39
0541,5,41,189,168,88.89,21,11.11
0601,6,1,369,286,77.51,83,22.49
0602,6,2,368,278,75.54,90,24.46
0603,6,3,349,264,75.64,85,24.36
0604,6,4,262,185,70.61,77,29.39
0605,6,5,233,162,69.53,71,30.47
0606,6,6,429,307,71.56,122,28.44
0607,6,7,364,244,67.03,120,32.97
0608,6,8,354,264,74.58,90,25.42
0609,6,9,389,270,69.41,119,30.59
0610,6,10,245,165,67.35,80,32.65
0611,6,11,319,229,71.79,90,28.21
0612,6,12,269,194,72.12,75,27.88
0613,6,13,268,192,71.64,76,28.36
0614,6,14,329,233,70.82,96,29.18
0615,6,15,309,210,67.96,99,32.04
0616,6,16,374,271,72.46,103,27.54
0617,6,17,238,161,67.65,77,32.35
0618,6,18,265,196,73.96,69,26.04
0619,6,19,292,188,64.38,104,35.62
0620,6,20,237,174,73.42,63,26.58
0621,6,21,173,117,67.63,56,32.37
0622,6,22,205,148,72.2,57,27.8
0623,6,23,166,110,66.27,56,33.73
0624,6,24,187,117,62.57,70,37.43
0625,6,25,186,127,68.28,59,31.72
0626,6,26,254,174,68.5,80,31.5
0627,6,27,213,145,68.08,68,31.92
0628,6,28,169,116,68.64,53,31.36
0629,6,29,347,263,75.79,84,24.21
0630,6,30,310,225,72.58,85,27.42
0631,6,31,316,256,81.01,60,18.99
0632,6,32,366,250,68.31,116,31.69
0633,6,33,374,283,75.67,91,24.33
0634,6,34,361,260,72.02,101,27.98
0635,6,35,329,230,69.91,99,30.09
0636,6,36,393,306,77.86,87,22.14
0637,6,37,406,300,73.89,106,26.11
0638,6,38,388,284,73.2,104,26.8
0639,6,39,299,206,68.9,93,31.1
0640,6,40,306,218,71.24,88,28.76
0641,6,41,367,260,70.84,107,29.16
0642,6,42,336,239,71.13,97,28.87
0643,6,43,328,231,70.43,97,29.57
0644,6,44,383,282,73.63,101,26.37
0645,6,45,365,265,72.6,100,27.4
0646,6,46,276,183,66.3,93,33.7
0647,6,47,238,172,72.27,66,27.73
0648,6,48,348,245,70.4,103,29.6
0701,7,1,346,241,69.65,105,30.35
0702,7,2,332,224,67.47,108,32.53
0703,7,3,333,248,74.47,85,25.53
0704,7,4,334,260,77.84,74,22.16
0705,7,5,297,207,69.7,90,30.3
0706,7,6,430,308,71.63,122,28.37
0707,7,7,344,235,68.31,109,31.69
0708,7,8,203,146,71.92,57,28.08
0709,7,9,584,414,70.89,170,29.11
0710,7,10,346,282,81.5,64,18.5
0711,7,11,375,256,68.27,119,31.73
0712,7,12,314,203,64.65,111,35.35
0713,7,13,200,140,70.0,60,30.0
0714,7,14,392,276,70.41,116,29.59
0715,7,15,322,243,75.47,79,24.53
0716,7,16,337,233,69.14,104,30.86
0717,7,17,280,181,64.64,99,35.36
0718,7,18,302,211,69.87,91,30.13
0719,7,19,330,246,74.55,84,25.45
0720,7,20,278,188,67.63,90,32.37
0721,7,21,266,168,63.16,98,36.84
0722,7,22,298,198,66.44,100,33.56
0723,7,23,312,229,73.4,83,26.6
0724,7,24,277,207,74.73,70,25.27
0725,7,25,284,201,70.77,83,29.23
0726,7,26,263,179,68.06,84,31.94
0727,7,27,260,184,70.77,76,29.23
0728,7,28,254,165,64.96,89,35.04
0729,7,29,323,223,69.04,100,30.96
0730,7,30,269,203,75.46,66,24.54
0731,7,31,247,167,67.61,80,32.39
0732,7,32,428,312,72.9,116,27.1
0733,7,33,411,315,76.64,96,23.36
0734,7,34,420,306,72.86,114,27.14
0735,7,35,379,259,68.34,120,31.66
0736,7,36,442,315,71.27,127,28.73
0737,7,37,342,248,72.51,94,27.49
0738,7,38,312,227,72.76,85,27.24
0739,7,39,319,229,71.79,90,28.21
0740,7,40,276,210,76.09,66,23.91
0741,7,41,328,246,75.0,82,25.0
0742,7,42,341,261,76.54,80,23.46
0743,7,43,325,250,76.92,75,23.08
0744,7,44,299,233,77.93,66,22.07
0745,7,45,315,218,69.21,97,30.79
0746,7,46,82,65,79.27,17,20.73
0801,8,1,315,227,72.06,88,27.94
0802,8,2,337,232,68.84,105,31.16
0803,8,3,380,284,74.74,96,25.26
0804,8,4,403,312,77.42,91,22.58
0805,8,5,300,249,83.0,51,17.0
0806,8,6,347,266,76.66,81,23.34
0807,8,7,393,296,75.32,97,24.68
0808,8,8,358,275,76.82,83,23.18
0809,8,9,226,167,73.89,59,26.11
0810,8,10,448,347,77.46,101,22.54
0811,8,11,296,193,65.2,103,34.8
0812,8,12,304,216,71.05,88,28.95
0813,8,13,411,292,71.05,119,28.95
0814,8,14,289,178,61.59,111,38.41
0815,8,15,225,176,78.22,49,21.78
0816,8,16,108,75,69.44,33,30.56
0817,8,17,289,218,75.43,71,24.57
0818,8,18,318,222,69.81,96,30.19
0819,8,19,381,292,76.64,89,23.36
0820,8,20,410,276,67.32,134,32.68
0821,8,21,448,327,72.99,121,27.01
0822,8,22,324,234,72.22,90,27.78
0823,8,23,278,212,76.26,66,23.74
0824,8,24,185,139,75.14,46,24.86
0825,8,25,341,232,68.04,109,31.96
0826,8,26,289,198,68.51,91,31.49
0827,8,27,391,286,73.15,105,26.85
0828,8,28,359,273,76.04,86,23.96
0829,8,29,353,254,71.95,99,28.05
0830,8,30,383,284,74.15,99,25.85
0831,8,31,278,203,73.02,75,26.98
0832,8,32,276,210,76.09,66,23.91
0833,8,33,262,177,67.56,85,32.44
0834,8,34,325,243,74.77,82,25.23
0835,8,35,396,281,70.96,115,29.04
0836,8,36,348,248,71.26,100,28.74
0837,8,37,269,195,72.49,74,27.51
0838,8,38,269,196,72.86,73,27.14
0839,8,39,322,239,74.22,83,25.78
0840,8,40,282,208,73.76,74,26.24
0841,8,41,372,264,70.97,108,29.03
0842,8,42,461,329,71.37,132,28.63
0843,8,43,191,126,65.97,65,34.03
0844,8,44,241,183,75.93,58,24.07
0845,8,45,301,212,70.43,89,29.57
0846,8,46,288,207,71.88,81,28.13
0847,8,47,291,206,70.79,85,29.21
0848,8,48,312,231,74.04,81,25.96
0849,8,49,339,245,72.27,94,27.73
0850,8,50,332,245,73.8,87,26.2
0851,8,51,331,257,77.64,74,22.36
0852,8,52,438,334,76.26,104,23.74
0853,8,53,200,153,76.5,47,23.5
0854,8,54,297,203,68.35,94,31.65
0855,8,55,254,196,77.17,58,22.83
0856,8,56,369,264,71.54,105,28.46
0901,9,1,317,234,73.82,83,26.18
0902,9,2,275,191,69.45,84,30.55
0903,9,3,205,127,61.95,78,38.05
0904,9,4,247,180,72.87,67,27.13
0905,9,5,327,242,74.01,85,25.99
0906,9,6,315,228,72.38,87,27.62
0907,9,7,265,192,72.45,73,27.55
0908,9,8,345,239,69.28,106,30.72
0909,9,9,387,276,71.32,111,28.68
0910,9,10,242,180,74.38,62,25.62
0911,9,11,240,176,73.33,64,26.67
0912,9,12,362,265,73.2,97,26.8
0913,9,13,371,278,74.93,93,25.07
0914,9,14,387,292,75.45,95,24.55
0915,9,15,341,202,59.24,139,40.76
0916,9,16,337,234,69.44,103,30.56
0917,9,17,218,162,74.31,56,25.69
0918,9,18,234,163,69.66,71,30.34
0919,9,19,345,247,71.59,98,28.41
0920,9,20,309,228,73.79,81,26.21
0921,9,21,311,217,69.77,94,30.23
0922,9,22,366,264,72.13,102,27.87
0923,9,23,358,252,70.39,106,29.61
0924,9,24,348,254,72.99,94,27.01
0925,9,25,279,212,75.99,67,24.01
0926,9,26,291,198,68.04,93,31.96
0927,9,27,265,205,77.36,60,22.64
0928,9,28,218,151,69.27,67,30.73
0929,9,29,291,201,69.07,90,30.93
0930,9,30,289,207,71.63,82,28.37
0931,9,31,278,198,71.22,80,28.78
0932,9,32,339,260,76.7,79,23.3
0933,9,33,243,181,74.49,62,25.51
0934,9,34,278,210,75.54,68,24.46
0935,9,35,310,241,77.74,69,22.26
0936,9,36,291,201,69.07,90,30.93
0937,9,37,497,337,67.81,160,32.19
0938,9,38,312,220,70.51,92,29.49
0939,9,39,353,250,70.82,103,29.18
0940,9,40,373,283,75.87,90,24.13
0941,9,41,270,197,72.96,73,27.04
0942,9,42,348,255,73.28,93,26.72
0943,9,43,295,214,72.54,81,27.46
0944,9,44,315,225,71.43,90,28.57
0945,9,45,248,172,69.35,76,30.65
0946,9,46,319,242,75.86,77,24.14
0947,9,47,347,268,77.23,79,22.77
0948,9,48,333,249,74.77,84,25.23
0949,9,49,365,274,75.07,91,24.93
0950,9,50,447,335,74.94,112,25.06
0951,9,51,330,243,73.64,87,26.36
1001,10,1,277,211,76.17,66,23.83
1002,10,2,343,242,70.55,101,29.45
1003,10,3,360,229,63.61,131,36.39
1004,10,4,269,183,68.03,86,31.97
1005,10,5,286,210,73.43,76,26.57
1006,10,6,276,187,67.75,89,32.25
1007,10,7,264,191,72.35,73,27.65
1008,10,8,182,113,62.09,69,37.91
1009,10,9,343,236,68.8,107,31.2
1010,10,10,396,269,67.93,127,32.07
1011,10,11,458,321,70.09,137,29.91
1012,10,12,255,172,67.45,83,32.55
1013,10,13,321,213,66.36,108,33.64
1014,10,14,457,324,70.9,133,29.1
1015,10,15,609,444,72.91,165,27.09
1016,10,16,301,194,64.45,107,35.55
1017,10,17,468,322,68.8,146,31.2
1018,10,18,209,153,73.21,56,26.79
1019,10,19,370,257,69.46,113,30.54
1020,10,20,354,256,72.32,98,27.68
1021,10,21,360,258,71.67,102,28.33
1022,10,22,217,156,71.89,61,28.11
1023,10,23,300,224,74.67,76,25.33
1024,10,24,325,217,66.77,108,33.23
1025,10,25,107,82,76.64,25,23.36
1026,10,26,257,189,73.54,68,26.46
1027,10,27,299,208,69.57,91,30.43
1028,10,28,399,285,71.43,114,28.57
1029,10,29,380,280,73.68,100,26.32
1030,10,30,318,221,69.5,97,30.5
1031,10,31,317,238,75.08,79,24.92
1032,10,32,368,258,70.11,110,29.89
1033,10,33,290,192,66.21,98,33.79
1034,10,34,234,148,63.25,86,36.75
1035,10,35,371,249,67.12,122,32.88
1036,10,36,86,60,69.77,26,30.23
1101,11,1,366,268,73.22,98,26.78
1102,11,2,31,20,64.52,11,35.48
1103,11,3,419,297,70.88,122,29.12
1104,11,4,292,205,70.21,87,29.79
1105,11,5,555,377,67.93,178,32.07
1106,11,6,652,497,76.23,155,23.77
1107,11,7,391,300,76.73,91,23.27
1108,11,8,383,280,73.11,103,26.89
1109,11,9,368,272,73.91,96,26.09
1110,11,10,393,306,77.86,87,22.14
1111,11,11,462,328,71.0,134,29.0
1112,11,12,520,382,73.46,138,26.54
1113,11,13,483,341,70.6,142,29.4
1114,11,14,195,142,72.82,53,27.18
1115,11,15,151,119,78.81,32,21.19
1116,11,16,286,216,75.52,70,24.48
1117,11,17,503,380,75.55,123,24.45
1118,11,18,314,247,78.66,67,21.34
1119,11,19,557,394,70.74,163,29.26
1120,11,20,280,204,72.86,76,27.14
1121,11,21,483,363,75.16,120,24.84
1122,11,22,528,364,68.94,164,31.06
1123,11,23,206,152,73.79,54,26.21
1124,11,24,470,366,77.87,104,22.13
1125,11,25,504,357,70.83,147,29.17
1126,11,26,432,302,69.91,130,30.09
1127,11,27,170,127,74.71,43,25.29
1128,11,28,199,146,73.37,53,26.63
1129,11,29,494,368,74.49,126,25.51
1130,11,30,209,155,74.16,54,25.84
1131,11,31,379,286,75.46,93,24.54
1132,11,32,163,117,71.78,46,28.22
1133,11,33,526,404,76.81,122,23.19
1134,11,34,117,74,63.25,43,36.75
1135,11,35,63,45,71.43,18,28.57
1136,11,36,174,128,73.56,46,26.44
1137,11,37,109,77,70.64,32,29.36
1138,11,38,219,154,70.32,65,29.68
1201,12,1,359,244,67.97,115,32.03
1202,12,2,301,222,73.75,79,26.25
1203,12,3,447,311,69.57,136,30.43
1204,12,4,444,315,70.95,129,29.05
1205,12,5,310,213,68.71,97,31.29
1206,12,6,423,306,72.34,117,27.66
1207,12,7,356,256,71.91,100,28.09
1208,12,8,362,257,70.99,105,29.01
1209,12,9,308,233,75.65,75,24.35
1210,12,10,505,335,66.34,170,33.66
1211,12,11,404,271,67.08,133,32.92
1212,12,12,370,269,72.7,101,27.3
1213,12,13,410,308,75.12,102,24.88
1214,12,14,328,225,68.6,103,31.4
1215,12,15,330,225,68.18,105,31.82
1216,12,16,327,216,66.06,111,33.94
1217,12,17,446,316,70.85,130,29.15
1218,12,18,354,241,68.08,113,31.92
1219,12,19,353,248,70.25,105,29.75
1220,12,20,467,354,75.8,113,24.2
1221,12,21,403,290,71.96,113,28.04
1222,12,22,377,239,63.4,138,36.6
1223,12,23,386,283,73.32,103,26.68
1301,13,1,311,221,71.06,90,28.94
1302,13,2,254,177,69.69,77,30.31
1303,13,3,286,203,70.98,83,29.02
1304,13,4,369,247,66.94,122,33.06
1305,13,5,414,300,72.46,114,27.54
1306,13,6,280,192,68.57,88,31.43
1307,13,7,288,206,71.53,82,28.47
1308,13,8,265,184,69.43,81,30.57
1309,13,9,378,268,70.9,110,29.1
1310,13,10,282,178,63.12,104,36.88
1311,13,11,348,232,66.67,116,33.33
1312,13,12,309,216,69.9,93,30.1
1313,13,13,335,254,75.82,81,24.18
1314,13,14,332,249,75.0,83,25.0
1315,13,15,482,330,68.46,152,31.54
1316,13,16,261,189,72.41,72,27.59
1317,13,17,308,213,69.16,95,30.84
1318,13,18,284,201,70.77,83,29.23
1319,13,19,431,306,71.0,125,29.0
1320,13,20,227,143,63.0,84,37.0
1321,13,21,358,234,65.36,124,34.64
1322,13,22,346,250,72.25,96,27.75
1323,13,23,283,191,67.49,92,32.51
1324,13,24,347,247,71.18,100,28.82
1325,13,25,347,241,69.45,106,30.55
1326,13,26,341,240,70.38,101,29.62
1327,13,27,317,232,73.19,85,26.81
1328,13,28,262,190,72.52,72,27.48
1329,13,29,301,209,69.44,92,30.56
1330,13,30,271,193,71.22,78,28.78
1331,13,31,356,236,66.29,120,33.71
1332,13,32,289,178,61.59,111,38.41
1333,13,33,335,228,68.06,107,31.94
1334,13,34,345,264,76.52,81,23.48
1335,13,35,296,224,75.68,72,24.32
1336,13,36,257,189,73.54,68,26.46
1337,13,37,334,251,75.15,83,24.85
1338,13,38,276,186,67.39,90,32.61
1339,13,39,330,239,72.42,91,27.58
1340,13,40,318,238,74.84,80,25.16
1341,13,41,423,303,71.63,120,28.37
1342,13,42,329,222,67.48,107,32.52
1343,13,43,328,224,68.29,104,31.71
1344,13,44,353,258,73.09,95,26.91
1345,13,45,360,258,71.67,102,28.33
1346,13,46,400,302,75.5,98,24.5
1347,13,47,364,274,75.27,90,24.73
1348,13,48,270,188,69.63,82,30.37
1401,14,1,368,239,64.95,129,35.05
1402,14,2,525,408,77.71,117,22.29
1403,14,3,366,269,73.5,97,26.5
1404,14,4,354,220,62.15,134,37.85
1405,14,5,535,375,70.09,160,29.91
1406,14,6,209,152,72.73,57,27.27
1407,14,7,499,358,71.74,141,28.26
1408,14,8,462,324,70.13,138,29.87
1409,14,9,450,277,61.56,173,38.44
1410,14,10,284,192,67.61,92,32.39
1411,14,11,229,167,72.93,62,27.07
1412,14,12,397,280,70.53,117,29.47
1413,14,13,358,257,71.79,101,28.21
1414,14,14,365,283,77.53,82,22.47
1415,14,15,384,279,72.66,105,27.34
1416,14,16,264,197,74.62,67,25.38
1417,14,17,331,210,63.44,121,36.56
1418,14,18,184,121,65.76,63,34.24
1419,14,19,357,265,74.23,92,25.77
1420,14,20,312,234,75.0,78,25.0
1421,14,21,375,274,73.07,101,26.93
1422,14,22,491,350,71.28,141,28.72
1423,14,23,264,166,62.88,98,37.12
1424,14,24,410,306,74.63,104,25.37
1425,14,25,191,132,69.11,59,30.89
1426,14,26,285,196,68.77,89,31.23
1427,14,27,351,256,72.93,95,27.07
1428,14,28,330,231,70.0,99,30.0
1429,14,29,282,187,66.31,95,33.69
1430,14,30,265,190,71.7,75,28.3
1431,14,31,214,158,73.83,56,26.17
1501,15,1,324,211,65.12,113,34.88
1502,15,2,199,129,64.82,70,35.18
1503,15,3,208,150,72.12,58,27.88
1504,15,4,357,263,73.67,94,26.33
1505,15,5,340,224,65.88,116,34.12
1506,15,6,370,268,72.43,102,27.57
1507,15,7,178,122,68.54,56,31.46
1508,15,8,360,240,66.67,120,33.33
1509,15,9,472,344,72.88,128,27.12
1510,15,10,489,330,67.48,159,32.52
1511,15,11,433,296,68.36,137,31.64
1512,15,12,455,337,74.07,118,25.93
1513,15,13,366,249,68.03,117,31.97
1514,15,14,331,229,69.18,102,30.82
1515,15,15,312,219,70.19,93,29.81
1516,15,16,414,291,70.29,123,29.71
1517,15,17,190,132,69.47,58,30.53
1518,15,18,129,76,58.91,53,41.09
1519,15,19,290,220,75.86,70,24.14
1520,15,20,208,154,74.04,54,25.96
1521,15,21,155,109,70.32,46,29.68
1522,15,22,188,123,65.43,65,34.57
1523,15,23,210,147,70.0,63,30.0
1524,15,24,180,117,65.0,63,35.0
1601,16,1,438,329,75.11,109,24.89
1602,16,2,251,163,64.94,88,35.06
1603,16,3,227,172,75.77,55,24.23
1604,16,4,294,184,62.59,110,37.41
1605,16,5,200,135,67.5,65,32.5
1606,16,6,226,157,69.47,69,30.53
1607,16,7,268,193,72.01,75,27.99
1608,16,8,188,140,74.47,48,25.53
1609,16,9,266,186,69.92,80,30.08
1610,16,10,215,152,70.7,63,29.3
1611,16,11,294,191,64.97,103,35.03
1612,16,12,253,168,66.4,85,33.6
1613,16,13,329,215,65.35,114,34.65
1614,16,14,202,139,68.81,63,31.19
1615,16,15,256,181,70.7,75,29.3
1616,16,16,203,145,71.43,58,28.57
1617,16,17,381,274,71.92,107,28.08
1618,16,18,318,230,72.33,88,27.67
1619,16,19,260,167,64.23,93,35.77
1620,16,20,167,119,71.26,48,28.74
1621,16,21,215,152,70.7,63,29.3
1622,16,22,224,164,73.21,60,26.79
1623,16,23,370,257,69.46,113,30.54
1624,16,24,126,96,76.19,30,23.81
1625,16,25,293,194,66.21,99,33.79
1626,16,26,168,115,68.45,53,31.55
1627,16,27,180,114,63.33,66,36.67
1628,16,28,197,132,67.01,65,32.99
1629,16,29,194,139,71.65,55,28.35
1630,16,30,182,128,70.33,54,29.67
1631,16,31,236,161,68.22,75,31.78
1632,16,32,373,264,70.78,109,29.22
1633,16,33,188,134,71.28,54,28.72
1634,16,34,219,147,67.12,72,32.88
1635,16,35,413,285,69.01,128,30.99
1636,16,36,176,119,67.61,57,32.39
1701,17,1,359,251,69.92,108,30.08
1702,17,2,292,196,67.12,96,32.88
1703,17,3,300,202,67.33,98,32.67
1704,17,4,321,223,69.47,98,30.53
1705,17,5,246,168,68.29,78,31.71
1706,17,6,328,245,74.7,83,25.3
1707,17,7,345,232,67.25,113,32.75
1708,17,8,212,139,65.57,73,34.43
1709,17,9,241,171,70.95,70,29.05
1710,17,10,383,283,73.89,100,26.11
1711,17,11,231,179,77.49,52,22.51
1712,17,12,482,332,68.88,150,31.12
1713,17,13,222,163,73.42,59,26.58
1714,17,14,368,276,75.0,92,25.0
1715,17,15,322,222,68.94,100,31.06
1716,17,16,392,288,73.47,104,26.53
1717,17,17,330,233,70.61,97,29.39
1718,17,18,359,273,76.04,86,23.96
1719,17,19,187,129,68.98,58,31.02
1720,17,20,392,313,79.85,79,20.15
1721,17,21,363,265,73.0,98,27.0
1722,17,22,301,224,74.42,77,25.58
1723,17,23,213,150,70.42,63,29.58
1724,17,24,245,190,77.55,55,22.45
1725,17,25,257,178,69.26,79,30.74
1726,17,26,304,222,73.03,82,26.97
1727,17,27,188,147,78.19,41,21.81
1728,17,28,224,167,74.55,57,25.45
1729,17,29,282,210,74.47,72,25.53
1730,17,30,331,235,71.0,96,29.0
1731,17,31,199,157,78.89,42,21.11
1732,17,32,237,168,70.89,69,29.11
1733,17,33,189,131,69.31,58,30.69
1734,17,34,228,175,76.75,53,23.25
1735,17,35,210,161,76.67,49,23.33
1736,17,36,227,163,71.81,64,28.19
1737,17,37,255,191,74.9,64,25.1
1738,17,38,343,244,71.14,99,28.86
1739,17,39,289,211,73.01,78,26.99
1740,17,40,352,263,74.72,89,25.28
1741,17,41,413,302,73.12,111,26.88
1801,18,1,359,248,69.08,111,30.92
1802,18,2,434,305,70.28,129,29.72
1803,18,3,321,230,71.65,91,28.35
1804,18,4,379,288,75.99,91,24.01
1805,18,5,218,162,74.31,56,25.69
1806,18,6,332,226,68.07,106,31.93
1807,18,7,372,278,74.73,94,25.27
1808,18,8,367,269,73.3,98,26.7
1809,18,9,336,255,75.89,81,24.11
1810,18,10,454,330,72.69,124,27.31
1811,18,11,350,262,74.86,88,25.14
1812,18,12,352,270,76.7,82,23.3
1813,18,13,384,275,71.61,109,28.39
1814,18,14,373,282,75.6,91,24.4
1815,18,15,401,287,71.57,114,28.43
1816,18,16,345,252,73.04,93,26.96
1817,18,17,388,295,76.03,93,23.97
1818,18,18,275,206,74.91,69,25.09
1819,18,19,306,229,74.84,77,25.16
1820,18,20,245,182,74.29,63,25.71
1821,18,21,444,319,71.85,125,28.15
1822,18,22,378,297,78.57,81,21.43
1823,18,23,353,255,72.24,98,27.76
1824,18,24,348,239,68.68,109,31.32
1825,18,25,387,269,69.51,118,30.49
1826,18,26,447,344,76.96,103,23.04
1827,18,27,327,239,73.09,88,26.91
1828,18,28,326,233,71.47,93,28.53
1829,18,29,437,304,69.57,133,30.43
1830,18,30,452,300,66.37,152,33.63
1831,18,31,391,273,69.82,118,30.18
1832,18,32,364,276,75.82,88,24.18
1833,18,33,268,191,71.27,77,28.73
1834,18,34,401,301,75.06,100,24.94
1835,18,35,421,322,76.48,99,23.52
1836,18,36,394,290,73.6,104,26.4
1837,18,37,413,307,74.33,106,25.67
1838,18,38,320,241,75.31,79,24.69
1839,18,39,307,221,71.99,86,28.01
1840,18,40,391,283,72.38,108,27.62
1841,18,41,439,324,73.8,115,26.2
1842,18,42,315,227,72.06,88,27.94
1843,18,43,326,233,71.47,93,28.53
1844,18,44,334,228,68.26,106,31.74
1845,18,45,380,290,76.32,90,23.68
1846,18,46,433,291,67.21,142,32.79
1847,18,47,285,197,69.12,88,30.88
1848,18,48,271,190,70.11,81,29.89
1849,18,49,231,164,71.0,67,29.0
1850,18,50,257,180,70.04,77,29.96
1901,19,1,343,239,69.68,104,30.32
1902,19,2,512,402,78.52,110,21.48
1903,19,3,308,180,58.44,128,41.56
1904,19,4,452,291,64.38,161,35.62
1905,19,5,420,340,80.95,80,19.05
1906,19,6,419,265,63.25,154,36.75
1907,19,7,336,240,71.43,96,28.57
1908,19,8,415,266,64.1,149,35.9
1909,19,9,271,186,68.63,85,31.37
1910,19,10,488,384,78.69,104,21.31
1911,19,11,355,198,55.77,157,44.23
1912,19,12,314,201,64.01,113,35.99
1913,19,13,476,353,74.16,123,25.84
1914,19,14,408,312,76.47,96,23.53
1915,19,15,532,328,61.65,204,38.35
1916,19,16,390,242,62.05,148,37.95
1917,19,17,339,236,69.62,103,30.38
1918,19,18,383,324,84.6,59,15.4
1919,19,19,483,385,79.71,98,20.29
1920,19,20,330,270,81.82,60,18.18
1921,19,21,410,254,61.95,156,38.05
1922,19,22,423,350,82.74,73,17.26
1923,19,23,391,302,77.24,89,22.76
1924,19,24,299,189,63.21,110,36.79
1925,19,25,379,309,81.53,70,18.47
1926,19,26,370,294,79.46,76,20.54
1927,19,27,409,292,71.39,117,28.61
1928,19,28,461,344,74.62,117,25.38
1929,19,29,401,248,61.85,153,38.15
1930,19,30,380,242,63.68,138,36.32
1931,19,31,346,284,82.08,62,17.92
1932,19,32,357,217,60.78,140,39.22
1933,19,33,430,290,67.44,140,32.56
1934,19,34,343,272,79.3,71,20.7
1935,19,35,352,282,80.11,70,19.89
1936,19,36,538,401,74.54,137,25.46
1937,19,37,397,320,80.6,77,19.4
1938,19,38,360,264,73.33,96,26.67
1939,19,39,198,141,71.21,57,28.79
1940,19,40,433,349,80.6,84,19.4
1941,19,41,364,226,62.09,138,37.91
1942,19,42,319,252,79.0,67,21.0
1943,19,43,534,400,74.91,134,25.09
1944,19,44,440,271,61.59,169,38.41
1945,19,45,417,285,68.35,132,31.65
1946,19,46,370,278,75.14,92,24.86
1947,19,47,572,424,74.13,148,25.87
1948,19,48,457,336,73.52,121,26.48
1949,19,49,491,377,76.78,114,23.22
1950,19,50,345,244,70.72,101,29.28
1951,19,51,423,303,71.63,120,28.37
1952,19,52,494,303,61.34,191,38.66
1953,19,53,360,260,72.22,100,27.78
1954,19,54,295,160,54.24,135,45.76
1955,19,55,329,218,66.26,111,33.74
1956,19,56,420,327,77.86,93,22.14
1957,19,57,338,267,78.99,71,21.01
2001,20,1,387,278,71.83,109,28.17
2002,20,2,120,81,67.5,39,32.5
2003,20,3,341,240,70.38,101,29.62
2004,20,4,156,105,67.31,51,32.69
2005,20,5,397,269,67.76,128,32.24
2006,20,6,145,96,66.21,49,33.79
2007,20,7,427,296,69.32,131,30.68
2008,20,8,309,235,76.05,74,23.95
2009,20,9,493,345,69.98,148,30.02
2010,20,10,232,171,73.71,61,26.29
2011,20,11,458,292,63.76,166,36.24
2012,20,12,337,227,67.36,110,32.64
2013,20,13,300,209,69.67,91,30.33
2014,20,14,176,118,67.05,58,32.95
2015,20,15,363,245,67.49,118,32.51
2016,20,16,419,321,76.61,98,23.39
2017,20,17,237,150,63.29,87,36.71
2018,20,18,231,157,67.97,74,32.03
2019,20,19,377,269,71.35,108,28.65
2020,20,20,280,192,68.57,88,31.43
2021,20,21,282,188,66.67,94,33.33
2022,20,22,477,335,70.23,142,29.77
2023,20,23,200,147,73.5,53,26.5
2024,20,24,439,321,73.12,118,26.88
2025,20,25,227,145,63.88,82,36.12
2026,20,26,332,250,75.3,82,24.7
2027,20,27,171,128,74.85,43,25.15
2028,20,28,220,147,66.82,73,33.18
2029,20,29,230,175,76.09,55,23.91
2030,20,30,163,117,71.78,46,28.22
2031,20,31,392,279,71.17,113,28.83
2032,20,32,268,179,66.79,89,33.21
2033,20,33,226,170,75.22,56,24.78
2034,20,34,432,326,75.46,106,24.54
2035,20,35,257,169,65.76,88,34.24
2036,20,36,115,85,73.91,30,26.09
2037,20,37,112,78,69.64,34,30.36
2038,20,38,97,61,62.89,36,37.11
2039,20,39,27,20,74.07,7,25.93
2101,21,1,382,289,75.65,93,24.35
2102,21,2,235,151,64.26,84,35.74
2103,21,3,343,241,70.26,102,29.74
2104,21,4,295,227,76.95,68,23.05
2105,21,5,360,254,70.56,106,29.44
2106,21,6,287,211,73.52,76,26.48
2107,21,7,336,267,79.46,69,20.54
2108,21,8,357,263,73.67,94,26.33
2109,21,9,362,279,77.07,83,22.93
2110,21,10,287,217,75.61,70,24.39
2111,21,11,299,219,73.24,80,26.76
2112,21,12,300,212,70.67,88,29.33
2113,21,13,373,275,73.73,98,26.27
2114,21,14,383,303,79.11,80,20.89
2115,21,15,326,239,73.31,87,26.69
2116,21,16,299,197,65.89,102,34.11
2117,21,17,289,200,69.2,89,30.8
2118,21,18,308,220,71.43,88,28.57
2119,21,19,407,300,73.71,107,26.29
2120,21,20,304,231,75.99,73,24.01
2121,21,21,301,209,69.44,92,30.56
2122,21,22,308,228,74.03,80,25.97
2123,21,23,315,244,77.46,71,22.54
2124,21,24,368,273,74.18,95,25.82
2125,21,25,288,196,68.06,92,31.94
2126,21,26,351,238,67.81,113,32.19
2127,21,27,404,304,75.25,100,24.75
2128,21,28,426,303,71.13,123,28.87
2129,21,29,374,276,73.8,98,26.2
2130,21,30,293,202,68.94,91,31.06
2131,21,31,194,154,79.38,40,20.62
2132,21,32,256,181,70.7,75,29.3
2133,21,33,279,203,72.76,76,27.24
2134,21,34,334,246,73.65,88,26.35
2135,21,35,404,303,75.0,101,25.0
2136,21,36,334,228,68.26,106,31.74
2137,21,37,242,184,76.03,58,23.97
2138,21,38,346,237,68.5,109,31.5
2139,21,39,343,242,70.55,101,29.45
2140,21,40,317,235,74.13,82,25.87
2141,21,41,365,273,74.79,92,25.21
2142,21,42,371,249,67.12,122,32.88
2143,21,43,346,255,73.7,91,26.3
2144,21,44,368,265,72.01,103,27.99
2145,21,45,326,241,73.93,85,26.07
2146,21,46,357,270,75.63,87,24.37
2147,21,47,320,228,71.25,92,28.75
2148,21,48,348,276,79.31,72,20.69
2149,21,49,375,286,76.27,89,23.73
2150,21,50,262,183,69.85,79,30.15
2151,21,51,362,270,74.59,92,25.41
2152,21,52,338,231,68.34,107,31.66
2153,21,53,298,220,73.83,78,26.17
2154,21,54,271,203,74.91,68,25.09
2201,22,1,189,146,77.25,43,22.75
2202,22,2,438,304,69.41,134,30.59
2203,22,3,544,371,68.2,173,31.8
2204,22,4,294,205,69.73,89,30.27
2205,22,5,328,230,70.12,98,29.88
2206,22,6,326,227,69.63,99,30.37
2207,22,7,286,210,73.43,76,26.57
2208,22,8,497,374,75.25,123,24.75
2209,22,9,288,201,69.79,87,30.21
2210,22,10,454,325,71.59,129,28.41
2211,22,11,235,165,70.21,70,29.79
2212,22,12,279,190,68.1,89,31.9
2213,22,13,367,264,71.93,103,28.07
2214,22,14,290,204,70.34,86,29.66
2215,22,15,304,189,62.17,115,37.83
2216,22,16,288,209,72.57,79,27.43
2217,22,17,470,334,71.06,136,28.94
2218,22,18,334,221,66.17,113,33.83
2219,22,19,168,116,69.05,52,30.95
2220,22,20,383,270,70.5,113,29.5
2221,22,21,323,235,72.76,88,27.24
2222,22,22,345,230,66.67,115,33.33
2223,22,23,350,278,79.43,72,20.57
2224,22,24,415,311,74.94,104,25.06
2225,22,25,336,252,75.0,84,25.0
2301,23,1,321,208,64.8,113,35.2
2302,23,2,361,240,66.48,121,33.52
2303,23,3,308,213,69.16,95,30.84
2304,23,4,318,226,71.07,92,28.93
2305,23,5,360,274,76.11,86,23.89
2306,23,6,341,250,73.31,91,26.69
2307,23,7,355,248,69.86,107,30.14
2308,23,8,426,287,67.37,139,32.63
2309,23,9,347,253,72.91,94,27.09
2310,23,10,407,302,74.2,105,25.8
2311,23,11,408,309,75.74,99,24.26
2312,23,12,368,236,64.13,132,35.87
2313,23,13,343,242,70.55,101,29.45
2314,23,14,296,184,62.16,112,37.84
2315,23,15,321,222,69.16,99,30.84
2316,23,16,336,223,66.37,113,33.63
2317,23,17,282,196,69.5,86,30.5
2318,23,18,320,218,68.13,102,31.88
2319,23,19,312,209,66.99,103,33.01
2320,23,20,254,179,70.47,75,29.53
2321,23,21,301,194,64.45,107,35.55
2322,23,22,337,237,70.33,100,29.67
2323,23,23,330,212,64.24,118,35.76
2324,23,24,322,232,72.05,90,27.95
2325,23,25,322,228,70.81,94,29.19
2326,23,26,359,268,74.65,91,25.35
2327,23,27,298,194,65.1,104,34.9
2328,23,28,389,259,66.58,130,33.42
2329,23,29,300,208,69.33,92,30.67
2330,23,30,439,311,70.84,128,29.16
2331,23,31,300,215,71.67,85,28.33
2332,23,32,352,239,67.9,113,32.1
2333,23,33,406,298,73.4,108,26.6
2334,23,34,385,276,71.69,109,28.31
2335,23,35,250,156,62.4,94,37.6
2336,23,36,336,229,68.15,107,31.85
2337,23,37,369,235,63.69,134,36.31
2338,23,38,311,209,67.2,102,32.8
2339,23,39,393,296,75.32,97,24.68
2401,24,1,234,165,70.51,69,29.49
2402,24,2,275,188,68.36,87,31.64
2403,24,3,336,230,68.45,106,31.55
2404,24,4,233,177,75.97,56,24.03
2405,24,5,160,120,75.0,40,25.0
2406,24,6,319,233,73.04,86,26.96
2407,24,7,224,169,75.45,55,24.55
2408,24,8,132,92,69.7,40,30.3
2409,24,9,266,177,66.54,89,33.46
2410,24,10,140,98,70.0,42,30.0
2411,24,11,280,196,70.0,84,30.0
2412,24,12,182,120,65.93,62,34.07
2413,24,13,177,122,68.93,55,31.07
2414,24,14,229,157,68.56,72,31.44
2415,24,15,148,106,71.62,42,28.38
2416,24,16,856,482,56.31,374,43.69
2417,24,17,203,142,69.95,61,30.05
2418,24,18,240,170,70.83,70,29.17
2419,24,19,314,219,69.75,95,30.25
2420,24,20,251,182,72.51,69,27.49
2421,24,21,155,95,61.29,60,38.71
2422,24,22,336,226,67.26,110,32.74
2423,24,23,253,170,67.19,83,32.81
2424,24,24,328,214,65.24,114,34.76
2425,24,25,206,145,70.39,61,29.61
2426,24,26,404,305,75.5,99,24.5
2427,24,27,305,230,75.41,75,24.59
2428,24,28,184,136,73.91,48,26.09
2429,24,29,203,150,73.89,53,26.11
2430,24,30,176,135,76.7,41,23.3
2431,24,31,288,179,62.15,109,37.85
2432,24,32,143,107,74.83,36,25.17
2433,24,33,178,129,72.47,49,27.53
2434,24,34,269,188,69.89,81,30.11
2435,24,35,260,177,68.08,83,31.92
2436,24,36,327,239,73.09,88,26.91
2437,24,37,134,101,75.37,33,24.63
2438,24,38,246,170,69.11,76,30.89
2439,24,39,270,205,75.93,65,24.07
2440,24,40,321,221,68.85,100,31.15
2441,24,41,131,99,75.57,32,24.43
2501,25,1,354,259,73.16,95,26.84
2502,25,2,534,360,67.42,174,32.58
2503,25,3,706,575,81.44,131,18.56
2504,25,4,337,252,74.78,85,25.22
2505,25,5,424,293,69.1,131,30.9
2506,25,6,137,102,74.45,35,25.55
2507,25,7,435,320,73.56,115,26.44
2508,25,8,516,362,70.16,154,29.84
2509,25,9,435,320,73.56,115,26.44
2510,25,10,579,508,87.74,71,12.26
2511,25,11,493,362,73.43,131,26.57
2512,25,12,436,334,76.61,102,23.39
2513,25,13,499,366,73.35,133,26.65
2514,25,14,279,228,81.72,51,18.28
2515,25,15,377,254,67.37,123,32.63
2516,25,16,691,575,83.21,116,16.79
2517,25,17,450,345,76.67,105,23.33
2518,25,18,215,167,77.67,48,22.33
2519,25,19,452,309,68.36,143,31.64
2520,25,20,242,148,61.16,94,38.84
2521,25,21,844,689,81.64,155,18.36
2522,25,22,462,315,68.18,147,31.82
2523,25,23,505,365,72.28,140,27.72
2524,25,24,452,313,69.25,139,30.75
2525,25,25,377,284,75.33,93,24.67
2526,25,26,457,331,72.43,126,27.57
2527,25,27,555,439,79.1,116,20.9
2528,25,28,478,335,70.08,143,29.92
2529,25,29,320,230,71.88,90,28.13
2530,25,30,444,301,67.79,143,32.21
2531,25,31,800,658,82.25,142,17.75
2532,25,32,355,238,67.04,117,32.96
2601,26,1,364,285,78.3,79,21.7
2602,26,2,271,195,71.96,76,28.04
2603,26,3,417,329,78.9,88,21.1
2604,26,4,245,163,66.53,82,33.47
2605,26,5,314,219,69.75,95,30.25
2606,26,6,292,215,73.63,77,26.37
2607,26,7,327,249,76.15,78,23.85
2608,26,8,212,135,63.68,77,36.32
2609,26,9,284,206,72.54,78,27.46
2610,26,10,339,238,70.21,101,29.79
2611,26,11,318,219,68.87,99,31.13
2612,26,12,345,262,75.94,83,24.06
2613,26,13,184,133,72.28,51,27.72
2614,26,14,275,195,70.91,80,29.09
2615,26,15,210,155,73.81,55,26.19
2616,26,16,184,130,70.65,54,29.35
2617,26,17,308,237,76.95,71,23.05
2618,26,18,249,177,71.08,72,28.92
2619,26,19,208,134,64.42,74,35.58
2620,26,20,285,218,76.49,67,23.51
2621,26,21,413,311,75.3,102,24.7
2622,26,22,180,131,72.78,49,27.22
2623,26,23,245,178,72.65,67,27.35
2624,26,24,268,191,71.27,77,28.73
2625,26,25,244,178,72.95,66,27.05
2626,26,26,242,166,68.6,76,31.4
2627,26,27,361,267,73.96,94,26.04
2628,26,28,441,338,76.64,103,23.36
2629,26,29,174,129,74.14,45,25.86
2630,26,30,271,212,78.23,59,21.77
2631,26,31,154,101,65.58,53,34.42
2632,26,32,400,295,73.75,105,26.25
2633,26,33,366,279,76.23,87,23.77
2634,26,34,348,254,72.99,94,27.01
2635,26,35,266,204,76.69,62,23.31
2636,26,36,324,231,71.3,93,28.7
2637,26,37,345,259,75.07,86,24.93
2638,26,38,164,107,65.24,57,34.76
2639,26,39,392,285,72.7,107,27.3
2640,26,40,197,143,72.59,54,27.41
2641,26,41,382,290,75.92,92,24.08
2642,26,42,269,209,77.7,60,22.3
2643,26,43,214,153,71.5,61,28.5
2644,26,44,177,129,72.88,48,27.12
2645,26,45,177,116,65.54,61,34.46
2646,26,46,245,170,69.39,75,30.61
2647,26,47,239,174,72.8,65,27.2
2648,26,48,345,256,74.2,89,25.8
2649,26,49,208,157,75.48,51,24.52
2701,27,1,877,707,80.62,170,19.38
2702,27,2,406,318,78.33,88,21.67
2703,27,3,170,135,79.41,35,20.59
2704,27,4,205,146,71.22,59,28.78
2705,27,5,291,203,69.76,88,30.24
2706,27,6,453,353,77.92,100,22.08
2707,27,7,561,448,79.86,113,20.14
2708,27,8,310,234,75.48,76,24.52
2709,27,9,174,137,78.74,37,21.26
2710,27,10,255,201,78.82,54,21.18
2711,27,11,444,373,84.01,71,15.99
2712,27,12,297,240,80.81,57,19.19
2713,27,13,528,406,76.89,122,23.11
2714,27,14,186,120,64.52,66,35.48
2715,27,15,178,125,70.22,53,29.78
2716,27,16,450,355,78.89,95,21.11
2717,27,17,392,297,75.77,95,24.23
2718,27,18,241,163,67.63,78,32.37
2719,27,19,176,127,72.16,49,27.84
2720,27,20,262,162,61.83,100,38.17
2721,27,21,358,287,80.17,71,19.83
2722,27,22,151,106,70.2,45,29.8
2723,27,23,212,147,69.34,65,30.66
2724,27,24,245,174,71.02,71,28.98
2725,27,25,336,243,72.32,93,27.68
2726,27,26,242,180,74.38,62,25.62
2727,27,27,485,358,73.81,127,26.19
2728,27,28,494,406,82.19,88,17.81
2729,27,29,254,168,66.14,86,33.86
2730,27,30,168,122,72.62,46,27.38
2731,27,31,265,185,69.81,80,30.19
2732,27,32,345,258,74.78,87,25.22
2733,27,33,535,429,80.19,106,19.81
2734,27,34,188,126,67.02,62,32.98
2735,27,35,509,407,79.96,102,20.04
2736,27,36,264,195,73.86,69,26.14
2737,27,37,333,270,81.08,63,18.92
2738,27,38,504,399,79.17,105,20.83
2739,27,39,255,184,72.16,71,27.84
2740,27,40,529,408,77.13,121,22.87
2741,27,41,245,182,74.29,63,25.71
2742,27,42,255,205,80.39,50,19.61
2743,27,43,304,223,73.36,81,26.64
2744,27,44,257,167,64.98,90,35.02
2745,27,45,1089,913,83.84,176,16.16
2746,27,46,331,284,85.8,47,14.2
2747,27,47,221,184,83.26,37,16.74
2748,27,48,671,516,76.9,155,23.1
2749,27,49,262,195,74.43,67,25.57
2750,27,50,309,213,68.93,96,31.07
2801,28,1,208,141,67.79,67,32.21
2802,28,2,246,170,69.11,76,30.89
2803,28,3,213,151,70.89,62,29.11
2804,28,4,275,221,80.36,54,19.64
2805,28,5,175,129,73.71,46,26.29
2806,28,6,167,130,77.84,37,22.16
2807,28,7,266,197,74.06,69,25.94
2808,28,8,471,373,79.19,98,20.81
2809,28,9,279,202,72.4,77,27.6
2810,28,10,371,268,72.24,103,27.76
2811,28,11,681,501,73.57,180,26.43
2812,28,12,258,196,75.97,62,24.03
2813,28,13,270,203,75.19,67,24.81
2814,28,14,274,199,72.63,75,27.37
2815,28,15,53,43,81.13,10,18.87
2816,28,16,183,131,71.58,52,28.42
2817,28,17,241,170,70.54,71,29.46
2818,28,18,239,161,67.36,78,32.64
2819,28,19,277,204,73.65,73,26.35
2820,28,20,228,167,73.25,61,26.75
2821,28,21,249,177,71.08,72,28.92
2822,28,22,259,192,74.13,67,25.87
2823,28,23,328,237,72.26,91,27.74
2824,28,24,237,160,67.51,77,32.49
2825,28,25,430,315,73.26,115,26.74
2826,28,26,248,183,73.79,65,26.21
2827,28,27,307,240,78.18,67,21.82
2828,28,28,394,315,79.95,79,20.05
2829,28,29,154,107,69.48,47,30.52
2830,28,30,48,37,77.08,11,22.92
2831,28,31,303,224,73.93,79,26.07
2832,28,32,269,180,66.91,89,33.09
2833,28,33,301,222,73.75,79,26.25
2834,28,34,490,334,68.16,156,31.84
2835,28,35,294,213,72.45,81,27.55
2836,28,36,135,100,74.07,35,25.93
2837,28,37,306,230,75.16,76,24.84
2838,28,38,117,90,76.92,27,23.08
2839,28,39,211,147,69.67,64,30.33
2840,28,40,350,272,77.71,78,22.29
2841,28,41,182,126,69.23,56,30.77
2842,28,42,285,208,72.98,77,27.02
2843,28,43,325,243,74.77,82,25.23
2844,28,44,214,146,68.22,68,31.78
2845,28,45,458,362,79.04,96,20.96
2846,28,46,569,409,71.88,160,28.12
2901,29,1,520,389,74.81,131,25.19
2902,29,2,437,337,77.12,100,22.88
2903,29,3,305,216,70.82,89,29.18
2904,29,4,416,323,77.64,93,22.36
2905,29,5,270,185,68.52,85,31.48
2906,29,6,257,183,71.21,74,28.79
2907,29,7,382,282,73.82,100,26.18
2908,29,8,343,244,71.14,99,28.86
2909,29,9,417,317,76.02,100,23.98
2910,29,10,475,366,77.05,109,22.95
2911,29,11,193,158,81.87,35,18.13
2912,29,12,447,345,77.18,102,22.82
2913,29,13,327,230,70.34,97,29.66
2914,29,14,314,238,75.8,76,24.2
2915,29,15,406,316,77.83,90,22.17
2916,29,16,347,261,75.22,86,24.78
2917,29,17,354,289,81.64,65,18.36
2918,29,18,329,238,72.34,91,27.66
2919,29,19,356,276,77.53,80,22.47
2920,29,20,367,266,72.48,101,27.52
2921,29,21,440,296,67.27,144,32.73
2922,29,22,267,189,70.79,78,29.21
2923,29,23,443,318,71.78,125,28.22
2924,29,24,350,268,76.57,82,23.43
2925,29,25,412,310,75.24,102,24.76
2926,29,26,333,267,80.18,66,19.82
2927,29,27,336,249,74.11,87,25.89
2928,29,28,423,312,73.76,111,26.24
2929,29,29,431,288,66.82,143,33.18
2930,29,30,508,380,74.8,128,25.2
2931,29,31,396,277,69.95,119,30.05
2932,29,32,401,285,71.07,116,28.93
2933,29,33,244,188,77.05,56,22.95
2934,29,34,250,164,65.6,86,34.4
2935,29,35,281,188,66.9,93,33.1
2936,29,36,327,247,75.54,80,24.46
2937,29,37,345,237,68.7,108,31.3
2938,29,38,468,342,73.08,126,26.92
2939,29,39,401,298,74.31,103,25.69
2940,29,40,403,294,72.95,109,27.05
2941,29,41,311,224,72.03,87,27.97
2942,29,42,390,284,72.82,106,27.18
2943,29,43,459,341,74.29,118,25.71
2944,29,44,385,269,69.87,116,30.13
3001,30,1,458,334,72.93,124,27.07
3002,30,2,402,287,71.39,115,28.61
3003,30,3,350,263,75.14,87,24.86
3004,30,4,398,278,69.85,120,30.15
3005,30,5,329,221,67.17,108,32.83
3006,30,6,279,196,70.25,83,29.75
3007,30,7,456,307,67.32,149,32.68
3008,30,8,506,359,70.95,147,29.05
3009,30,9,342,251,73.39,91,26.61
3010,30,10,393,280,71.25,113,28.75
3011,30,11,413,293,70.94,120,29.06
3012,30,12,373,267,71.58,106,28.42
3013,30,13,413,304,73.61,109,26.39
3014,30,14,298,212,71.14,86,28.86
3015,30,15,372,295,79.3,77,20.7
3016,30,16,227,155,68.28,72,31.72
3017,30,17,424,314,74.06,110,25.94
3018,30,18,516,381,73.84,135,26.16
3019,30,19,442,312,70.59,130,29.41
3020,30,20,431,313,72.62,118,27.38
3021,30,21,286,210,73.43,76,26.57
3022,30,22,618,450,72.82,168,27.18
3023,30,23,534,400,74.91,134,25.09
3024,30,24,592,438,73.99,154,26.01
3025,30,25,619,442,71.41,177,28.59
3026,30,26,265,196,73.96,69,26.04
3027,30,27,299,224,74.92,75,25.08
3028,30,28,438,332,75.8,106,24.2
3029,30,29,292,207,70.89,85,29.11
3030,30,30,180,121,67.22,59,32.78
3031,30,31,260,187,71.92,73,28.08
3032,30,32,341,263,77.13,78,22.87
3101,31,1,264,176,66.67,88,33.33
3102,31,2,250,181,72.4,69,27.6
3103,31,3,265,196,73.96,69,26.04
3104,31,4,350,257,73.43,93,26.57
3105,31,5,308,220,71.43,88,28.57
3106,31,6,188,137,72.87,51,27.13
3107,31,7,407,305,74.94,102,25.06
3108,31,8,268,185,69.03,83,30.97
3109,31,9,309,225,72.82,84,27.18
3110,31,10,337,251,74.48,86,25.52
3111,31,11,205,146,71.22,59,28.78
3112,31,12,236,177,75.0,59,25.0
3113,31,13,305,227,74.43,78,25.57
3114,31,14,268,197,73.51,71,26.49
3115,31,15,284,194,68.31,90,31.69
3116,31,16,342,258,75.44,84,24.56
3117,31,17,263,194,73.76,69,26.24
3118,31,18,266,187,70.3,79,29.7
3119,31,19,252,163,64.68,89,35.32
3120,31,20,243,170,69.96,73,30.04
3121,31,21,252,194,76.98,58,23.02
3122,31,22,243,172,70.78,71,29.22
3123,31,23,310,240,77.42,70,22.58
3124,31,24,290,207,71.38,83,28.62
3125,31,25,287,205,71.43,82,28.57
3126,31,26,282,201,71.28,81,28.72
3127,31,27,298,216,72.48,82,27.52
3128,31,28,271,185,68.27,86,31.73
3129,31,29,264,188,71.21,76,28.79
3130,31,30,238,179,75.21,59,24.79
3131,31,31,233,161,69.1,72,30.9
3132,31,32,227,152,66.96,75,33.04
3133,31,33,262,193,73.66,69,26.34
3134,31,34,284,191,67.25,93,32.75
3135,31,35,335,234,69.85,101,30.15
3136,31,36,277,199,71.84,78,28.16
3137,31,37,268,195,72.76,73,27.24
3138,31,38,250,187,74.8,63,25.2
3139,31,39,309,215,69.58,94,30.42
3140,31,40,320,208,65.0,112,35.0
3141,31,41,261,192,73.56,69,26.44
3201,32,1,644,495,76.86,149,23.14
3202,32,2,565,458,81.06,107,18.94
3203,32,3,534,427,79.96,107,20.04
3204,32,4,450,373,82.89,77,17.11
3205,32,5,537,442,82.31,95,17.69
3206,32,6,604,518,85.76,86,14.24
3207,32,7,581,463,79.69,118,20.31
3208,32,8,618,537,86.89,81,13.11
3209,32,9,509,401,78.78,108,21.22
3210,32,10,556,433,77.88,123,22.12
3211,32,11,451,357,79.16,94,20.84
3212,32,12,340,272,80.0,68,20.0
3213,32,13,553,458,82.82,95,17.18
3214,32,14,532,432,81.2,100,18.8
3215,32,15,480,382,79.58,98,20.42
3216,32,16,476,384,80.67,92,19.33
3217,32,17,482,381,79.05,101,20.95
3218,32,18,487,406,83.37,81,16.63
3219,32,19,477,383,80.29,94,19.71
3220,32,20,487,397,81.52,90,18.48
3221,32,21,516,425,82.36,91,17.64
3222,32,22,626,499,79.71,127,20.29
3223,32,23,531,449,84.56,82,15.44
3224,32,24,433,353,81.52,80,18.48
3225,32,25,504,420,83.33,84,16.67
3226,32,26,518,413,79.73,105,20.27
3227,32,27,511,412,80.63,99,19.37
3228,32,28,523,408,78.01,115,21.99
3229,32,29,529,421,79.58,108,20.42
3230,32,30,494,409,82.79,85,17.21
3231,32,31,542,438,80.81,104,19.19
3232,32,32,593,500,84.32,93,15.68
3233,32,33,450,388,86.22,62,13.78
3234,32,34,557,448,80.43,109,19.57
3235,32,35,484,394,81.4,90,18.6
3236,32,36,513,418,81.48,95,18.52
3237,32,37,588,456,77.55,132,22.45
3238,32,38,493,394,79.92,99,20.08
3239,32,39,561,468,83.42,93,16.58
3240,32,40,511,425,83.17,86,16.83
3241,32,41,537,431,80.26,106,19.74
3242,32,42,473,380,80.34,93,19.66
3243,32,43,462,361,78.14,101,21.86
3301,33,1,567,415,73.19,152,26.81
3302,33,2,686,512,74.64,174,25.36
3303,33,3,747,573,76.71,174,23.29
3304,33,4,711,536,75.39,175,24.61
3305,33,5,506,392,77.47,114,22.53
3306,33,6,474,340,71.73,134,28.27
3307,33,7,559,425,76.03,134,23.97
3308,33,8,662,530,80.06,132,19.94
3309,33,9,596,454,76.17,142,23.83
3310,33,10,445,333,74.83,112,25.17
3311,33,11,535,406,75.89,129,24.11
3312,33,12,550,429,78.0,121,22.0
3313,33,13,521,381,73.13,140,26.87
3314,33,14,257,194,75.49,63,24.51
3315,33,15,551,416,75.5,135,24.5
3316,33,16,720,545,75.69,175,24.31
3317,33,17,555,411,74.05,144,25.95
3318,33,18,744,557,74.87,187,25.13
3319,33,19,631,468,74.17,163,25.83
3320,33,20,685,550,80.29,135,19.71
3321,33,21,589,435,73.85,154,26.15
3322,33,22,490,367,74.9,123,25.1
3323,33,23,602,469,77.91,133,22.09
3324,33,24,668,556,83.23,112,16.77
3325,33,25,643,518,80.56,125,19.44
3326,33,26,390,293,75.13,97,24.87
3327,33,27,625,462,73.92,163,26.08
3328,33,28,493,379,76.88,114,23.12
3401,34,1,399,277,69.42,122,30.58
3402,34,2,309,247,79.94,62,20.06
3403,34,3,352,260,73.86,92,26.14
3404,34,4,273,210,76.92,63,23.08
3405,34,5,310,235,75.81,75,24.19
3406,34,6,400,301,75.25,99,24.75
3407,34,7,369,272,73.71,97,26.29
3408,34,8,295,213,72.2,82,27.8
3409,34,9,239,162,67.78,77,32.22
3410,34,10,300,222,74.0,78,26.0
3411,34,11,309,216,69.9,93,30.1
3412,34,12,374,287,76.74,87,23.26
3413,34,13,365,268,73.42,97,26.58
3414,34,14,276,200,72.46,76,27.54
3415,34,15,322,250,77.64,72,22.36
3416,34,16,323,239,73.99,84,26.01
3417,34,17,436,331,75.92,105,24.08
3418,34,18,212,146,68.87,66,31.13
3419,34,19,386,309,80.05,77,19.95
3420,34,20,404,319,78.96,85,21.04
3421,34,21,420,316,75.24,104,24.76
3422,34,22,354,271,76.55,83,23.45
3423,34,23,304,216,71.05,88,28.95
3424,34,24,303,233,76.9,70,23.1
3425,34,25,525,388,73.9,137,26.1
3426,34,26,415,312,75.18,103,24.82
3427,34,27,286,207,72.38,79,27.62
3428,34,28,227,154,67.84,73,32.16
3429,34,29,280,196,70.0,84,30.0
3430,34,30,325,262,80.62,63,19.38
3431,34,31,281,212,75.44,69,24.56
3432,34,32,349,264,75.64,85,24.36
3433,34,33,291,210,72.16,81,27.84
3434,34,34,412,313,75.97,99,24.03
3435,34,35,438,316,72.15,122,27.85
3436,34,36,304,240,78.95,64,21.05
3437,34,37,198,134,67.68,64,32.32
3438,34,38,181,128,70.72,53,29.28
3439,34,39,267,179,67.04,88,32.96
3440,34,40,379,278,73.35,101,26.65
3441,34,41,214,143,66.82,71,33.18
3442,34,42,351,277,78.92,74,21.08
3443,34,43,324,259,79.94,65,20.06
3444,34,44,307,233,75.9,74,24.1
3445,34,45,350,262,74.86,88,25.14
3446,34,46,244,191,78.28,53,21.72
3447,34,47,312,253,81.09,59,18.91
3448,34,48,357,287,80.39,70,19.61
3449,34,49,323,264,81.73,59,18.27
3450,34,50,285,221,77.54,64,22.46
3451,34,51,401,310,77.31,91,22.69
3452,34,52,279,216,77.42,63,22.58
3453,34,53,243,178,73.25,65,26.75
3501,35,1,448,337,75.22,111,24.78
3502,35,2,459,350,76.25,109,23.75
3503,35,3,422,296,70.14,126,29.86
3504,35,4,466,345,74.03,121,25.97
3505,35,5,391,293,74.94,98,25.06
3506,35,6,484,368,76.03,116,23.97
3507,35,7,463,358,77.32,105,22.68
3508,35,8,466,349,74.89,117,25.11
3509,35,9,397,286,72.04,111,27.96
3510,35,10,520,407,78.27,113,21.73
3511,35,11,510,394,77.25,116,22.75
3512,35,12,310,212,68.39,98,31.61
3513,35,13,321,225,70.09,96,29.91
3514,35,14,366,259,70.77,107,29.23
3515,35,15,556,427,76.8,129,23.2
3516,35,16,245,168,68.57,77,31.43
3517,35,17,452,322,71.24,130,28.76
3518,35,18,314,237,75.48,77,24.52
3519,35,19,288,213,73.96,75,26.04
3520,35,20,471,370,78.56,101,21.44
3521,35,21,465,350,75.27,115,24.73
3522,35,22,576,436,75.69,140,24.31
3523,35,23,465,344,73.98,121,26.02
3524,35,24,410,308,75.12,102,24.88
3525,35,25,464,358,77.16,106,22.84
3526,35,26,406,298,73.4,108,26.6
3527,35,27,407,325,79.85,82,20.15
3528,35,28,456,348,76.32,108,23.68
3529,35,29,434,315,72.58,119,27.42
3530,35,30,419,304,72.55,115,27.45
3531,35,31,491,371,75.56,120,24.44
3601,36,1,381,269,70.6,112,29.4
3602,36,2,365,258,70.68,107,29.32
3603,36,3,343,235,68.51,108,31.49
3604,36,4,432,315,72.92,117,27.08
3605,36,5,343,240,69.97,103,30.03
3606,36,6,339,234,69.03,105,30.97
3607,36,7,388,277,71.39,111,28.61
3608,36,8,316,213,67.41,103,32.59
3609,36,9,380,265,69.74,115,30.26
3610,36,10,493,365,74.04,128,25.96
3611,36,11,270,174,64.44,96,35.56
3612,36,12,242,171,70.66,71,29.34
3613,36,13,266,190,71.43,76,28.57
3614,36,14,420,294,70.0,126,30.0
3615,36,15,370,292,78.92,78,21.08
3616,36,16,373,265,71.05,108,28.95
3617,36,17,464,330,71.12,134,28.88
3618,36,18,392,272,69.39,120,30.61
3619,36,19,492,342,69.51,150,30.49
3620,36,20,440,311,70.68,129,29.32
3621,36,21,344,228,66.28,116,33.72
3622,36,22,359,237,66.02,122,33.98
3623,36,23,351,243,69.23,108,30.77
3624,36,24,447,314,70.25,133,29.75
3625,36,25,399,279,69.92,120,30.08
3626,36,26,353,252,71.39,101,28.61
3627,36,27,324,238,73.46,86,26.54
3628,36,28,344,237,68.9,107,31.1
3629,36,29,411,299,72.75,112,27.25
3630,36,30,363,246,67.77,117,32.23
3701,37,1,202,153,75.74,49,24.26
3702,37,2,302,205,67.88,97,32.12
3703,37,3,221,153,69.23,68,30.77
3704,37,4,260,171,65.77,89,34.23
3705,37,5,317,241,76.03,76,23.97
3706,37,6,216,156,72.22,60,27.78
3707,37,7,249,191,76.71,58,23.29
3708,37,8,220,159,72.27,61,27.73
3709,37,9,298,208,69.8,90,30.2
3710,37,10,394,292,74.11,102,25.89
3711,37,11,201,144,71.64,57,28.36
3712,37,12,292,204,69.86,88,30.14
3713,37,13,231,168,72.73,63,27.27
3714,37,14,356,251,70.51,105,29.49
3715,37,15,329,258,78.42,71,21.58
3716,37,16,344,244,70.93,100,29.07
3717,37,17,231,169,73.16,62,26.84
3718,37,18,266,196,73.68,70,26.32
3719,37,19,228,161,70.61,67,29.39
3720,37,20,278,208,74.82,70,25.18
3721,37,21,245,176,71.84,69,28.16
3722,37,22,288,212,73.61,76,26.39
3723,37,23,304,225,74.01,79,25.99
3724,37,24,301,216,71.76,85,28.24
3725,37,25,266,174,65.41,92,34.59
3726,37,26,426,303,71.13,123,28.87
3727,37,27,304,219,72.04,85,27.96
3728,37,28,269,189,70.26,80,29.74
3729,37,29,266,201,75.56,65,24.44
3730,37,30,277,202,72.92,75,27.08
3731,37,31,369,288,78.05,81,21.95
3732,37,32,275,215,78.18,60,21.82
3733,37,33,230,171,74.35,59,25.65
3734,37,34,271,192,70.85,79,29.15
3735,37,35,323,239,73.99,84,26.01
3736,37,36,212,160,75.47,52,24.53
3737,37,37,317,231,72.87,86,27.13
3738,37,38,331,239,72.21,92,27.79
3739,37,39,261,197,75.48,64,24.52
3740,37,40,321,246,76.64,75,23.36
3741,37,41,300,227,75.67,73,24.33
3801,38,1,380,285,75.0,95,25.0
3802,38,2,372,249,66.94,123,33.06
3803,38,3,391,265,67.77,126,32.23
3804,38,4,363,247,68.04,116,31.96
3805,38,5,364,252,69.23,112,30.77
3806,38,6,387,252,65.12,135,34.88
3807,38,7,362,246,67.96,116,32.04
3808,38,8,374,258,68.98,116,31.02
3809,38,9,459,319,69.5,140,30.5
3810,38,10,350,235,67.14,115,32.86
3811,38,11,355,271,76.34,84,23.66
3812,38,12,351,231,65.81,120,34.19
3813,38,13,440,306,69.55,134,30.45
3814,38,14,421,297,70.55,124,29.45
3815,38,15,355,257,72.39,98,27.61
3816,38,16,384,254,66.15,130,33.85
3817,38,17,456,302,66.23,154,33.77
3818,38,18,401,293,73.07,108,26.93
3819,38,19,422,320,75.83,102,24.17
3820,38,20,395,271,68.61,124,31.39
3821,38,21,392,283,72.19,109,27.81
3822,38,22,360,265,73.61,95,26.39
3823,38,23,407,286,70.27,121,29.73
3824,38,24,374,259,69.25,115,30.75
3825,38,25,367,251,68.39,116,31.61
3826,38,26,400,291,72.75,109,27.25
3827,38,27,377,256,67.9,121,32.1
3828,38,28,479,305,63.67,174,36.33
3829,38,29,402,280,69.65,122,30.35
3830,38,30,389,265,68.12,124,31.88
3831,38,31,409,313,76.53,96,23.47
3832,38,32,368,265,72.01,103,27.99
3833,38,33,325,237,72.92,88,27.08
3834,38,34,358,256,71.51,102,28.49
3835,38,35,370,274,74.05,96,25.95
3836,38,36,367,272,74.11,95,25.89
3837,38,37,383,255,66.58,128,33.42
3838,38,38,380,269,70.79,111,29.21
3839,38,39,422,304,72.04,118,27.96
3840,38,40,401,280,69.83,121,30.17
3841,38,41,352,268,76.14,84,23.86
3901,39,1,379,274,72.3,105,27.7
3902,39,2,242,208,85.95,34,14.05
3903,39,3,460,358,77.83,102,22.17
3904,39,4,385,272,70.65,113,29.35
3905,39,5,419,314,74.94,105,25.06
3906,39,6,434,307,70.74,127,29.26
3907,39,7,363,282,77.69,81,22.31
3908,39,8,417,326,78.18,91,21.82
3909,39,9,364,282,77.47,82,22.53
3910,39,10,197,169,85.79,28,14.21
3911,39,11,387,277,71.58,110,28.42
3912,39,12,551,392,71.14,159,28.86
3913,39,13,332,249,75.0,83,25.0
3914,39,14,416,291,69.95,125,30.05
3915,39,15,453,339,74.83,114,25.17
3916,39,16,367,277,75.48,90,24.52
3917,39,17,413,319,77.24,94,22.76
3918,39,18,403,324,80.4,79,19.6
3919,39,19,392,297,75.77,95,24.23
3920,39,20,510,355,69.61,155,30.39
3921,39,21,402,262,65.17,140,34.83
3922,39,22,406,304,74.88,102,25.12
3923,39,23,416,305,73.32,111,26.68
3924,39,24,505,353,69.9,152,30.1
3925,39,25,346,266,76.88,80,23.12
3926,39,26,364,264,72.53,100,27.47
3927,39,27,57,45,78.95,12,21.05
3928,39,28,509,387,76.03,122,23.97
3929,39,29,213,161,75.59,52,24.41
3930,39,30,507,417,82.25,90,17.75
3931,39,31,360,268,74.44,92,25.56
3932,39,32,302,216,71.52,86,28.48
3933,39,33,410,329,80.24,81,19.76
3934,39,34,485,343,70.72,142,29.28
3935,39,35,402,315,78.36,87,21.64
3936,39,36,100,84,84.0,16,16.0
3937,39,37,364,285,78.3,79,21.7
3938,39,38,205,160,78.05,45,21.95
3939,39,39,248,194,78.23,54,21.77
3940,39,40,404,292,72.28,112,27.72
3941,39,41,410,310,75.61,100,24.39
3942,39,42,418,327,78.23,91,21.77
3943,39,43,415,288,69.4,127,30.6
3944,39,44,320,242,75.63,78,24.38
3945,39,45,346,251,72.54,95,27.46
4001,40,1,408,322,78.92,86,21.08
4002,40,2,479,370,77.24,109,22.76
4003,40,3,586,459,78.33,127,21.67
4004,40,4,282,218,77.3,64,22.7
4005,40,5,531,426,80.23,105,19.77
4006,40,6,552,441,79.89,111,20.11
4007,40,7,450,378,84.0,72,16.0
4008,40,8,624,508,81.41,116,18.59
4009,40,9,366,279,76.23,87,23.77
4010,40,10,516,388,75.19,128,24.81
4011,40,11,489,392,80.16,97,19.84
4012,40,12,397,321,80.86,76,19.14
4013,40,13,696,562,80.75,134,19.25
4014,40,14,420,319,75.95,101,24.05
4015,40,15,446,334,74.89,112,25.11
4016,40,16,629,509,80.92,120,19.08
4017,40,17,390,307,78.72,83,21.28
4018,40,18,372,282,75.81,90,24.19
4019,40,19,576,419,72.74,157,27.26
4020,40,20,492,375,76.22,117,23.78
4021,40,21,543,455,83.79,88,16.21
4022,40,22,584,484,82.88,100,17.12
4023,40,23,575,478,83.13,97,16.87
4024,40,24,430,335,77.91,95,22.09
4025,40,25,560,426,76.07,134,23.93
4026,40,26,494,390,78.95,104,21.05
4027,40,27,575,452,78.61,123,21.39
4028,40,28,515,399,77.48,116,22.52
4029,40,29,485,370,76.29,115,23.71
4030,40,30,377,292,77.45,85,22.55
4031,40,31,531,434,81.73,97,18.27
4032,40,32,522,439,84.1,83,15.9
4033,40,33,462,380,82.25,82,17.75
4034,40,34,400,317,79.25,83,20.75
4035,40,35,320,250,78.13,70,21.88
4036,40,36,407,329,80.84,78,19.16
4037,40,37,496,400,80.65,96,19.35
4038,40,38,593,487,82.12,106,17.88
4039,40,39,188,142,75.53,46,24.47
4101,41,1,415,248,59.76,167,40.24
4102,41,2,459,300,65.36,159,34.64
4103,41,3,417,291,69.78,126,30.22
4104,41,4,404,289,71.53,115,28.47
4105,41,5,488,342,70.08,146,29.92
4106,41,6,480,356,74.17,124,25.83
4107,41,7,430,293,68.14,137,31.86
4108,41,8,423,267,63.12,156,36.88
4109,41,9,369,256,69.38,113,30.62
4110,41,10,426,301,70.66,125,29.34
4111,41,11,456,274,60.09,182,39.91
4112,41,12,453,314,69.32,139,30.68
4113,41,13,468,314,67.09,154,32.91
4114,41,14,439,316,71.98,123,28.02
4115,41,15,513,371,72.32,142,27.68
4116,41,16,402,264,65.67,138,34.33
4117,41,17,373,254,68.1,119,31.9
4118,41,18,374,247,66.04,127,33.96
4119,41,19,435,340,78.16,95,21.84
4120,41,20,312,213,68.27,99,31.73
4121,41,21,448,303,67.63,145,32.37
4122,41,22,482,313,64.94,169,35.06
4123,41,23,402,268,66.67,134,33.33
4124,41,24,405,275,67.9,130,32.1
4125,41,25,375,243,64.8,132,35.2
4126,41,26,390,264,67.69,126,32.31
4127,41,27,368,233,63.32,135,36.68
4128,41,28,408,285,69.85,123,30.15
4129,41,29,335,225,67.16,110,32.84
4130,41,30,365,250,68.49,115,31.51
4131,41,31,370,269,72.7,101,27.3
4132,41,32,372,256,68.82,116,31.18
4133,41,33,402,273,67.91,129,32.09
4134,41,34,384,256,66.67,128,33.33
4135,41,35,480,319,66.46,161,33.54
4136,41,36,425,275,64.71,150,35.29
4137,41,37,472,351,74.36,121,25.64
4138,41,38,405,271,66.91,134,33.09
4139,41,39,422,271,64.22,151,35.78
4140,41,40,460,276,60.0,184,40.0
4141,41,41,442,311,70.36,131,29.64
4142,41,42,425,284,66.82,141,33.18
4143,41,43,397,269,67.76,128,32.24
4144,41,44,428,272,63.55,156,36.45
4145,41,45,428,287,67.06,141,32.94
4146,41,46,416,272,65.38,144,34.62
4147,41,47,417,294,70.5,123,29.5
4201,42,1,389,327,84.06,62,15.94
4202,42,2,587,491,83.65,96,16.35
4203,42,3,504,411,81.55,93,18.45
4204,42,4,1099,913,83.08,186,16.92
4205,42,5,386,325,84.2,61,15.8
4206,42,6,445,362,81.35,83,18.65
4207,42,7,560,466,83.21,94,16.79
4208,42,8,371,282,76.01,89,23.99
4209,42,9,659,531,80.58,128,19.42
4210,42,10,690,547,79.28,143,20.72
4211,42,11,311,260,83.6,51,16.4
4212,42,12,378,324,85.71,54,14.29
4213,42,13,378,307,81.22,71,18.78
4214,42,14,661,546,82.6,115,17.4
4215,42,15,643,522,81.18,121,18.82
4216,42,16,491,386,78.62,105,21.38
4217,42,17,771,626,81.19,145,18.81
4218,42,18,645,528,81.86,117,18.14
4219,42,19,589,486,82.51,103,17.49
4220,42,20,581,450,77.45,131,22.55
4221,42,21,617,532,86.22,85,13.78
4222,42,22,273,230,84.25,43,15.75
4223,42,23,491,399,81.26,92,18.74
4224,42,24,420,349,83.1,71,16.9
4225,42,25,553,431,77.94,122,22.06
4226,42,26,771,641,83.14,130,16.86
4227,42,27,336,248,73.81,88,26.19
4228,42,28,524,419,79.96,105,20.04
4229,42,29,582,458,78.69,124,21.31
4230,42,30,366,306,83.61,60,16.39
4231,42,31,562,459,81.67,103,18.33
4232,42,32,588,459,78.06,129,21.94
4233,42,33,562,451,80.25,111,19.75
4234,42,34,374,307,82.09,67,17.91
4235,42,35,597,473,79.23,124,20.77
4236,42,36,888,685,77.14,203,22.86
4237,42,37,371,293,78.98,78,21.02
4238,42,38,483,395,81.78,88,18.22
4239,42,39,864,722,83.56,142,16.44
4240,42,40,722,588,81.44,134,18.56
4241,42,41,519,413,79.58,106,20.42
4242,42,42,871,735,84.39,136,15.61
4301,43,1,244,199,81.56,45,18.44
4302,43,2,517,437,84.53,80,15.47
4303,43,3,453,387,85.43,66,14.57
4304,43,4,557,467,83.84,90,16.16
4305,43,5,442,376,85.07,66,14.93
4306,43,6,377,321,85.15,56,14.85
4307,43,7,281,240,85.41,41,14.59
4308,43,8,363,312,85.95,51,14.05
4309,43,9,465,387,83.23,78,16.77
4310,43,10,570,483,84.74,87,15.26
4311,43,11,451,387,85.81,64,14.19
4312,43,12,312,257,82.37,55,17.63
4313,43,13,484,394,81.4,90,18.6
4314,43,14,479,395,82.46,84,17.54
4315,43,15,460,383,83.26,77,16.74
4316,43,16,649,538,82.9,111,17.1
4317,43,17,387,335,86.56,52,13.44
4318,43,18,525,450,85.71,75,14.29
4319,43,19,468,402,85.9,66,14.1
4320,43,20,572,484,84.62,88,15.38
4321,43,21,547,456,83.36,91,16.64
4322,43,22,333,281,84.38,52,15.62
4323,43,23,340,290,85.29,50,14.71
4324,43,24,347,291,83.86,56,16.14
4325,43,25,402,329,81.84,73,18.16
4326,43,26,290,254,87.59,36,12.41
4327,43,27,443,385,86.91,58,13.09
4328,43,28,569,493,86.64,76,13.36
4329,43,29,665,560,84.21,105,15.79
4330,43,30,507,436,86.0,71,14.0
4331,43,31,441,354,80.27,87,19.73
4332,43,32,486,424,87.24,62,12.76
4333,43,33,435,375,86.21,60,13.79
4334,43,34,314,274,87.26,40,12.74
4335,43,35,491,418,85.13,73,14.87
4336,43,36,317,262,82.65,55,17.35
4337,43,37,561,456,81.28,105,18.72
4338,43,38,321,268,83.49,53,16.51
4339,43,39,355,273,76.9,82,23.1
4340,43,40,360,295,81.94,65,18.06
4341,43,41,576,489,84.9,87,15.1
4342,43,42,451,373,82.71,78,17.29
4343,43,43,448,394,87.95,54,12.05
4344,43,44,442,370,83.71,72,16.29
4345,43,45,290,248,85.52,42,14.48
4346,43,46,285,229,80.35,56,19.65
4401,44,1,794,646,81.36,148,18.64
4402,44,2,516,428,82.95,88,17.05
4403,44,3,272,237,87.13,35,12.87
4404,44,4,394,343,87.06,51,12.94
4405,44,5,521,449,86.18,72,13.82
4406,44,6,646,543,84.06,103,15.94
4407,44,7,305,252,82.62,53,17.38
4408,44,8,708,581,82.06,127,17.94
4409,44,9,548,458,83.58,90,16.42
4410,44,10,560,458,81.79,102,18.21
4411,44,11,612,490,80.07,122,19.93
4412,44,12,544,468,86.03,76,13.97
4413,44,13,466,400,85.84,66,14.16
4414,44,14,521,427,81.96,94,18.04
4415,44,15,483,408,84.47,75,15.53
4416,44,16,621,484,77.94,137,22.06
4417,44,17,701,580,82.74,121,17.26
4418,44,18,569,477,83.83,92,16.17
4419,44,19,614,508,82.74,106,17.26
4420,44,20,668,542,81.14,126,18.86
4421,44,21,617,526,85.25,91,14.75
4422,44,22,497,411,82.7,86,17.3
4423,44,23,513,443,86.35,70,13.65
4424,44,24,346,310,89.6,36,10.4
4425,44,25,540,461,85.37,79,14.63
4426,44,26,707,576,81.47,131,18.53
4427,44,27,608,518,85.2,90,14.8
4428,44,28,579,479,82.73,100,17.27
4429,44,29,619,524,84.65,95,15.35
4430,44,30,642,538,83.8,104,16.2
4431,44,31,487,398,81.72,89,18.28
4432,44,32,610,489,80.16,121,19.84
4433,44,33,601,505,84.03,96,15.97
4434,44,34,550,473,86.0,77,14.0
4435,44,35,542,453,83.58,89,16.42
4436,44,36,619,531,85.78,88,14.22
4437,44,37,599,483,80.63,116,19.37
4438,44,38,638,529,82.92,109,17.08
4439,44,39,584,499,85.45,85,14.55
4440,44,40,504,413,81.94,91,18.06
4441,44,41,695,563,81.01,132,18.99
4501,45,1,362,279,77.07,83,22.93
4502,45,2,437,351,80.32,86,19.68
4503,45,3,390,312,80.0,78,20.0
4504,45,4,511,383,74.95,128,25.05
4505,45,5,441,360,81.63,81,18.37
4506,45,6,581,442,76.08,139,23.92
4507,45,7,609,507,83.25,102,16.75
4508,45,8,446,341,76.46,105,23.54
4509,45,9,432,308,71.3,124,28.7
4510,45,10,413,293,70.94,120,29.06
4511,45,11,340,247,72.65,93,27.35
4512,45,12,380,276,72.63,104,27.37
4513,45,13,350,273,78.0,77,22.0
4514,45,14,607,458,75.45,149,24.55
4515,45,15,515,396,76.89,119,23.11
4516,45,16,348,255,73.28,93,26.72
4517,45,17,454,328,72.25,126,27.75
4518,45,18,455,332,72.97,123,27.03
4519,45,19,233,173,74.25,60,25.75
4520,45,20,294,211,71.77,83,28.23
4521,45,21,363,253,69.7,110,30.3
4522,45,22,382,277,72.51,105,27.49
4523,45,23,397,276,69.52,121,30.48
4524,45,24,331,222,67.07,109,32.93
4525,45,25,276,187,67.75,89,32.25
4526,45,26,240,181,75.42,59,24.58
4527,45,27,406,284,69.95,122,30.05
4528,45,28,338,240,71.01,98,28.99
4529,45,29,265,201,75.85,64,24.15
4530,45,30,415,295,71.08,120,28.92
4531,45,31,334,243,72.75,91,27.25
4532,45,32,393,291,74.05,102,25.95
4533,45,33,296,223,75.34,73,24.66
4534,45,34,438,319,72.83,119,27.17
4535,45,35,468,346,73.93,122,26.07
4536,45,36,434,319,73.5,115,26.5
4537,45,37,402,269,66.92,133,33.08
4538,45,38,402,282,70.15,120,29.85
4539,45,39,415,303,73.01,112,26.99
4540,45,40,389,251,64.52,138,35.48
4541,45,41,370,261,70.54,109,29.46
4542,45,42,398,284,71.36,114,28.64
4543,45,43,434,309,71.2,125,28.8
4544,45,44,380,269,70.79,111,29.21
4545,45,45,270,178,65.93,92,34.07
4546,45,46,333,219,65.77,114,34.23
4547,45,47,301,207,68.77,94,31.23
4548,45,48,316,207,65.51,109,34.49
4601,46,1,386,303,78.5,83,21.5
4602,46,2,505,411,81.39,94,18.61
4603,46,3,578,493,85.29,85,14.71
4604,46,4,488,397,81.35,91,18.65
4605,46,5,671,533,79.43,138,20.57
4606,46,6,421,333,79.1,88,20.9
4607,46,7,480,400,83.33,80,16.67
4608,46,8,335,264,78.81,71,21.19
4609,46,9,573,453,79.06,120,20.94
4610,46,10,871,734,84.27,137,15.73
4611,46,11,476,367,77.1,109,22.9
4612,46,12,544,430,79.04,114,20.96
4613,46,13,528,444,84.09,84,15.91
4614,46,14,511,397,77.69,114,22.31
4615,46,15,509,428,84.09,81,15.91
4616,46,16,577,452,78.34,125,21.66
4617,46,17,538,443,82.34,95,17.66
4618,46,18,570,448,78.6,122,21.4
4619,46,19,330,270,81.82,60,18.18
4620,46,20,431,350,81.21,81,18.79
4621,46,21,385,287,74.55,98,25.45
4622,46,22,362,285,78.73,77,21.27
4623,46,23,470,371,78.94,99,21.06
4624,46,24,643,538,83.67,105,16.33
4625,46,25,497,388,78.07,109,21.93
4626,46,26,708,570,80.51,138,19.49
4627,46,27,668,524,78.44,144,21.56
4628,46,28,458,386,84.28,72,15.72
4629,46,29,400,331,82.75,69,17.25
4630,46,30,523,422,80.69,101,19.31
4631,46,31,520,446,85.77,74,14.23
4632,46,32,479,350,73.07,129,26.93
4633,46,33,511,422,82.58,89,17.42
4634,46,34,661,530,80.18,131,19.82
4635,46,35,576,473,82.12,103,17.88
4636,46,36,478,403,84.31,75,15.69
4637,46,37,405,327,80.74,78,19.26
4638,46,38,584,471,80.65,113,19.35
4639,46,39,452,352,77.88,100,22.12
4640,46,40,426,358,84.04,68,15.96
4701,47,1,368,296,80.43,72,19.57
4702,47,2,510,446,87.45,64,12.55
4703,47,3,488,419,85.86,69,14.14
4704,47,4,627,529,84.37,98,15.63
4705,47,5,569,455,79.96,114,20.04
4706,47,6,637,535,83.99,102,16.01
4707,47,7,495,385,77.78,110,22.22
4708,47,8,533,438,82.18,95,17.82
4709,47,9,496,405,81.65,91,18.35
4710,47,10,632,526,83.23,106,16.77
4711,47,11,533,434,81.43,99,18.57
4712,47,12,568,458,80.63,110,19.37
4713,47,13,517,419,81.04,98,18.96
4714,47,14,480,420,87.5,60,12.5
4715,47,15,661,528,79.88,133,20.12
4716,47,16,533,443,83.11,90,16.89
4717,47,17,522,401,76.82,121,23.18
4718,47,18,506,398,78.66,108,21.34
4719,47,19,820,669,81.59,151,18.41
4720,47,20,563,473,84.01,90,15.99
4721,47,21,509,400,78.59,109,21.41
4722,47,22,581,472,81.24,109,18.76
4723,47,23,593,499,84.15,94,15.85
4724,47,24,548,455,83.03,93,16.97
4725,47,25,644,528,81.99,116,18.01
4726,47,26,726,611,84.16,115,15.84
4727,47,27,459,380,82.79,79,17.21
4728,47,28,495,416,84.04,79,15.96
4729,47,29,627,538,85.81,89,14.19
4730,47,30,663,545,82.2,118,17.8
4731,47,31,580,470,81.03,110,18.97
4732,47,32,645,535,82.95,110,17.05
4733,47,33,506,424,83.79,82,16.21
4734,47,34,557,474,85.1,83,14.9
4735,47,35,527,429,81.4,98,18.6
4736,47,36,615,500,81.3,115,18.7
4737,47,37,490,415,84.69,75,15.31
4738,47,38,533,441,82.74,92,17.26
4739,47,39,521,425,81.57,96,18.43
4740,47,40,497,417,83.9,80,16.1
4741,47,41,584,469,80.31,115,19.69
4742,47,42,513,414,80.7,99,19.3
4743,47,43,475,405,85.26,70,14.74
4744,47,44,449,370,82.41,79,17.59
4745,47,45,506,408,80.63,98,19.37
4746,47,46,549,449,81.79,100,18.21
4747,47,47,653,548,83.92,105,16.08
4748,47,48,34,25,73.53,9,26.47
4801,48,1,504,401,79.56,103,20.44
4802,48,2,209,179,85.65,30,14.35
4803,48,3,568,443,77.99,125,22.01
4804,48,4,442,358,81.0,84,19.0
4805,48,5,246,213,86.59,33,13.41
4806,48,6,579,467,80.66,112,19.34
4807,48,7,531,451,84.93,80,15.07
4808,48,8,245,207,84.49,38,15.51
4809,48,9,313,252,80.51,61,19.49
4810,48,10,699,579,82.83,120,17.17
4811,48,11,401,340,84.79,61,15.21
4812,48,12,582,466,80.07,116,19.93
4813,48,13,601,487,81.03,114,18.97
4814,48,14,200,159,79.5,41,20.5
4815,48,15,315,254,80.63,61,19.37
4816,48,16,550,420,76.36,130,23.64
4817,48,17,416,349,83.89,67,16.11
4818,48,18,326,246,75.46,80,24.54
4819,48,19,348,281,80.75,67,19.25
4820,48,20,535,412,77.01,123,22.99
4821,48,21,625,468,74.88,157,25.12
4822,48,22,359,293,81.62,66,18.38
4823,48,23,423,359,84.87,64,15.13
4824,48,24,569,397,69.77,172,30.23
4825,48,25,425,363,85.41,62,14.59
4826,48,26,239,189,79.08,50,20.92
4827,48,27,484,386,79.75,98,20.25
4828,48,28,508,390,76.77,118,23.23
4829,48,29,178,161,90.45,17,9.55
4830,48,30,421,328,77.91,93,22.09
4831,48,31,715,534,74.69,181,25.31
4832,48,32,534,427,79.96,107,20.04
4833,48,33,250,222,88.8,28,11.2
4834,48,34,416,352,84.62,64,15.38
4835,48,35,285,232,81.4,53,18.6
4836,48,36,271,237,87.45,34,12.55
4837,48,37,507,404,79.68,103,20.32
4838,48,38,498,435,87.35,63,12.65
4839,48,39,360,298,82.78,62,17.22
4840,48,40,446,373,83.63,73,16.37
4841,48,41,645,491,76.12,154,23.88
4842,48,42,580,465,80.17,115,19.83
4843,48,43,582,462,79.38,120,20.62
4844,48,44,636,532,83.65,104,16.35
4845,48,45,375,310,82.67,65,17.33
4846,48,46,281,228,81.14,53,18.86
4901,49,1,330,234,70.91,96,29.09
4902,49,2,305,247,80.98,58,19.02
4903,49,3,625,480,76.8,145,23.2
4904,49,4,676,515,76.18,161,23.82
4905,49,5,494,400,80.97,94,19.03
4906,49,6,428,335,78.27,93,21.73
4907,49,7,399,315,78.95,84,21.05
4908,49,8,449,366,81.51,83,18.49
4909,49,9,506,401,79.25,105,20.75
4910,49,10,583,453,77.7,130,22.3
4911,49,11,655,526,80.31,129,19.69
4912,49,12,621,507,81.64,114,18.36
4913,49,13,569,434,76.27,135,23.73
4914,49,14,381,299,78.48,82,21.52
4915,49,15,376,293,77.93,83,22.07
4916,49,16,453,355,78.37,98,21.63
4917,49,17,385,301,78.18,84,21.82
4918,49,18,643,520,80.87,123,19.13
4919,49,19,470,353,75.11,117,24.89
4920,49,20,746,599,80.29,147,19.71
4921,49,21,322,257,79.81,65,20.19
4922,49,22,520,404,77.69,116,22.31
4923,49,23,665,503,75.64,162,24.36
4924,49,24,395,316,80.0,79,20.0
4925,49,25,642,497,77.41,145,22.59
4926,49,26,561,440,78.43,121,21.57
4927,49,27,586,454,77.47,132,22.53
4928,49,28,722,552,76.45,170,23.55
4929,49,29,585,466,79.66,119,20.34
4930,49,30,527,417,79.13,110,20.87
4931,49,31,345,272,78.84,73,21.16
4932,49,32,491,352,71.69,139,28.31
4933,49,33,390,315,80.77,75,19.23
5001,50,1,312,243,77.88,69,22.12
5002,50,2,217,165,76.04,52,23.96
5003,50,3,284,226,79.58,58,20.42
5004,50,4,395,317,80.25,78,19.75
5005,50,5,198,158,79.8,40,20.2
5006,50,6,391,304,77.75,87,22.25
5007,50,7,477,392,82.18,85,17.82
5008,50,8,365,275,75.34,90,24.66
5009,50,9,303,230,75.91,73,24.09
5010,50,10,364,265,72.8,99,27.2
5011,50,11,174,123,70.69,51,29.31
5012,50,12,147,113,76.87,34,23.13
5013,50,13,454,353,77.75,101,22.25
5014,50,14,105,77,73.33,28,26.67
5015,50,15,470,378,80.43,92,19.57
5016,50,16,91,70,76.92,21,23.08
5017,50,17,367,291,79.29,76,20.71
5018,50,18,44,30,68.18,14,31.82
5019,50,19,319,245,76.8,74,23.2
5020,50,20,416,319,76.68,97,23.32
5021,50,21,338,269,79.59,69,20.41
5022,50,22,321,251,78.19,70,21.81
5023,50,23,243,165,67.9,78,32.1
5024,50,24,201,138,68.66,63,31.34
5025,50,25,283,203,71.73,80,28.27
5026,50,26,396,282,71.21,114,28.79
5027,50,27,97,66,68.04,31,31.96
5028,50,28,408,322,78.92,86,21.08
5029,50,29,390,303,77.69,87,22.31
5030,50,30,317,252,79.5,65,20.5
5031,50,31,537,404,75.23,133,24.77
5032,50,32,422,344,81.52,78,18.48
5033,50,33,215,168,78.14,47,21.86
5034,50,34,437,334,76.43,103,23.57
5035,50,35,524,420,80.15,104,19.85
5036,50,36,375,296,78.93,79,21.07
5037,50,37,390,306,78.46,84,21.54
5038,50,38,113,89,78.76,24,21.24
5039,50,39,217,167,76.96,50,23.04
5040,50,40,235,165,70.21,70,29.79
