id,ward,precinct,total,Yes,Yes Percent,No,No Percent
0101,1,1,497,390,78.47,107,21.53
0102,1,2,458,361,78.82,97,21.18
0103,1,3,588,503,85.54,85,14.46
0104,1,4,570,490,85.96,80,14.04
0105,1,5,506,443,87.55,63,12.45
0106,1,6,427,354,82.9,73,17.1
0107,1,7,367,315,85.83,52,14.17
0108,1,8,416,348,83.65,68,16.35
0109,1,9,353,279,79.04,74,20.96
0110,1,10,612,518,84.64,94,15.36
0111,1,11,566,495,87.46,71,12.54
0112,1,12,597,493,82.58,104,17.42
0113,1,13,246,209,84.96,37,15.04
0114,1,14,449,366,81.51,83,18.49
0115,1,15,464,378,81.47,86,18.53
0116,1,16,551,451,81.85,100,18.15
0117,1,17,421,343,81.47,78,18.53
0118,1,18,493,403,81.74,90,18.26
0119,1,19,587,483,82.28,104,17.72
0120,1,20,399,339,84.96,60,15.04
0121,1,21,669,579,86.55,90,13.45
0122,1,22,328,260,79.27,68,20.73
0123,1,23,655,552,84.27,103,15.73
0124,1,24,445,354,79.55,91,20.45
0125,1,25,488,408,83.61,80,16.39
0126,1,26,334,242,72.46,92,27.54
0127,1,27,557,473,84.92,84,15.08
0128,1,28,162,119,73.46,43,26.54
0129,1,29,620,538,86.77,82,13.23
0130,1,30,563,455,80.82,108,19.18
0131,1,31,445,361,81.12,84,18.88
0132,1,32,474,384,81.01,90,18.99
0133,1,33,527,440,83.49,87,16.51
0134,1,34,408,347,85.05,61,14.95
0135,1,35,612,484,79.08,128,20.92
0136,1,36,574,491,85.54,83,14.46
0137,1,37,491,407,82.89,84,17.11
0138,1,38,476,388,81.51,88,18.49
0139,1,39,417,347,83.21,70,16.79
0140,1,40,430,350,81.4,80,18.6
0141,1,41,278,236,84.89,42,15.11
0142,1,42,175,137,78.29,38,21.71
0143,1,43,318,270,84.91,48,15.09
0144,1,44,463,387,83.59,76,16.41
0201,2,1,550,449,81.64,101,18.36
0202,2,2,331,280,84.59,51,15.41
0203,2,3,560,471,84.11,89,15.89
0204,2,4,479,414,86.43,65,13.57
0205,2,5,611,506,82.82,105,17.18
0206,2,6,524,428,81.68,96,18.32
0207,2,7,434,371,85.48,63,14.52
0208,2,8,620,511,82.42,109,17.58
0209,2,9,454,385,84.8,69,15.2
0210,2,10,329,266,80.85,63,19.15
0211,2,11,451,375,83.15,76,16.85
0212,2,12,381,329,86.35,52,13.65
0213,2,13,375,315,84.0,60,16.0
0214,2,14,490,418,85.31,72,14.69
0215,2,15,419,363,86.63,56,13.37
0216,2,16,482,413,85.68,69,14.32
0217,2,17,566,472,83.39,94,16.61
0218,2,18,410,345,84.15,65,15.85
0219,2,19,290,232,80.0,58,20.0
0220,2,20,570,490,85.96,80,14.04
0221,2,21,507,432,85.21,75,14.79
0222,2,22,453,393,86.75,60,13.25
0223,2,23,283,247,87.28,36,12.72
0224,2,24,406,349,85.96,57,14.04
0225,2,25,528,452,85.61,76,14.39
0226,2,26,375,303,80.8,72,19.2
0227,2,27,395,318,80.51,77,19.49
0228,2,28,516,443,85.85,73,14.15
0229,2,29,491,410,83.5,81,16.5
0230,2,30,400,339,84.75,61,15.25
0231,2,31,509,432,84.87,77,15.13
0232,2,32,410,344,83.9,66,16.1
0233,2,33,620,534,86.13,86,13.87
0234,2,34,319,272,85.27,47,14.73
0235,2,35,599,511,85.31,88,14.69
0236,2,36,470,401,85.32,69,14.68
0237,2,37,402,329,81.84,73,18.16
0238,2,38,398,324,81.41,74,18.59
0239,2,39,319,248,77.74,71,22.26
0240,2,40,639,534,83.57,105,16.43
0241,2,41,543,436,80.29,107,19.71
0242,2,42,514,437,85.02,77,14.98
0243,2,43,606,514,84.82,92,15.18
0244,2,44,288,244,84.72,44,15.28
0245,2,45,534,450,84.27,84,15.73
0246,2,46,246,196,79.67,50,20.33
0301,3,1,621,490,78.9,131,21.1
0302,3,2,457,381,83.37,76,16.63
0303,3,3,371,285,76.82,86,23.18
0304,3,4,534,435,81.46,99,18.54
0305,3,5,264,205,77.65,59,22.35
0306,3,6,642,519,80.84,123,19.16
0307,3,7,260,212,81.54,48,18.46
0308,3,8,354,259,73.16,95,26.84
0309,3,9,532,417,78.38,115,21.62
0310,3,10,203,152,74.88,51,25.12
0311,3,11,532,423,79.51,109,20.49
0312,3,12,415,331,79.76,84,20.24
0313,3,13,531,436,82.11,95,17.89
0314,3,14,532,448,84.21,84,15.79
0315,3,15,433,317,73.21,116,26.79
0316,3,16,384,301,78.39,83,21.61
0317,3,17,673,547,81.28,126,18.72
0318,3,18,606,462,76.24,144,23.76
0319,3,19,566,475,83.92,91,16.08
0320,3,20,494,382,77.33,112,22.67
0321,3,21,483,420,86.96,63,13.04
0322,3,22,660,528,80.0,132,20.0
0323,3,23,369,286,77.51,83,22.49
0324,3,24,407,321,78.87,86,21.13
0325,3,25,783,649,82.89,134,17.11
0326,3,26,506,430,84.98,76,15.02
0327,3,27,596,483,81.04,113,18.96
0328,3,28,212,156,73.58,56,26.42
0329,3,29,478,331,69.25,147,30.75
0330,3,30,404,315,77.97,89,22.03
0331,3,31,536,404,75.37,132,24.63
0332,3,32,745,629,84.43,116,15.57
0333,3,33,587,500,85.18,87,14.82
0334,3,34,688,564,81.98,124,18.02
0335,3,35,255,210,82.35,45,17.65
0336,3,36,222,160,72.07,62,27.93
0337,3,37,446,336,75.34,110,24.66
0338,3,38,326,282,86.5,44,13.5
0339,3,39,930,780,83.87,150,16.13
0340,3,40,490,378,77.14,112,22.86
0341,3,41,315,260,82.54,55,17.46
0401,4,1,694,588,84.73,106,15.27
0402,4,2,636,532,83.65,104,16.35
0403,4,3,388,308,79.38,80,20.62
0404,4,4,635,487,76.69,148,23.31
0405,4,5,506,411,81.23,95,18.77
0406,4,6,520,434,83.46,86,16.54
0407,4,7,635,529,83.31,106,16.69
0408,4,8,531,426,80.23,105,19.77
0409,4,9,532,475,89.29,57,10.71
0410,4,10,628,515,82.01,113,17.99
0411,4,11,484,383,79.13,101,20.87
0412,4,12,655,514,78.47,141,21.53
0413,4,13,629,539,85.69,90,14.31
0414,4,14,487,401,82.34,86,17.66
0415,4,15,560,459,81.96,101,18.04
0416,4,16,852,715,83.92,137,16.08
0417,4,17,557,476,85.46,81,14.54
0418,4,18,457,362,79.21,95,20.79
0419,4,19,312,210,67.31,102,32.69
0420,4,20,367,316,86.1,51,13.9
0421,4,21,543,429,79.01,114,20.99
0422,4,22,441,376,85.26,65,14.74
0423,4,23,591,502,84.94,89,15.06
0424,4,24,453,370,81.68,83,18.32
0425,4,25,602,483,80.23,119,19.77
0426,4,26,432,336,77.78,96,22.22
0427,4,27,639,538,84.19,101,15.81
0428,4,28,435,341,78.39,94,21.61
0429,4,29,469,382,81.45,87,18.55
0430,4,30,674,524,77.74,150,22.26
0431,4,31,424,368,86.79,56,13.21
0432,4,32,548,446,81.39,102,18.61
0433,4,33,461,386,83.73,75,16.27
0434,4,34,424,339,79.95,85,20.05
0435,4,35,578,474,82.01,104,17.99
0436,4,36,593,492,82.97,101,17.03
0437,4,37,921,806,87.51,115,12.49
0438,4,38,540,453,83.89,87,16.11
0501,5,1,432,321,74.31,111,25.69
0502,5,2,344,260,75.58,84,24.42
0503,5,3,443,387,87.36,56,12.64
0504,5,4,591,495,83.76,96,16.24
0505,5,5,397,309,77.83,88,22.17
0506,5,6,345,264,76.52,81,23.48
0507,5,7,423,324,76.6,99,23.4
0508,5,8,422,382,90.52,40,9.48
0509,5,9,517,444,85.88,73,14.12
0510,5,10,375,280,74.67,95,25.33
0511,5,11,441,373,84.58,68,15.42
0512,5,12,288,222,77.08,66,22.92
0513,5,13,404,313,77.48,91,22.52
0514,5,14,365,308,84.38,57,15.62
0515,5,15,419,349,83.29,70,16.71
0516,5,16,439,327,74.49,112,25.51
0517,5,17,361,275,76.18,86,23.82
0518,5,18,414,346,83.57,68,16.43
0519,5,19,408,358,87.75,50,12.25
0520,5,20,482,421,87.34,61,12.66
0521,5,21,438,384,87.67,54,12.33
0522,5,22,516,436,84.5,80,15.5
0523,5,23,778,672,86.38,106,13.62
0524,5,24,563,471,83.66,92,16.34
0525,5,25,396,339,85.61,57,14.39
0526,5,26,451,351,77.83,100,22.17
0527,5,27,391,351,89.77,40,10.23
0528,5,28,455,367,80.66,88,19.34
0529,5,29,468,359,76.71,109,23.29
0530,5,30,286,200,69.93,86,30.07
0531,5,31,339,274,80.83,65,19.17
0532,5,32,497,419,84.31,78,15.69
0533,5,33,413,313,75.79,100,24.21
0534,5,34,429,386,89.98,43,10.02
0535,5,35,540,459,85.0,81,15.0
0536,5,36,253,201,79.45,52,20.55
0537,5,37,460,413,89.78,47,10.22
0538,5,38,412,304,73.79,108,26.21
0539,5,39,362,319,88.12,43,11.88
0540,5,40,356,274,76.97,82,23.03
0541,5,41,192,175,91.15,17,8.85
0601,6,1,388,324,83.51,64,16.49
0602,6,2,381,315,82.68,66,17.32
0603,6,3,358,283,79.05,75,20.95
0604,6,4,259,191,73.75,68,26.25
0605,6,5,234,173,73.93,61,26.07
0606,6,6,441,347,78.68,94,21.32
0607,6,7,370,275,74.32,95,25.68
0608,6,8,366,297,81.15,69,18.85
0609,6,9,391,299,76.47,92,23.53
0610,6,10,249,178,71.49,71,28.51
0611,6,11,324,248,76.54,76,23.46
0612,6,12,269,200,74.35,69,25.65
0613,6,13,273,205,75.09,68,24.91
0614,6,14,329,252,76.6,77,23.4
0615,6,15,309,218,70.55,91,29.45
0616,6,16,390,306,78.46,84,21.54
0617,6,17,237,171,72.15,66,27.85
0618,6,18,272,216,79.41,56,20.59
0619,6,19,304,222,73.03,82,26.97
0620,6,20,241,189,78.42,52,21.58
0621,6,21,174,122,70.11,52,29.89
0622,6,22,212,170,80.19,42,19.81
0623,6,23,171,120,70.18,51,29.82
0624,6,24,191,132,69.11,59,30.89
0625,6,25,191,144,75.39,47,24.61
0626,6,26,254,185,72.83,69,27.17
0627,6,27,220,160,72.73,60,27.27
0628,6,28,169,122,72.19,47,27.81
0629,6,29,360,306,85.0,54,15.0
0630,6,30,311,229,73.63,82,26.37
0631,6,31,322,282,87.58,40,12.42
0632,6,32,380,293,77.11,87,22.89
0633,6,33,383,304,79.37,79,20.63
0634,6,34,372,291,78.23,81,21.77
0635,6,35,339,269,79.35,70,20.65
0636,6,36,403,331,82.13,72,17.87
0637,6,37,423,341,80.61,82,19.39
0638,6,38,401,322,80.3,79,19.7
0639,6,39,304,229,75.33,75,24.67
0640,6,40,318,250,78.62,68,21.38
0641,6,41,374,300,80.21,74,19.79
0642,6,42,338,263,77.81,75,22.19
0643,6,43,337,258,76.56,79,23.44
0644,6,44,389,303,77.89,86,22.11
0645,6,45,376,290,77.13,86,22.87
0646,6,46,287,219,76.31,68,23.69
0647,6,47,247,196,79.35,51,20.65
0648,6,48,352,272,77.27,80,22.73
0701,7,1,347,266,76.66,81,23.34
0702,7,2,334,250,74.85,84,25.15
0703,7,3,344,273,79.36,71,20.64
0704,7,4,340,292,85.88,48,14.12
0705,7,5,300,231,77.0,69,23.0
0706,7,6,437,339,77.57,98,22.43
0707,7,7,348,256,73.56,92,26.44
0708,7,8,205,155,75.61,50,24.39
0709,7,9,588,447,76.02,141,23.98
0710,7,10,351,299,85.19,52,14.81
0711,7,11,376,263,69.95,113,30.05
0712,7,12,314,239,76.11,75,23.89
0713,7,13,204,154,75.49,50,24.51
0714,7,14,399,292,73.18,107,26.82
0715,7,15,329,268,81.46,61,18.54
0716,7,16,344,256,74.42,88,25.58
0717,7,17,282,208,73.76,74,26.24
0718,7,18,314,251,79.94,63,20.06
0719,7,19,337,268,79.53,69,20.47
0720,7,20,276,201,72.83,75,27.17
0721,7,21,269,184,68.4,85,31.6
0722,7,22,300,221,73.67,79,26.33
0723,7,23,317,253,79.81,64,20.19
0724,7,24,285,224,78.6,61,21.4
0725,7,25,284,215,75.7,69,24.3
0726,7,26,269,207,76.95,62,23.05
0727,7,27,260,208,80.0,52,20.0
0728,7,28,254,168,66.14,86,33.86
0729,7,29,330,255,77.27,75,22.73
0730,7,30,280,233,83.21,47,16.79
0731,7,31,245,183,74.69,62,25.31
0732,7,32,434,354,81.57,80,18.43
0733,7,33,423,354,83.69,69,16.31
0734,7,34,429,342,79.72,87,20.28
0735,7,35,389,301,77.38,88,22.62
0736,7,36,451,358,79.38,93,20.62
0737,7,37,343,269,78.43,74,21.57
0738,7,38,310,239,77.1,71,22.9
0739,7,39,323,237,73.37,86,26.63
0740,7,40,279,227,81.36,52,18.64
0741,7,41,331,272,82.18,59,17.82
0742,7,42,345,281,81.45,64,18.55
0743,7,43,331,270,81.57,61,18.43
0744,7,44,303,238,78.55,65,21.45
0745,7,45,324,237,73.15,87,26.85
0746,7,46,87,67,77.01,20,22.99
0801,8,1,322,250,77.64,72,22.36
0802,8,2,339,259,76.4,80,23.6
0803,8,3,397,359,90.43,38,9.57
0804,8,4,410,335,81.71,75,18.29
0805,8,5,314,279,88.85,35,11.15
0806,8,6,356,283,79.49,73,20.51
0807,8,7,393,314,79.9,79,20.1
0808,8,8,362,310,85.64,52,14.36
0809,8,9,232,185,79.74,47,20.26
0810,8,10,462,392,84.85,70,15.15
0811,8,11,302,231,76.49,71,23.51
0812,8,12,312,240,76.92,72,23.08
0813,8,13,416,307,73.8,109,26.2
0814,8,14,289,194,67.13,95,32.87
0815,8,15,235,189,80.43,46,19.57
0816,8,16,110,87,79.09,23,20.91
0817,8,17,299,251,83.95,48,16.05
0818,8,18,326,245,75.15,81,24.85
0819,8,19,397,331,83.38,66,16.62
0820,8,20,418,322,77.03,96,22.97
0821,8,21,460,350,76.09,110,23.91
0822,8,22,330,257,77.88,73,22.12
0823,8,23,282,230,81.56,52,18.44
0824,8,24,200,151,75.5,49,24.5
0825,8,25,344,260,75.58,84,24.42
0826,8,26,294,234,79.59,60,20.41
0827,8,27,401,334,83.29,67,16.71
0828,8,28,367,311,84.74,56,15.26
0829,8,29,370,297,80.27,73,19.73
0830,8,30,392,326,83.16,66,16.84
0831,8,31,288,221,76.74,67,23.26
0832,8,32,281,225,80.07,56,19.93
0833,8,33,272,202,74.26,70,25.74
0834,8,34,333,268,80.48,65,19.52
0835,8,35,402,325,80.85,77,19.15
0836,8,36,358,277,77.37,81,22.63
0837,8,37,278,233,83.81,45,16.19
0838,8,38,270,213,78.89,57,21.11
0839,8,39,326,255,78.22,71,21.78
0840,8,40,289,235,81.31,54,18.69
0841,8,41,380,282,74.21,98,25.79
0842,8,42,469,372,79.32,97,20.68
0843,8,43,197,133,67.51,64,32.49
0844,8,44,251,206,82.07,45,17.93
0845,8,45,303,233,76.9,70,23.1
0846,8,46,289,225,77.85,64,22.15
0847,8,47,294,230,78.23,64,21.77
0848,8,48,316,255,80.7,61,19.3
0849,8,49,337,265,78.64,72,21.36
0850,8,50,337,270,80.12,67,19.88
0851,8,51,337,285,84.57,52,15.43
0852,8,52,444,358,80.63,86,19.37
0853,8,53,205,171,83.41,34,16.59
0854,8,54,294,206,70.07,88,29.93
0855,8,55,259,208,80.31,51,19.69
0856,8,56,380,301,79.21,79,20.79
0901,9,1,320,254,79.38,66,20.63
0902,9,2,280,216,77.14,64,22.86
0903,9,3,208,151,72.6,57,27.4
0904,9,4,252,193,76.59,59,23.41
0905,9,5,332,268,80.72,64,19.28
0906,9,6,318,246,77.36,72,22.64
0907,9,7,266,213,80.08,53,19.92
0908,9,8,354,273,77.12,81,22.88
0909,9,9,389,304,78.15,85,21.85
0910,9,10,251,198,78.88,53,21.12
0911,9,11,247,191,77.33,56,22.67
0912,9,12,376,305,81.12,71,18.88
0913,9,13,382,312,81.68,70,18.32
0914,9,14,394,315,79.95,79,20.05
0915,9,15,345,233,67.54,112,32.46
0916,9,16,342,270,78.95,72,21.05
0917,9,17,215,169,78.6,46,21.4
0918,9,18,240,182,75.83,58,24.17
0919,9,19,349,272,77.94,77,22.06
0920,9,20,312,242,77.56,70,22.44
0921,9,21,315,233,73.97,82,26.03
0922,9,22,388,305,78.61,83,21.39
0923,9,23,376,303,80.59,73,19.41
0924,9,24,351,271,77.21,80,22.79
0925,9,25,287,220,76.66,67,23.34
0926,9,26,296,223,75.34,73,24.66
0927,9,27,268,223,83.21,45,16.79
0928,9,28,221,161,72.85,60,27.15
0929,9,29,293,218,74.4,75,25.6
0930,9,30,291,218,74.91,73,25.09
0931,9,31,281,207,73.67,74,26.33
0932,9,32,346,281,81.21,65,18.79
0933,9,33,241,194,80.5,47,19.5
0934,9,34,285,218,76.49,67,23.51
0935,9,35,320,266,83.13,54,16.88
0936,9,36,294,214,72.79,80,27.21
0937,9,37,505,370,73.27,135,26.73
0938,9,38,317,239,75.39,78,24.61
0939,9,39,360,286,79.44,74,20.56
0940,9,40,374,314,83.96,60,16.04
0941,9,41,277,212,76.53,65,23.47
0942,9,42,359,288,80.22,71,19.78
0943,9,43,294,228,77.55,66,22.45
0944,9,44,315,256,81.27,59,18.73
0945,9,45,252,199,78.97,53,21.03
0946,9,46,328,264,80.49,64,19.51
0947,9,47,358,299,83.52,59,16.48
0948,9,48,341,286,83.87,55,16.13
0949,9,49,381,303,79.53,78,20.47
0950,9,50,472,401,84.96,71,15.04
0951,9,51,341,275,80.65,66,19.35
1001,10,1,275,209,76.0,66,24.0
1002,10,2,340,218,64.12,122,35.88
1003,10,3,360,229,63.61,131,36.39
1004,10,4,271,193,71.22,78,28.78
1005,10,5,282,203,71.99,79,28.01
1006,10,6,276,196,71.01,80,28.99
1007,10,7,266,184,69.17,82,30.83
1008,10,8,183,124,67.76,59,32.24
1009,10,9,342,236,69.01,106,30.99
1010,10,10,394,263,66.75,131,33.25
1011,10,11,458,323,70.52,135,29.48
1012,10,12,252,171,67.86,81,32.14
1013,10,13,318,217,68.24,101,31.76
1014,10,14,456,322,70.61,134,29.39
1015,10,15,619,479,77.38,140,22.62
1016,10,16,300,205,68.33,95,31.67
1017,10,17,466,302,64.81,164,35.19
1018,10,18,205,146,71.22,59,28.78
1019,10,19,365,254,69.59,111,30.41
1020,10,20,360,257,71.39,103,28.61
1021,10,21,359,265,73.82,94,26.18
1022,10,22,218,162,74.31,56,25.69
1023,10,23,302,235,77.81,67,22.19
1024,10,24,322,217,67.39,105,32.61
1025,10,25,106,86,81.13,20,18.87
1026,10,26,256,189,73.83,67,26.17
1027,10,27,301,213,70.76,88,29.24
1028,10,28,400,278,69.5,122,30.5
1029,10,29,376,270,71.81,106,28.19
1030,10,30,317,217,68.45,100,31.55
1031,10,31,314,228,72.61,86,27.39
1032,10,32,369,256,69.38,113,30.62
1033,10,33,289,194,67.13,95,32.87
1034,10,34,235,160,68.09,75,31.91
1035,10,35,368,252,68.48,116,31.52
1036,10,36,85,66,77.65,19,22.35
1101,11,1,369,275,74.53,94,25.47
1102,11,2,32,22,68.75,10,31.25
1103,11,3,420,336,80.0,84,20.0
1104,11,4,290,213,73.45,77,26.55
1105,11,5,556,409,73.56,147,26.44
1106,11,6,655,520,79.39,135,20.61
1107,11,7,390,312,80.0,78,20.0
1108,11,8,386,286,74.09,100,25.91
1109,11,9,366,274,74.86,92,25.14
1110,11,10,391,297,75.96,94,24.04
1111,11,11,457,318,69.58,139,30.42
1112,11,12,504,350,69.44,154,30.56
1113,11,13,468,314,67.09,154,32.91
1114,11,14,193,142,73.58,51,26.42
1115,11,15,150,116,77.33,34,22.67
1116,11,16,286,214,74.83,72,25.17
1117,11,17,499,381,76.35,118,23.65
1118,11,18,313,243,77.64,70,22.36
1119,11,19,556,417,75.0,139,25.0
1120,11,20,277,203,73.29,74,26.71
1121,11,21,466,338,72.53,128,27.47
1122,11,22,525,381,72.57,144,27.43
1123,11,23,206,158,76.7,48,23.3
1124,11,24,463,343,74.08,120,25.92
1125,11,25,502,355,70.72,147,29.28
1126,11,26,423,323,76.36,100,23.64
1127,11,27,167,125,74.85,42,25.15
1128,11,28,198,135,68.18,63,31.82
1129,11,29,479,339,70.77,140,29.23
1130,11,30,208,151,72.6,57,27.4
1131,11,31,358,254,70.95,104,29.05
1132,11,32,161,117,72.67,44,27.33
1133,11,33,528,415,78.6,113,21.4
1134,11,34,115,77,66.96,38,33.04
1135,11,35,65,46,70.77,19,29.23
1136,11,36,175,129,73.71,46,26.29
1137,11,37,111,86,77.48,25,22.52
1138,11,38,216,162,75.0,54,25.0
1201,12,1,360,260,72.22,100,27.78
1202,12,2,298,229,76.85,69,23.15
1203,12,3,451,322,71.4,129,28.6
1204,12,4,440,314,71.36,126,28.64
1205,12,5,311,224,72.03,87,27.97
1206,12,6,420,307,73.1,113,26.9
1207,12,7,352,262,74.43,90,25.57
1208,12,8,361,271,75.07,90,24.93
1209,12,9,308,241,78.25,67,21.75
1210,12,10,499,347,69.54,152,30.46
1211,12,11,403,278,68.98,125,31.02
1212,12,12,369,276,74.8,93,25.2
1213,12,13,406,306,75.37,100,24.63
1214,12,14,329,236,71.73,93,28.27
1215,12,15,334,221,66.17,113,33.83
1216,12,16,330,223,67.58,107,32.42
1217,12,17,448,330,73.66,118,26.34
1218,12,18,355,248,69.86,107,30.14
1219,12,19,356,263,73.88,93,26.12
1220,12,20,466,350,75.11,116,24.89
1221,12,21,397,291,73.3,106,26.7
1222,12,22,375,256,68.27,119,31.73
1223,12,23,386,266,68.91,120,31.09
1301,13,1,303,195,64.36,108,35.64
1302,13,2,250,166,66.4,84,33.6
1303,13,3,281,208,74.02,73,25.98
1304,13,4,363,230,63.36,133,36.64
1305,13,5,412,301,73.06,111,26.94
1306,13,6,273,175,64.1,98,35.9
1307,13,7,291,213,73.2,78,26.8
1308,13,8,266,167,62.78,99,37.22
1309,13,9,377,281,74.54,96,25.46
1310,13,10,271,159,58.67,112,41.33
1311,13,11,341,218,63.93,123,36.07
1312,13,12,309,222,71.84,87,28.16
1313,13,13,336,250,74.4,86,25.6
1314,13,14,330,252,76.36,78,23.64
1315,13,15,479,331,69.1,148,30.9
1316,13,16,259,192,74.13,67,25.87
1317,13,17,307,208,67.75,99,32.25
1318,13,18,281,186,66.19,95,33.81
1319,13,19,438,314,71.69,124,28.31
1320,13,20,228,136,59.65,92,40.35
1321,13,21,353,219,62.04,134,37.96
1322,13,22,343,238,69.39,105,30.61
1323,13,23,280,203,72.5,77,27.5
1324,13,24,345,239,69.28,106,30.72
1325,13,25,341,234,68.62,107,31.38
1326,13,26,345,240,69.57,105,30.43
1327,13,27,313,218,69.65,95,30.35
1328,13,28,262,185,70.61,77,29.39
1329,13,29,296,206,69.59,90,30.41
1330,13,30,268,199,74.25,69,25.75
1331,13,31,356,224,62.92,132,37.08
1332,13,32,291,178,61.17,113,38.83
1333,13,33,329,222,67.48,107,32.52
1334,13,34,344,265,77.03,79,22.97
1335,13,35,293,224,76.45,69,23.55
1336,13,36,256,176,68.75,80,31.25
1337,13,37,327,248,75.84,79,24.16
1338,13,38,276,167,60.51,109,39.49
1339,13,39,325,239,73.54,86,26.46
1340,13,40,316,224,70.89,92,29.11
1341,13,41,424,304,71.7,120,28.3
1342,13,42,316,191,60.44,125,39.56
1343,13,43,322,207,64.29,115,35.71
1344,13,44,350,256,73.14,94,26.86
1345,13,45,353,247,69.97,106,30.03
1346,13,46,393,284,72.26,109,27.74
1347,13,47,367,279,76.02,88,23.98
1348,13,48,268,174,64.93,94,35.07
1401,14,1,362,219,60.5,143,39.5
1402,14,2,522,407,77.97,115,22.03
1403,14,3,360,262,72.78,98,27.22
1404,14,4,347,193,55.62,154,44.38
1405,14,5,532,361,67.86,171,32.14
1406,14,6,207,148,71.5,59,28.5
1407,14,7,506,367,72.53,139,27.47
1408,14,8,461,328,71.15,133,28.85
1409,14,9,455,278,61.1,177,38.9
1410,14,10,284,195,68.66,89,31.34
1411,14,11,225,162,72.0,63,28.0
1412,14,12,397,277,69.77,120,30.23
1413,14,13,355,260,73.24,95,26.76
1414,14,14,361,279,77.29,82,22.71
1415,14,15,383,287,74.93,96,25.07
1416,14,16,262,193,73.66,69,26.34
1417,14,17,328,216,65.85,112,34.15
1418,14,18,182,133,73.08,49,26.92
1419,14,19,360,272,75.56,88,24.44
1420,14,20,308,233,75.65,75,24.35
1421,14,21,375,264,70.4,111,29.6
1422,14,22,490,348,71.02,142,28.98
1423,14,23,262,175,66.79,87,33.21
1424,14,24,405,286,70.62,119,29.38
1425,14,25,186,127,68.28,59,31.72
1426,14,26,280,203,72.5,77,27.5
1427,14,27,349,256,73.35,93,26.65
1428,14,28,330,237,71.82,93,28.18
1429,14,29,280,193,68.93,87,31.07
1430,14,30,266,202,75.94,64,24.06
1431,14,31,215,168,78.14,47,21.86
1501,15,1,324,201,62.04,123,37.96
1502,15,2,201,144,71.64,57,28.36
1503,15,3,214,160,74.77,54,25.23
1504,15,4,354,254,71.75,100,28.25
1505,15,5,344,226,65.7,118,34.3
1506,15,6,372,271,72.85,101,27.15
1507,15,7,180,129,71.67,51,28.33
1508,15,8,356,247,69.38,109,30.62
1509,15,9,466,329,70.6,137,29.4
1510,15,10,495,338,68.28,157,31.72
1511,15,11,431,309,71.69,122,28.31
1512,15,12,455,350,76.92,105,23.08
1513,15,13,366,255,69.67,111,30.33
1514,15,14,323,225,69.66,98,30.34
1515,15,15,313,210,67.09,103,32.91
1516,15,16,413,289,69.98,124,30.02
1517,15,17,191,148,77.49,43,22.51
1518,15,18,132,86,65.15,46,34.85
1519,15,19,292,223,76.37,69,23.63
1520,15,20,208,157,75.48,51,24.52
1521,15,21,159,120,75.47,39,24.53
1522,15,22,192,142,73.96,50,26.04
1523,15,23,210,161,76.67,49,23.33
1524,15,24,185,129,69.73,56,30.27
1601,16,1,438,330,75.34,108,24.66
1602,16,2,248,167,67.34,81,32.66
1603,16,3,232,181,78.02,51,21.98
1604,16,4,296,215,72.64,81,27.36
1605,16,5,197,145,73.6,52,26.4
1606,16,6,231,163,70.56,68,29.44
1607,16,7,275,209,76.0,66,24.0
1608,16,8,189,137,72.49,52,27.51
1609,16,9,270,204,75.56,66,24.44
1610,16,10,220,166,75.45,54,24.55
1611,16,11,299,201,67.22,98,32.78
1612,16,12,253,185,73.12,68,26.88
1613,16,13,329,228,69.3,101,30.7
1614,16,14,206,139,67.48,67,32.52
1615,16,15,255,178,69.8,77,30.2
1616,16,16,208,153,73.56,55,26.44
1617,16,17,380,293,77.11,87,22.89
1618,16,18,323,248,76.78,75,23.22
1619,16,19,260,194,74.62,66,25.38
1620,16,20,168,125,74.4,43,25.6
1621,16,21,215,169,78.6,46,21.4
1622,16,22,226,178,78.76,48,21.24
1623,16,23,374,266,71.12,108,28.88
1624,16,24,126,101,80.16,25,19.84
1625,16,25,299,219,73.24,80,26.76
1626,16,26,169,116,68.64,53,31.36
1627,16,27,177,122,68.93,55,31.07
1628,16,28,198,150,75.76,48,24.24
1629,16,29,199,147,73.87,52,26.13
1630,16,30,181,130,71.82,51,28.18
1631,16,31,232,171,73.71,61,26.29
1632,16,32,378,267,70.63,111,29.37
1633,16,33,187,149,79.68,38,20.32
1634,16,34,221,166,75.11,55,24.89
1635,16,35,415,291,70.12,124,29.88
1636,16,36,179,136,75.98,43,24.02
1701,17,1,368,265,72.01,103,27.99
1702,17,2,295,223,75.59,72,24.41
1703,17,3,308,240,77.92,68,22.08
1704,17,4,325,247,76.0,78,24.0
1705,17,5,249,184,73.9,65,26.1
1706,17,6,331,259,78.25,72,21.75
1707,17,7,349,244,69.91,105,30.09
1708,17,8,214,156,72.9,58,27.1
1709,17,9,244,176,72.13,68,27.87
1710,17,10,393,315,80.15,78,19.85
1711,17,11,238,187,78.57,51,21.43
1712,17,12,489,364,74.44,125,25.56
1713,17,13,223,179,80.27,44,19.73
1714,17,14,368,277,75.27,91,24.73
1715,17,15,327,251,76.76,76,23.24
1716,17,16,391,290,74.17,101,25.83
1717,17,17,331,255,77.04,76,22.96
1718,17,18,377,309,81.96,68,18.04
1719,17,19,191,147,76.96,44,23.04
1720,17,20,400,339,84.75,61,15.25
1721,17,21,372,285,76.61,87,23.39
1722,17,22,301,237,78.74,64,21.26
1723,17,23,211,159,75.36,52,24.64
1724,17,24,257,209,81.32,48,18.68
1725,17,25,262,201,76.72,61,23.28
1726,17,26,312,254,81.41,58,18.59
1727,17,27,195,165,84.62,30,15.38
1728,17,28,222,182,81.98,40,18.02
1729,17,29,283,216,76.33,67,23.67
1730,17,30,330,235,71.21,95,28.79
1731,17,31,203,163,80.3,40,19.7
1732,17,32,239,175,73.22,64,26.78
1733,17,33,188,138,73.4,50,26.6
1734,17,34,236,186,78.81,50,21.19
1735,17,35,212,171,80.66,41,19.34
1736,17,36,228,176,77.19,52,22.81
1737,17,37,252,195,77.38,57,22.62
1738,17,38,344,262,76.16,82,23.84
1739,17,39,288,219,76.04,69,23.96
1740,17,40,357,268,75.07,89,24.93
1741,17,41,424,331,78.07,93,21.93
1801,18,1,364,277,76.1,87,23.9
1802,18,2,431,319,74.01,112,25.99
1803,18,3,307,225,73.29,82,26.71
1804,18,4,381,306,80.31,75,19.69
1805,18,5,222,166,74.77,56,25.23
1806,18,6,336,229,68.15,107,31.85
1807,18,7,374,287,76.74,87,23.26
1808,18,8,375,307,81.87,68,18.13
1809,18,9,347,280,80.69,67,19.31
1810,18,10,458,380,82.97,78,17.03
1811,18,11,355,273,76.9,82,23.1
1812,18,12,353,280,79.32,73,20.68
1813,18,13,388,304,78.35,84,21.65
1814,18,14,375,311,82.93,64,17.07
1815,18,15,396,295,74.49,101,25.51
1816,18,16,351,275,78.35,76,21.65
1817,18,17,395,310,78.48,85,21.52
1818,18,18,275,229,83.27,46,16.73
1819,18,19,314,259,82.48,55,17.52
1820,18,20,251,194,77.29,57,22.71
1821,18,21,459,347,75.6,112,24.4
1822,18,22,386,328,84.97,58,15.03
1823,18,23,355,262,73.8,93,26.2
1824,18,24,347,249,71.76,98,28.24
1825,18,25,388,284,73.2,104,26.8
1826,18,26,459,387,84.31,72,15.69
1827,18,27,324,259,79.94,65,20.06
1828,18,28,319,226,70.85,93,29.15
1829,18,29,435,332,76.32,103,23.68
1830,18,30,450,304,67.56,146,32.44
1831,18,31,394,295,74.87,99,25.13
1832,18,32,369,299,81.03,70,18.97
1833,18,33,273,228,83.52,45,16.48
1834,18,34,415,336,80.96,79,19.04
1835,18,35,419,340,81.15,79,18.85
1836,18,36,400,295,73.75,105,26.25
1837,18,37,412,337,81.8,75,18.2
1838,18,38,319,252,79.0,67,21.0
1839,18,39,307,226,73.62,81,26.38
1840,18,40,389,297,76.35,92,23.65
1841,18,41,445,346,77.75,99,22.25
1842,18,42,314,233,74.2,81,25.8
1843,18,43,323,228,70.59,95,29.41
1844,18,44,328,231,70.43,97,29.57
1845,18,45,386,295,76.42,91,23.58
1846,18,46,433,284,65.59,149,34.41
1847,18,47,289,215,74.39,74,25.61
1848,18,48,275,201,73.09,74,26.91
1849,18,49,244,181,74.18,63,25.82
1850,18,50,257,194,75.49,63,24.51
1901,19,1,326,210,64.42,116,35.58
1902,19,2,518,418,80.69,100,19.31
1903,19,3,301,149,49.5,152,50.5
1904,19,4,433,225,51.96,208,48.04
1905,19,5,422,340,80.57,82,19.43
1906,19,6,407,235,57.74,172,42.26
1907,19,7,320,218,68.13,102,31.88
1908,19,8,399,221,55.39,178,44.61
1909,19,9,260,160,61.54,100,38.46
1910,19,10,489,401,82.0,88,18.0
1911,19,11,349,161,46.13,188,53.87
1912,19,12,294,153,52.04,141,47.96
1913,19,13,481,395,82.12,86,17.88
1914,19,14,408,327,80.15,81,19.85
1915,19,15,517,270,52.22,247,47.78
1916,19,16,371,188,50.67,183,49.33
1917,19,17,327,212,64.83,115,35.17
1918,19,18,371,317,85.44,54,14.56
1919,19,19,481,396,82.33,85,17.67
1920,19,20,330,276,83.64,54,16.36
1921,19,21,400,207,51.75,193,48.25
1922,19,22,416,331,79.57,85,20.43
1923,19,23,380,252,66.32,128,33.68
1924,19,24,290,156,53.79,134,46.21
1925,19,25,371,288,77.63,83,22.37
1926,19,26,347,272,78.39,75,21.61
1927,19,27,408,307,75.25,101,24.75
1928,19,28,472,382,80.93,90,19.07
1929,19,29,386,218,56.48,168,43.52
1930,19,30,368,205,55.71,163,44.29
1931,19,31,345,273,79.13,72,20.87
1932,19,32,352,208,59.09,144,40.91
1933,19,33,410,236,57.56,174,42.44
1934,19,34,335,261,77.91,74,22.09
1935,19,35,350,268,76.57,82,23.43
1936,19,36,551,428,77.68,123,22.32
1937,19,37,396,319,80.56,77,19.44
1938,19,38,363,279,76.86,84,23.14
1939,19,39,203,158,77.83,45,22.17
1940,19,40,423,328,77.54,95,22.46
1941,19,41,354,185,52.26,169,47.74
1942,19,42,315,261,82.86,54,17.14
1943,19,43,545,435,79.82,110,20.18
1944,19,44,424,225,53.07,199,46.93
1945,19,45,406,264,65.02,142,34.98
1946,19,46,353,240,67.99,113,32.01
1947,19,47,576,467,81.08,109,18.92
1948,19,48,471,374,79.41,97,20.59
1949,19,49,499,410,82.16,89,17.84
1950,19,50,337,216,64.09,121,35.91
1951,19,51,412,278,67.48,134,32.52
1952,19,52,479,261,54.49,218,45.51
1953,19,53,346,234,67.63,112,32.37
1954,19,54,288,142,49.31,146,50.69
1955,19,55,316,180,56.96,136,43.04
1956,19,56,422,343,81.28,79,18.72
1957,19,57,338,276,81.66,62,18.34
2001,20,1,387,296,76.49,91,23.51
2002,20,2,117,83,70.94,34,29.06
2003,20,3,342,259,75.73,83,24.27
2004,20,4,161,112,69.57,49,30.43
2005,20,5,403,285,70.72,118,29.28
2006,20,6,149,105,70.47,44,29.53
2007,20,7,424,337,79.48,87,20.52
2008,20,8,313,253,80.83,60,19.17
2009,20,9,496,397,80.04,99,19.96
2010,20,10,235,168,71.49,67,28.51
2011,20,11,461,331,71.8,130,28.2
2012,20,12,339,238,70.21,101,29.79
2013,20,13,302,219,72.52,83,27.48
2014,20,14,183,146,79.78,37,20.22
2015,20,15,359,244,67.97,115,32.03
2016,20,16,423,342,80.85,81,19.15
2017,20,17,239,154,64.44,85,35.56
2018,20,18,237,179,75.53,58,24.47
2019,20,19,376,281,74.73,95,25.27
2020,20,20,281,191,67.97,90,32.03
2021,20,21,281,195,69.4,86,30.6
2022,20,22,483,383,79.3,100,20.7
2023,20,23,202,154,76.24,48,23.76
2024,20,24,445,357,80.22,88,19.78
2025,20,25,232,158,68.1,74,31.9
2026,20,26,331,269,81.27,62,18.73
2027,20,27,172,132,76.74,40,23.26
2028,20,28,222,167,75.23,55,24.77
2029,20,29,238,185,77.73,53,22.27
2030,20,30,162,129,79.63,33,20.37
2031,20,31,399,308,77.19,91,22.81
2032,20,32,267,197,73.78,70,26.22
2033,20,33,226,172,76.11,54,23.89
2034,20,34,434,353,81.34,81,18.66
2035,20,35,259,194,74.9,65,25.1
2036,20,36,116,89,76.72,27,23.28
2037,20,37,111,81,72.97,30,27.03
2038,20,38,101,74,73.27,27,26.73
2039,20,39,27,19,70.37,8,29.63
2101,21,1,394,327,82.99,67,17.01
2102,21,2,232,168,72.41,64,27.59
2103,21,3,351,283,80.63,68,19.37
2104,21,4,304,250,82.24,54,17.76
2105,21,5,368,294,79.89,74,20.11
2106,21,6,289,230,79.58,59,20.42
2107,21,7,347,291,83.86,56,16.14
2108,21,8,359,278,77.44,81,22.56
2109,21,9,365,316,86.58,49,13.42
2110,21,10,288,232,80.56,56,19.44
2111,21,11,301,237,78.74,64,21.26
2112,21,12,302,230,76.16,72,23.84
2113,21,13,378,294,77.78,84,22.22
2114,21,14,393,320,81.42,73,18.58
2115,21,15,325,261,80.31,64,19.69
2116,21,16,313,239,76.36,74,23.64
2117,21,17,286,221,77.27,65,22.73
2118,21,18,311,250,80.39,61,19.61
2119,21,19,406,314,77.34,92,22.66
2120,21,20,311,261,83.92,50,16.08
2121,21,21,308,233,75.65,75,24.35
2122,21,22,306,245,80.07,61,19.93
2123,21,23,326,272,83.44,54,16.56
2124,21,24,374,298,79.68,76,20.32
2125,21,25,297,227,76.43,70,23.57
2126,21,26,353,267,75.64,86,24.36
2127,21,27,407,321,78.87,86,21.13
2128,21,28,430,339,78.84,91,21.16
2129,21,29,382,297,77.75,85,22.25
2130,21,30,301,226,75.08,75,24.92
2131,21,31,201,171,85.07,30,14.93
2132,21,32,254,196,77.17,58,22.83
2133,21,33,284,226,79.58,58,20.42
2134,21,34,330,253,76.67,77,23.33
2135,21,35,409,323,78.97,86,21.03
2136,21,36,337,252,74.78,85,25.22
2137,21,37,251,205,81.67,46,18.33
2138,21,38,349,262,75.07,87,24.93
2139,21,39,341,255,74.78,86,25.22
2140,21,40,319,246,77.12,73,22.88
2141,21,41,373,297,79.62,76,20.38
2142,21,42,379,276,72.82,103,27.18
2143,21,43,352,280,79.55,72,20.45
2144,21,44,373,283,75.87,90,24.13
2145,21,45,331,257,77.64,74,22.36
2146,21,46,372,298,80.11,74,19.89
2147,21,47,321,244,76.01,77,23.99
2148,21,48,348,284,81.61,64,18.39
2149,21,49,380,316,83.16,64,16.84
2150,21,50,261,195,74.71,66,25.29
2151,21,51,371,303,81.67,68,18.33
2152,21,52,341,256,75.07,85,24.93
2153,21,53,302,226,74.83,76,25.17
2154,21,54,275,218,79.27,57,20.73
2201,22,1,189,152,80.42,37,19.58
2202,22,2,439,304,69.25,135,30.75
2203,22,3,542,359,66.24,183,33.76
2204,22,4,291,200,68.73,91,31.27
2205,22,5,324,228,70.37,96,29.63
2206,22,6,325,219,67.38,106,32.62
2207,22,7,286,209,73.08,77,26.92
2208,22,8,496,371,74.8,125,25.2
2209,22,9,293,204,69.62,89,30.38
2210,22,10,455,330,72.53,125,27.47
2211,22,11,238,158,66.39,80,33.61
2212,22,12,278,192,69.06,86,30.94
2213,22,13,366,261,71.31,105,28.69
2214,22,14,290,202,69.66,88,30.34
2215,22,15,301,198,65.78,103,34.22
2216,22,16,286,201,70.28,85,29.72
2217,22,17,469,342,72.92,127,27.08
2218,22,18,328,224,68.29,104,31.71
2219,22,19,170,129,75.88,41,24.12
2220,22,20,381,271,71.13,110,28.87
2221,22,21,321,243,75.7,78,24.3
2222,22,22,344,237,68.9,107,31.1
2223,22,23,350,273,78.0,77,22.0
2224,22,24,415,317,76.39,98,23.61
2225,22,25,334,255,76.35,79,23.65
2301,23,1,316,186,58.86,130,41.14
2302,23,2,355,229,64.51,126,35.49
2303,23,3,307,195,63.52,112,36.48
2304,23,4,318,215,67.61,103,32.39
2305,23,5,362,267,73.76,95,26.24
2306,23,6,345,258,74.78,87,25.22
2307,23,7,350,249,71.14,101,28.86
2308,23,8,426,291,68.31,135,31.69
2309,23,9,351,261,74.36,90,25.64
2310,23,10,407,289,71.01,118,28.99
2311,23,11,406,310,76.35,96,23.65
2312,23,12,346,214,61.85,132,38.15
2313,23,13,342,249,72.81,93,27.19
2314,23,14,295,177,60.0,118,40.0
2315,23,15,314,218,69.43,96,30.57
2316,23,16,333,202,60.66,131,39.34
2317,23,17,287,196,68.29,91,31.71
2318,23,18,313,205,65.5,108,34.5
2319,23,19,310,200,64.52,110,35.48
2320,23,20,251,166,66.14,85,33.86
2321,23,21,300,174,58.0,126,42.0
2322,23,22,334,227,67.96,107,32.04
2323,23,23,324,203,62.65,121,37.35
2324,23,24,321,221,68.85,100,31.15
2325,23,25,320,221,69.06,99,30.94
2326,23,26,354,268,75.71,86,24.29
2327,23,27,290,179,61.72,111,38.28
2328,23,28,388,246,63.4,142,36.6
2329,23,29,297,186,62.63,111,37.37
2330,23,30,440,309,70.23,131,29.77
2331,23,31,301,207,68.77,94,31.23
2332,23,32,352,228,64.77,124,35.23
2333,23,33,402,295,73.38,107,26.62
2334,23,34,385,271,70.39,114,29.61
2335,23,35,249,150,60.24,99,39.76
2336,23,36,326,207,63.5,119,36.5
2337,23,37,363,226,62.26,137,37.74
2338,23,38,309,194,62.78,115,37.22
2339,23,39,384,275,71.61,109,28.39
2401,24,1,243,188,77.37,55,22.63
2402,24,2,288,211,73.26,77,26.74
2403,24,3,346,250,72.25,96,27.75
2404,24,4,238,181,76.05,57,23.95
2405,24,5,167,132,79.04,35,20.96
2406,24,6,326,254,77.91,72,22.09
2407,24,7,230,182,79.13,48,20.87
2408,24,8,131,96,73.28,35,26.72
2409,24,9,272,189,69.49,83,30.51
2410,24,10,148,108,72.97,40,27.03
2411,24,11,289,210,72.66,79,27.34
2412,24,12,188,134,71.28,54,28.72
2413,24,13,183,130,71.04,53,28.96
2414,24,14,233,171,73.39,62,26.61
2415,24,15,152,119,78.29,33,21.71
2416,24,16,861,510,59.23,351,40.77
2417,24,17,210,156,74.29,54,25.71
2418,24,18,252,190,75.4,62,24.6
2419,24,19,320,244,76.25,76,23.75
2420,24,20,253,187,73.91,66,26.09
2421,24,21,154,106,68.83,48,31.17
2422,24,22,344,251,72.97,93,27.03
2423,24,23,258,189,73.26,69,26.74
2424,24,24,338,232,68.64,106,31.36
2425,24,25,206,158,76.7,48,23.3
2426,24,26,409,319,78.0,90,22.0
2427,24,27,312,236,75.64,76,24.36
2428,24,28,190,146,76.84,44,23.16
2429,24,29,204,161,78.92,43,21.08
2430,24,30,178,137,76.97,41,23.03
2431,24,31,297,196,65.99,101,34.01
2432,24,32,150,113,75.33,37,24.67
2433,24,33,181,136,75.14,45,24.86
2434,24,34,271,200,73.8,71,26.2
2435,24,35,263,189,71.86,74,28.14
2436,24,36,338,252,74.56,86,25.44
2437,24,37,136,103,75.74,33,24.26
2438,24,38,241,188,78.01,53,21.99
2439,24,39,271,205,75.65,66,24.35
2440,24,40,323,235,72.76,88,27.24
2441,24,41,130,98,75.38,32,24.62
2501,25,1,357,285,79.83,72,20.17
2502,25,2,529,395,74.67,134,25.33
2503,25,3,703,587,83.5,116,16.5
2504,25,4,340,255,75.0,85,25.0
2505,25,5,426,308,72.3,118,27.7
2506,25,6,135,103,76.3,32,23.7
2507,25,7,438,345,78.77,93,21.23
2508,25,8,522,377,72.22,145,27.78
2509,25,9,432,334,77.31,98,22.69
2510,25,10,564,493,87.41,71,12.59
2511,25,11,490,384,78.37,106,21.63
2512,25,12,434,352,81.11,82,18.89
2513,25,13,502,372,74.1,130,25.9
2514,25,14,283,246,86.93,37,13.07
2515,25,15,377,264,70.03,113,29.97
2516,25,16,688,584,84.88,104,15.12
2517,25,17,442,342,77.38,100,22.62
2518,25,18,216,178,82.41,38,17.59
2519,25,19,449,329,73.27,120,26.73
2520,25,20,241,153,63.49,88,36.51
2521,25,21,851,721,84.72,130,15.28
2522,25,22,463,342,73.87,121,26.13
2523,25,23,506,385,76.09,121,23.91
2524,25,24,456,348,76.32,108,23.68
2525,25,25,374,305,81.55,69,18.45
2526,25,26,459,334,72.77,125,27.23
2527,25,27,553,456,82.46,97,17.54
2528,25,28,475,355,74.74,120,25.26
2529,25,29,329,250,75.99,79,24.01
2530,25,30,440,304,69.09,136,30.91
2531,25,31,796,669,84.05,127,15.95
2532,25,32,355,230,64.79,125,35.21
2601,26,1,368,308,83.7,60,16.3
2602,26,2,273,214,78.39,59,21.61
2603,26,3,417,357,85.61,60,14.39
2604,26,4,244,160,65.57,84,34.43
2605,26,5,312,235,75.32,77,24.68
2606,26,6,293,210,71.67,83,28.33
2607,26,7,327,260,79.51,67,20.49
2608,26,8,211,145,68.72,66,31.28
2609,26,9,285,220,77.19,65,22.81
2610,26,10,343,262,76.38,81,23.62
2611,26,11,319,233,73.04,86,26.96
2612,26,12,340,263,77.35,77,22.65
2613,26,13,182,127,69.78,55,30.22
2614,26,14,274,207,75.55,67,24.45
2615,26,15,209,150,71.77,59,28.23
2616,26,16,183,130,71.04,53,28.96
2617,26,17,307,240,78.18,67,21.82
2618,26,18,249,178,71.49,71,28.51
2619,26,19,209,139,66.51,70,33.49
2620,26,20,287,229,79.79,58,20.21
2621,26,21,415,324,78.07,91,21.93
2622,26,22,181,136,75.14,45,24.86
2623,26,23,242,175,72.31,67,27.69
2624,26,24,269,205,76.21,64,23.79
2625,26,25,244,195,79.92,49,20.08
2626,26,26,242,178,73.55,64,26.45
2627,26,27,366,291,79.51,75,20.49
2628,26,28,443,359,81.04,84,18.96
2629,26,29,173,138,79.77,35,20.23
2630,26,30,269,213,79.18,56,20.82
2631,26,31,150,105,70.0,45,30.0
2632,26,32,398,312,78.39,86,21.61
2633,26,33,360,290,80.56,70,19.44
2634,26,34,350,277,79.14,73,20.86
2635,26,35,269,210,78.07,59,21.93
2636,26,36,332,263,79.22,69,20.78
2637,26,37,346,283,81.79,63,18.21
2638,26,38,162,116,71.6,46,28.4
2639,26,39,383,304,79.37,79,20.63
2640,26,40,196,144,73.47,52,26.53
2641,26,41,383,297,77.55,86,22.45
2642,26,42,272,219,80.51,53,19.49
2643,26,43,216,152,70.37,64,29.63
2644,26,44,181,137,75.69,44,24.31
2645,26,45,178,130,73.03,48,26.97
2646,26,46,244,178,72.95,66,27.05
2647,26,47,240,178,74.17,62,25.83
2648,26,48,346,265,76.59,81,23.41
2649,26,49,210,158,75.24,52,24.76
2701,27,1,879,741,84.3,138,15.7
2702,27,2,407,330,81.08,77,18.92
2703,27,3,168,135,80.36,33,19.64
2704,27,4,199,152,76.38,47,23.62
2705,27,5,298,198,66.44,100,33.56
2706,27,6,452,373,82.52,79,17.48
2707,27,7,564,471,83.51,93,16.49
2708,27,8,319,252,79.0,67,21.0
2709,27,9,175,144,82.29,31,17.71
2710,27,10,258,208,80.62,50,19.38
2711,27,11,446,375,84.08,71,15.92
2712,27,12,300,262,87.33,38,12.67
2713,27,13,528,434,82.2,94,17.8
2714,27,14,190,135,71.05,55,28.95
2715,27,15,177,121,68.36,56,31.64
2716,27,16,450,365,81.11,85,18.89
2717,27,17,399,312,78.2,87,21.8
2718,27,18,246,180,73.17,66,26.83
2719,27,19,180,133,73.89,47,26.11
2720,27,20,266,175,65.79,91,34.21
2721,27,21,354,291,82.2,63,17.8
2722,27,22,155,111,71.61,44,28.39
2723,27,23,217,164,75.58,53,24.42
2724,27,24,251,180,71.71,71,28.29
2725,27,25,343,268,78.13,75,21.87
2726,27,26,240,186,77.5,54,22.5
2727,27,27,494,375,75.91,119,24.09
2728,27,28,498,412,82.73,86,17.27
2729,27,29,251,180,71.71,71,28.29
2730,27,30,168,134,79.76,34,20.24
2731,27,31,270,188,69.63,82,30.37
2732,27,32,351,274,78.06,77,21.94
2733,27,33,539,452,83.86,87,16.14
2734,27,34,192,130,67.71,62,32.29
2735,27,35,507,417,82.25,90,17.75
2736,27,36,262,197,75.19,65,24.81
2737,27,37,337,286,84.87,51,15.13
2738,27,38,507,406,80.08,101,19.92
2739,27,39,256,194,75.78,62,24.22
2740,27,40,524,411,78.44,113,21.56
2741,27,41,253,195,77.08,58,22.92
2742,27,42,255,216,84.71,39,15.29
2743,27,43,309,245,79.29,64,20.71
2744,27,44,260,181,69.62,79,30.38
2745,27,45,1086,913,84.07,173,15.93
2746,27,46,329,296,89.97,33,10.03
2747,27,47,228,195,85.53,33,14.47
2748,27,48,675,533,78.96,142,21.04
2749,27,49,263,209,79.47,54,20.53
2750,27,50,312,239,76.6,73,23.4
2801,28,1,211,150,71.09,61,28.91
2802,28,2,249,190,76.31,59,23.69
2803,28,3,221,163,73.76,58,26.24
2804,28,4,275,227,82.55,48,17.45
2805,28,5,177,140,79.1,37,20.9
2806,28,6,166,140,84.34,26,15.66
2807,28,7,274,201,73.36,73,26.64
2808,28,8,478,396,82.85,82,17.15
2809,28,9,279,207,74.19,72,25.81
2810,28,10,377,288,76.39,89,23.61
2811,28,11,684,521,76.17,163,23.83
2812,28,12,252,200,79.37,52,20.63
2813,28,13,270,206,76.3,64,23.7
2814,28,14,272,206,75.74,66,24.26
2815,28,15,53,43,81.13,10,18.87
2816,28,16,182,137,75.27,45,24.73
2817,28,17,242,179,73.97,63,26.03
2818,28,18,239,179,74.9,60,25.1
2819,28,19,277,212,76.53,65,23.47
2820,28,20,234,182,77.78,52,22.22
2821,28,21,247,187,75.71,60,24.29
2822,28,22,252,197,78.17,55,21.83
2823,28,23,327,245,74.92,82,25.08
2824,28,24,241,172,71.37,69,28.63
2825,28,25,439,346,78.82,93,21.18
2826,28,26,248,179,72.18,69,27.82
2827,28,27,305,252,82.62,53,17.38
2828,28,28,392,324,82.65,68,17.35
2829,28,29,156,110,70.51,46,29.49
2830,28,30,47,39,82.98,8,17.02
2831,28,31,307,243,79.15,64,20.85
2832,28,32,273,203,74.36,70,25.64
2833,28,33,301,224,74.42,77,25.58
2834,28,34,503,374,74.35,129,25.65
2835,28,35,298,225,75.5,73,24.5
2836,28,36,139,102,73.38,37,26.62
2837,28,37,307,227,73.94,80,26.06
2838,28,38,119,92,77.31,27,22.69
2839,28,39,212,151,71.23,61,28.77
2840,28,40,352,265,75.28,87,24.72
2841,28,41,180,128,71.11,52,28.89
2842,28,42,287,217,75.61,70,24.39
2843,28,43,326,241,73.93,85,26.07
2844,28,44,214,150,70.09,64,29.91
2845,28,45,452,374,82.74,78,17.26
2846,28,46,573,443,77.31,130,22.69
2901,29,1,518,400,77.22,118,22.78
2902,29,2,441,342,77.55,99,22.45
2903,29,3,299,221,73.91,78,26.09
2904,29,4,416,328,78.85,88,21.15
2905,29,5,267,190,71.16,77,28.84
2906,29,6,259,197,76.06,62,23.94
2907,29,7,385,304,78.96,81,21.04
2908,29,8,343,253,73.76,90,26.24
2909,29,9,418,327,78.23,91,21.77
2910,29,10,484,383,79.13,101,20.87
2911,29,11,196,151,77.04,45,22.96
2912,29,12,447,356,79.64,91,20.36
2913,29,13,324,228,70.37,96,29.63
2914,29,14,314,241,76.75,73,23.25
2915,29,15,403,325,80.65,78,19.35
2916,29,16,349,260,74.5,89,25.5
2917,29,17,357,299,83.75,58,16.25
2918,29,18,332,253,76.2,79,23.8
2919,29,19,356,280,78.65,76,21.35
2920,29,20,377,285,75.6,92,24.4
2921,29,21,438,313,71.46,125,28.54
2922,29,22,266,198,74.44,68,25.56
2923,29,23,437,326,74.6,111,25.4
2924,29,24,353,273,77.34,80,22.66
2925,29,25,421,336,79.81,85,20.19
2926,29,26,334,279,83.53,55,16.47
2927,29,27,338,248,73.37,90,26.63
2928,29,28,429,341,79.49,88,20.51
2929,29,29,430,292,67.91,138,32.09
2930,29,30,506,386,76.28,120,23.72
2931,29,31,395,257,65.06,138,34.94
2932,29,32,399,268,67.17,131,32.83
2933,29,33,247,203,82.19,44,17.81
2934,29,34,250,178,71.2,72,28.8
2935,29,35,289,209,72.32,80,27.68
2936,29,36,332,252,75.9,80,24.1
2937,29,37,349,244,69.91,105,30.09
2938,29,38,471,349,74.1,122,25.9
2939,29,39,398,294,73.87,104,26.13
2940,29,40,408,320,78.43,88,21.57
2941,29,41,313,230,73.48,83,26.52
2942,29,42,394,298,75.63,96,24.37
2943,29,43,464,368,79.31,96,20.69
2944,29,44,387,299,77.26,88,22.74
3001,30,1,456,347,76.1,109,23.9
3002,30,2,400,290,72.5,110,27.5
3003,30,3,352,267,75.85,85,24.15
3004,30,4,398,284,71.36,114,28.64
3005,30,5,327,228,69.72,99,30.28
3006,30,6,281,205,72.95,76,27.05
3007,30,7,460,315,68.48,145,31.52
3008,30,8,501,378,75.45,123,24.55
3009,30,9,346,254,73.41,92,26.59
3010,30,10,390,287,73.59,103,26.41
3011,30,11,413,297,71.91,116,28.09
3012,30,12,373,273,73.19,100,26.81
3013,30,13,418,300,71.77,118,28.23
3014,30,14,295,211,71.53,84,28.47
3015,30,15,368,306,83.15,62,16.85
3016,30,16,223,156,69.96,67,30.04
3017,30,17,425,319,75.06,106,24.94
3018,30,18,514,419,81.52,95,18.48
3019,30,19,441,302,68.48,139,31.52
3020,30,20,434,324,74.65,110,25.35
3021,30,21,284,203,71.48,81,28.52
3022,30,22,615,454,73.82,161,26.18
3023,30,23,530,404,76.23,126,23.77
3024,30,24,599,458,76.46,141,23.54
3025,30,25,616,467,75.81,149,24.19
3026,30,26,264,196,74.24,68,25.76
3027,30,27,298,223,74.83,75,25.17
3028,30,28,434,345,79.49,89,20.51
3029,30,29,293,208,70.99,85,29.01
3030,30,30,178,125,70.22,53,29.78
3031,30,31,261,187,71.65,74,28.35
3032,30,32,342,270,78.95,72,21.05
3101,31,1,267,187,70.04,80,29.96
3102,31,2,254,185,72.83,69,27.17
3103,31,3,263,192,73.0,71,27.0
3104,31,4,355,273,76.9,82,23.1
3105,31,5,308,236,76.62,72,23.38
3106,31,6,193,144,74.61,49,25.39
3107,31,7,401,316,78.8,85,21.2
3108,31,8,265,187,70.57,78,29.43
3109,31,9,305,228,74.75,77,25.25
3110,31,10,338,263,77.81,75,22.19
3111,31,11,206,146,70.87,60,29.13
3112,31,12,235,168,71.49,67,28.51
3113,31,13,308,224,72.73,84,27.27
3114,31,14,266,198,74.44,68,25.56
3115,31,15,285,197,69.12,88,30.88
3116,31,16,343,280,81.63,63,18.37
3117,31,17,262,199,75.95,63,24.05
3118,31,18,267,196,73.41,71,26.59
3119,31,19,249,167,67.07,82,32.93
3120,31,20,243,159,65.43,84,34.57
3121,31,21,248,183,73.79,65,26.21
3122,31,22,245,179,73.06,66,26.94
3123,31,23,312,254,81.41,58,18.59
3124,31,24,283,209,73.85,74,26.15
3125,31,25,287,203,70.73,84,29.27
3126,31,26,285,215,75.44,70,24.56
3127,31,27,303,228,75.25,75,24.75
3128,31,28,270,182,67.41,88,32.59
3129,31,29,269,193,71.75,76,28.25
3130,31,30,238,184,77.31,54,22.69
3131,31,31,234,163,69.66,71,30.34
3132,31,32,228,171,75.0,57,25.0
3133,31,33,263,201,76.43,62,23.57
3134,31,34,282,200,70.92,82,29.08
3135,31,35,335,237,70.75,98,29.25
3136,31,36,277,206,74.37,71,25.63
3137,31,37,264,192,72.73,72,27.27
3138,31,38,255,196,76.86,59,23.14
3139,31,39,312,240,76.92,72,23.08
3140,31,40,317,224,70.66,93,29.34
3141,31,41,261,193,73.95,68,26.05
3201,32,1,643,519,80.72,124,19.28
3202,32,2,565,471,83.36,94,16.64
3203,32,3,541,451,83.36,90,16.64
3204,32,4,444,378,85.14,66,14.86
3205,32,5,535,465,86.92,70,13.08
3206,32,6,600,531,88.5,69,11.5
3207,32,7,584,483,82.71,101,17.29
3208,32,8,620,535,86.29,85,13.71
3209,32,9,508,419,82.48,89,17.52
3210,32,10,555,447,80.54,108,19.46
3211,32,11,449,370,82.41,79,17.59
3212,32,12,340,285,83.82,55,16.18
3213,32,13,551,455,82.58,96,17.42
3214,32,14,542,471,86.9,71,13.1
3215,32,15,479,397,82.88,82,17.12
3216,32,16,475,400,84.21,75,15.79
3217,32,17,484,399,82.44,85,17.56
3218,32,18,488,414,84.84,74,15.16
3219,32,19,474,396,83.54,78,16.46
3220,32,20,480,412,85.83,68,14.17
3221,32,21,513,448,87.33,65,12.67
3222,32,22,630,544,86.35,86,13.65
3223,32,23,534,470,88.01,64,11.99
3224,32,24,434,368,84.79,66,15.21
3225,32,25,504,428,84.92,76,15.08
3226,32,26,519,447,86.13,72,13.87
3227,32,27,512,428,83.59,84,16.41
3228,32,28,525,435,82.86,90,17.14
3229,32,29,531,440,82.86,91,17.14
3230,32,30,494,424,85.83,70,14.17
3231,32,31,541,448,82.81,93,17.19
3232,32,32,591,510,86.29,81,13.71
3233,32,33,450,407,90.44,43,9.56
3234,32,34,558,469,84.05,89,15.95
3235,32,35,481,398,82.74,83,17.26
3236,32,36,514,452,87.94,62,12.06
3237,32,37,591,489,82.74,102,17.26
3238,32,38,484,396,81.82,88,18.18
3239,32,39,562,481,85.59,81,14.41
3240,32,40,512,428,83.59,84,16.41
3241,32,41,529,436,82.42,93,17.58
3242,32,42,476,405,85.08,71,14.92
3243,32,43,465,383,82.37,82,17.63
3301,33,1,560,431,76.96,129,23.04
3302,33,2,692,529,76.45,163,23.55
3303,33,3,744,601,80.78,143,19.22
3304,33,4,700,535,76.43,165,23.57
3305,33,5,505,406,80.4,99,19.6
3306,33,6,472,363,76.91,109,23.09
3307,33,7,559,454,81.22,105,18.78
3308,33,8,658,548,83.28,110,16.72
3309,33,9,593,466,78.58,127,21.42
3310,33,10,447,357,79.87,90,20.13
3311,33,11,531,421,79.28,110,20.72
3312,33,12,545,428,78.53,117,21.47
3313,33,13,517,395,76.4,122,23.6
3314,33,14,255,199,78.04,56,21.96
3315,33,15,554,444,80.14,110,19.86
3316,33,16,721,548,76.01,173,23.99
3317,33,17,552,420,76.09,132,23.91
3318,33,18,750,596,79.47,154,20.53
3319,33,19,631,499,79.08,132,20.92
3320,33,20,680,574,84.41,106,15.59
3321,33,21,591,470,79.53,121,20.47
3322,33,22,494,379,76.72,115,23.28
3323,33,23,604,483,79.97,121,20.03
3324,33,24,667,563,84.41,104,15.59
3325,33,25,642,531,82.71,111,17.29
3326,33,26,388,310,79.9,78,20.1
3327,33,27,627,489,77.99,138,22.01
3328,33,28,496,407,82.06,89,17.94
3401,34,1,400,314,78.5,86,21.5
3402,34,2,312,261,83.65,51,16.35
3403,34,3,355,274,77.18,81,22.82
3404,34,4,275,224,81.45,51,18.55
3405,34,5,314,251,79.94,63,20.06
3406,34,6,404,327,80.94,77,19.06
3407,34,7,376,296,78.72,80,21.28
3408,34,8,300,242,80.67,58,19.33
3409,34,9,237,182,76.79,55,23.21
3410,34,10,302,248,82.12,54,17.88
3411,34,11,319,245,76.8,74,23.2
3412,34,12,383,311,81.2,72,18.8
3413,34,13,368,287,77.99,81,22.01
3414,34,14,273,214,78.39,59,21.61
3415,34,15,325,259,79.69,66,20.31
3416,34,16,323,250,77.4,73,22.6
3417,34,17,442,365,82.58,77,17.42
3418,34,18,216,166,76.85,50,23.15
3419,34,19,384,315,82.03,69,17.97
3420,34,20,416,361,86.78,55,13.22
3421,34,21,430,352,81.86,78,18.14
3422,34,22,358,293,81.84,65,18.16
3423,34,23,311,241,77.49,70,22.51
3424,34,24,310,246,79.35,64,20.65
3425,34,25,529,426,80.53,103,19.47
3426,34,26,413,333,80.63,80,19.37
3427,34,27,290,221,76.21,69,23.79
3428,34,28,223,164,73.54,59,26.46
3429,34,29,290,220,75.86,70,24.14
3430,34,30,336,288,85.71,48,14.29
3431,34,31,278,222,79.86,56,20.14
3432,34,32,354,271,76.55,83,23.45
3433,34,33,300,230,76.67,70,23.33
3434,34,34,420,356,84.76,64,15.24
3435,34,35,442,348,78.73,94,21.27
3436,34,36,316,266,84.18,50,15.82
3437,34,37,199,145,72.86,54,27.14
3438,34,38,179,129,72.07,50,27.93
3439,34,39,275,201,73.09,74,26.91
3440,34,40,379,296,78.1,83,21.9
3441,34,41,215,164,76.28,51,23.72
3442,34,42,359,305,84.96,54,15.04
3443,34,43,332,278,83.73,54,16.27
3444,34,44,309,259,83.82,50,16.18
3445,34,45,353,282,79.89,71,20.11
3446,34,46,242,204,84.3,38,15.7
3447,34,47,316,266,84.18,50,15.82
3448,34,48,363,315,86.78,48,13.22
3449,34,49,330,290,87.88,40,12.12
3450,34,50,286,226,79.02,60,20.98
3451,34,51,407,337,82.8,70,17.2
3452,34,52,281,237,84.34,44,15.66
3453,34,53,244,187,76.64,57,23.36
3501,35,1,454,349,76.87,105,23.13
3502,35,2,465,384,82.58,81,17.42
3503,35,3,420,324,77.14,96,22.86
3504,35,4,469,354,75.48,115,24.52
3505,35,5,389,309,79.43,80,20.57
3506,35,6,490,396,80.82,94,19.18
3507,35,7,465,386,83.01,79,16.99
3508,35,8,469,376,80.17,93,19.83
3509,35,9,398,288,72.36,110,27.64
3510,35,10,524,435,83.02,89,16.98
3511,35,11,503,393,78.13,110,21.87
3512,35,12,309,220,71.2,89,28.8
3513,35,13,322,234,72.67,88,27.33
3514,35,14,372,267,71.77,105,28.23
3515,35,15,554,449,81.05,105,18.95
3516,35,16,247,175,70.85,72,29.15
3517,35,17,450,359,79.78,91,20.22
3518,35,18,315,234,74.29,81,25.71
3519,35,19,289,216,74.74,73,25.26
3520,35,20,471,360,76.43,111,23.57
3521,35,21,463,361,77.97,102,22.03
3522,35,22,570,463,81.23,107,18.77
3523,35,23,465,353,75.91,112,24.09
3524,35,24,407,314,77.15,93,22.85
3525,35,25,462,380,82.25,82,17.75
3526,35,26,401,303,75.56,98,24.44
3527,35,27,412,327,79.37,85,20.63
3528,35,28,454,354,77.97,100,22.03
3529,35,29,431,321,74.48,110,25.52
3530,35,30,418,316,75.6,102,24.4
3531,35,31,493,386,78.3,107,21.7
3601,36,1,381,273,71.65,108,28.35
3602,36,2,370,258,69.73,112,30.27
3603,36,3,345,249,72.17,96,27.83
3604,36,4,433,320,73.9,113,26.1
3605,36,5,346,252,72.83,94,27.17
3606,36,6,341,237,69.5,104,30.5
3607,36,7,382,269,70.42,113,29.58
3608,36,8,319,216,67.71,103,32.29
3609,36,9,381,264,69.29,117,30.71
3610,36,10,489,359,73.42,130,26.58
3611,36,11,270,178,65.93,92,34.07
3612,36,12,243,179,73.66,64,26.34
3613,36,13,267,200,74.91,67,25.09
3614,36,14,424,315,74.29,109,25.71
3615,36,15,369,286,77.51,83,22.49
3616,36,16,371,272,73.32,99,26.68
3617,36,17,464,336,72.41,128,27.59
3618,36,18,399,277,69.42,122,30.58
3619,36,19,488,343,70.29,145,29.71
3620,36,20,438,305,69.63,133,30.37
3621,36,21,347,237,68.3,110,31.7
3622,36,22,355,240,67.61,115,32.39
3623,36,23,348,240,68.97,108,31.03
3624,36,24,445,323,72.58,122,27.42
3625,36,25,402,280,69.65,122,30.35
3626,36,26,351,251,71.51,100,28.49
3627,36,27,324,236,72.84,88,27.16
3628,36,28,342,243,71.05,99,28.95
3629,36,29,406,283,69.7,123,30.3
3630,36,30,359,247,68.8,112,31.2
3701,37,1,203,162,79.8,41,20.2
3702,37,2,305,217,71.15,88,28.85
3703,37,3,219,155,70.78,64,29.22
3704,37,4,260,176,67.69,84,32.31
3705,37,5,318,244,76.73,74,23.27
3706,37,6,215,173,80.47,42,19.53
3707,37,7,251,200,79.68,51,20.32
3708,37,8,217,157,72.35,60,27.65
3709,37,9,302,224,74.17,78,25.83
3710,37,10,404,313,77.48,91,22.52
3711,37,11,202,148,73.27,54,26.73
3712,37,12,294,218,74.15,76,25.85
3713,37,13,229,174,75.98,55,24.02
3714,37,14,364,275,75.55,89,24.45
3715,37,15,330,253,76.67,77,23.33
3716,37,16,351,270,76.92,81,23.08
3717,37,17,232,180,77.59,52,22.41
3718,37,18,268,198,73.88,70,26.12
3719,37,19,232,180,77.59,52,22.41
3720,37,20,282,215,76.24,67,23.76
3721,37,21,246,187,76.02,59,23.98
3722,37,22,289,199,68.86,90,31.14
3723,37,23,309,240,77.67,69,22.33
3724,37,24,304,217,71.38,87,28.62
3725,37,25,271,193,71.22,78,28.78
3726,37,26,429,323,75.29,106,24.71
3727,37,27,313,231,73.8,82,26.2
3728,37,28,274,201,73.36,73,26.64
3729,37,29,269,208,77.32,61,22.68
3730,37,30,276,210,76.09,66,23.91
3731,37,31,370,298,80.54,72,19.46
3732,37,32,275,212,77.09,63,22.91
3733,37,33,236,180,76.27,56,23.73
3734,37,34,280,208,74.29,72,25.71
3735,37,35,325,244,75.08,81,24.92
3736,37,36,212,157,74.06,55,25.94
3737,37,37,326,244,74.85,82,25.15
3738,37,38,340,260,76.47,80,23.53
3739,37,39,259,192,74.13,67,25.87
3740,37,40,324,251,77.47,73,22.53
3741,37,41,304,231,75.99,73,24.01
3801,38,1,379,290,76.52,89,23.48
3802,38,2,366,237,64.75,129,35.25
3803,38,3,389,270,69.41,119,30.59
3804,38,4,363,254,69.97,109,30.03
3805,38,5,361,246,68.14,115,31.86
3806,38,6,387,252,65.12,135,34.88
3807,38,7,363,243,66.94,120,33.06
3808,38,8,374,251,67.11,123,32.89
3809,38,9,455,307,67.47,148,32.53
3810,38,10,350,240,68.57,110,31.43
3811,38,11,350,273,78.0,77,22.0
3812,38,12,342,209,61.11,133,38.89
3813,38,13,432,302,69.91,130,30.09
3814,38,14,419,289,68.97,130,31.03
3815,38,15,359,262,72.98,97,27.02
3816,38,16,384,247,64.32,137,35.68
3817,38,17,453,296,65.34,157,34.66
3818,38,18,394,283,71.83,111,28.17
3819,38,19,419,308,73.51,111,26.49
3820,38,20,388,256,65.98,132,34.02
3821,38,21,394,292,74.11,102,25.89
3822,38,22,360,264,73.33,96,26.67
3823,38,23,403,294,72.95,109,27.05
3824,38,24,370,251,67.84,119,32.16
3825,38,25,359,257,71.59,102,28.41
3826,38,26,398,288,72.36,110,27.64
3827,38,27,372,242,65.05,130,34.95
3828,38,28,481,304,63.2,177,36.8
3829,38,29,403,283,70.22,120,29.78
3830,38,30,386,249,64.51,137,35.49
3831,38,31,403,318,78.91,85,21.09
3832,38,32,369,278,75.34,91,24.66
3833,38,33,328,251,76.52,77,23.48
3834,38,34,355,265,74.65,90,25.35
3835,38,35,371,282,76.01,89,23.99
3836,38,36,362,273,75.41,89,24.59
3837,38,37,381,250,65.62,131,34.38
3838,38,38,382,262,68.59,120,31.41
3839,38,39,422,298,70.62,124,29.38
3840,38,40,402,282,70.15,120,29.85
3841,38,41,350,274,78.29,76,21.71
3901,39,1,379,271,71.5,108,28.5
3902,39,2,241,207,85.89,34,14.11
3903,39,3,460,363,78.91,97,21.09
3904,39,4,386,268,69.43,118,30.57
3905,39,5,417,325,77.94,92,22.06
3906,39,6,437,314,71.85,123,28.15
3907,39,7,361,287,79.5,74,20.5
3908,39,8,417,330,79.14,87,20.86
3909,39,9,372,294,79.03,78,20.97
3910,39,10,196,165,84.18,31,15.82
3911,39,11,387,282,72.87,105,27.13
3912,39,12,554,420,75.81,134,24.19
3913,39,13,327,243,74.31,84,25.69
3914,39,14,419,309,73.75,110,26.25
3915,39,15,451,334,74.06,117,25.94
3916,39,16,370,283,76.49,87,23.51
3917,39,17,407,316,77.64,91,22.36
3918,39,18,409,318,77.75,91,22.25
3919,39,19,391,301,76.98,90,23.02
3920,39,20,503,342,67.99,161,32.01
3921,39,21,396,262,66.16,134,33.84
3922,39,22,401,313,78.05,88,21.95
3923,39,23,411,306,74.45,105,25.55
3924,39,24,495,347,70.1,148,29.9
3925,39,25,345,276,80.0,69,20.0
3926,39,26,364,256,70.33,108,29.67
3927,39,27,56,44,78.57,12,21.43
3928,39,28,505,396,78.42,109,21.58
3929,39,29,216,170,78.7,46,21.3
3930,39,30,503,424,84.29,79,15.71
3931,39,31,361,279,77.29,82,22.71
3932,39,32,299,220,73.58,79,26.42
3933,39,33,410,342,83.41,68,16.59
3934,39,34,482,370,76.76,112,23.24
3935,39,35,406,321,79.06,85,20.94
3936,39,36,101,87,86.14,14,13.86
3937,39,37,362,287,79.28,75,20.72
3938,39,38,204,158,77.45,46,22.55
3939,39,39,247,192,77.73,55,22.27
3940,39,40,402,292,72.64,110,27.36
3941,39,41,405,312,77.04,93,22.96
3942,39,42,409,321,78.48,88,21.52
3943,39,43,415,289,69.64,126,30.36
3944,39,44,314,231,73.57,83,26.43
3945,39,45,341,246,72.14,95,27.86
4001,40,1,402,315,78.36,87,21.64
4002,40,2,482,387,80.29,95,19.71
4003,40,3,588,483,82.14,105,17.86
4004,40,4,286,228,79.72,58,20.28
4005,40,5,531,447,84.18,84,15.82
4006,40,6,551,478,86.75,73,13.25
4007,40,7,448,387,86.38,61,13.62
4008,40,8,625,540,86.4,85,13.6
4009,40,9,367,287,78.2,80,21.8
4010,40,10,519,408,78.61,111,21.39
4011,40,11,488,412,84.43,76,15.57
4012,40,12,398,332,83.42,66,16.58
4013,40,13,698,598,85.67,100,14.33
4014,40,14,415,323,77.83,92,22.17
4015,40,15,443,347,78.33,96,21.67
4016,40,16,630,521,82.7,109,17.3
4017,40,17,386,313,81.09,73,18.91
4018,40,18,375,306,81.6,69,18.4
4019,40,19,575,440,76.52,135,23.48
4020,40,20,486,385,79.22,101,20.78
4021,40,21,538,460,85.5,78,14.5
4022,40,22,582,504,86.6,78,13.4
4023,40,23,579,498,86.01,81,13.99
4024,40,24,429,334,77.86,95,22.14
4025,40,25,558,455,81.54,103,18.46
4026,40,26,494,422,85.43,72,14.57
4027,40,27,576,471,81.77,105,18.23
4028,40,28,512,403,78.71,109,21.29
4029,40,29,475,379,79.79,96,20.21
4030,40,30,377,298,79.05,79,20.95
4031,40,31,534,456,85.39,78,14.61
4032,40,32,517,451,87.23,66,12.77
4033,40,33,464,398,85.78,66,14.22
4034,40,34,392,312,79.59,80,20.41
4035,40,35,323,259,80.19,64,19.81
4036,40,36,402,336,83.58,66,16.42
4037,40,37,500,410,82.0,90,18.0
4038,40,38,591,513,86.8,78,13.2
4039,40,39,187,148,79.14,39,20.86
4101,41,1,407,236,57.99,171,42.01
4102,41,2,451,258,57.21,193,42.79
4103,41,3,409,271,66.26,138,33.74
4104,41,4,404,283,70.05,121,29.95
4105,41,5,482,330,68.46,152,31.54
4106,41,6,475,344,72.42,131,27.58
4107,41,7,427,283,66.28,144,33.72
4108,41,8,421,269,63.9,152,36.1
4109,41,9,362,236,65.19,126,34.81
4110,41,10,418,288,68.9,130,31.1
4111,41,11,447,253,56.6,194,43.4
4112,41,12,451,314,69.62,137,30.38
4113,41,13,463,299,64.58,164,35.42
4114,41,14,436,323,74.08,113,25.92
4115,41,15,505,359,71.09,146,28.91
4116,41,16,400,260,65.0,140,35.0
4117,41,17,368,246,66.85,122,33.15
4118,41,18,371,241,64.96,130,35.04
4119,41,19,430,329,76.51,101,23.49
4120,41,20,311,212,68.17,99,31.83
4121,41,21,449,299,66.59,150,33.41
4122,41,22,479,305,63.67,174,36.33
4123,41,23,386,245,63.47,141,36.53
4124,41,24,405,259,63.95,146,36.05
4125,41,25,375,253,67.47,122,32.53
4126,41,26,387,254,65.63,133,34.37
4127,41,27,371,244,65.77,127,34.23
4128,41,28,405,279,68.89,126,31.11
4129,41,29,336,219,65.18,117,34.82
4130,41,30,363,248,68.32,115,31.68
4131,41,31,367,258,70.3,109,29.7
4132,41,32,371,250,67.39,121,32.61
4133,41,33,385,249,64.68,136,35.32
4134,41,34,378,245,64.81,133,35.19
4135,41,35,469,278,59.28,191,40.72
4136,41,36,421,274,65.08,147,34.92
4137,41,37,468,340,72.65,128,27.35
4138,41,38,408,265,64.95,143,35.05
4139,41,39,419,265,63.25,154,36.75
4140,41,40,452,252,55.75,200,44.25
4141,41,41,435,301,69.2,134,30.8
4142,41,42,412,268,65.05,144,34.95
4143,41,43,396,264,66.67,132,33.33
4144,41,44,421,256,60.81,165,39.19
4145,41,45,414,276,66.67,138,33.33
4146,41,46,411,270,65.69,141,34.31
4147,41,47,414,276,66.67,138,33.33
4201,42,1,390,338,86.67,52,13.33
4202,42,2,583,497,85.25,86,14.75
4203,42,3,505,435,86.14,70,13.86
4204,42,4,1099,927,84.35,172,15.65
4205,42,5,386,337,87.31,49,12.69
4206,42,6,449,371,82.63,78,17.37
4207,42,7,561,468,83.42,93,16.58
4208,42,8,370,294,79.46,76,20.54
4209,42,9,661,552,83.51,109,16.49
4210,42,10,690,565,81.88,125,18.12
4211,42,11,311,267,85.85,44,14.15
4212,42,12,376,325,86.44,51,13.56
4213,42,13,375,310,82.67,65,17.33
4214,42,14,664,567,85.39,97,14.61
4215,42,15,641,537,83.78,104,16.22
4216,42,16,485,403,83.09,82,16.91
4217,42,17,765,639,83.53,126,16.47
4218,42,18,641,542,84.56,99,15.44
4219,42,19,583,489,83.88,94,16.12
4220,42,20,580,468,80.69,112,19.31
4221,42,21,615,546,88.78,69,11.22
4222,42,22,273,234,85.71,39,14.29
4223,42,23,493,405,82.15,88,17.85
4224,42,24,421,360,85.51,61,14.49
4225,42,25,554,437,78.88,117,21.12
4226,42,26,764,640,83.77,124,16.23
4227,42,27,335,251,74.93,84,25.07
4228,42,28,526,435,82.7,91,17.3
4229,42,29,579,467,80.66,112,19.34
4230,42,30,366,304,83.06,62,16.94
4231,42,31,556,457,82.19,99,17.81
4232,42,32,584,474,81.16,110,18.84
4233,42,33,561,464,82.71,97,17.29
4234,42,34,370,307,82.97,63,17.03
4235,42,35,592,483,81.59,109,18.41
4236,42,36,885,709,80.11,176,19.89
4237,42,37,370,308,83.24,62,16.76
4238,42,38,484,397,82.02,87,17.98
4239,42,39,862,747,86.66,115,13.34
4240,42,40,720,604,83.89,116,16.11
4241,42,41,513,424,82.65,89,17.35
4242,42,42,867,749,86.39,118,13.61
4301,43,1,243,208,85.6,35,14.4
4302,43,2,519,442,85.16,77,14.84
4303,43,3,453,381,84.11,72,15.89
4304,43,4,550,471,85.64,79,14.36
4305,43,5,437,379,86.73,58,13.27
4306,43,6,378,323,85.45,55,14.55
4307,43,7,282,254,90.07,28,9.93
4308,43,8,365,318,87.12,47,12.88
4309,43,9,462,394,85.28,68,14.72
4310,43,10,568,497,87.5,71,12.5
4311,43,11,449,395,87.97,54,12.03
4312,43,12,311,267,85.85,44,14.15
4313,43,13,484,416,85.95,68,14.05
4314,43,14,477,406,85.12,71,14.88
4315,43,15,460,387,84.13,73,15.87
4316,43,16,641,549,85.65,92,14.35
4317,43,17,387,350,90.44,37,9.56
4318,43,18,523,451,86.23,72,13.77
4319,43,19,468,418,89.32,50,10.68
4320,43,20,579,500,86.36,79,13.64
4321,43,21,545,456,83.67,89,16.33
4322,43,22,330,287,86.97,43,13.03
4323,43,23,342,293,85.67,49,14.33
4324,43,24,346,298,86.13,48,13.87
4325,43,25,400,339,84.75,61,15.25
4326,43,26,289,256,88.58,33,11.42
4327,43,27,444,388,87.39,56,12.61
4328,43,28,569,488,85.76,81,14.24
4329,43,29,667,573,85.91,94,14.09
4330,43,30,507,442,87.18,65,12.82
4331,43,31,439,358,81.55,81,18.45
4332,43,32,480,429,89.38,51,10.63
4333,43,33,437,383,87.64,54,12.36
4334,43,34,315,273,86.67,42,13.33
4335,43,35,489,413,84.46,76,15.54
4336,43,36,315,266,84.44,49,15.56
4337,43,37,565,489,86.55,76,13.45
4338,43,38,319,263,82.45,56,17.55
4339,43,39,354,289,81.64,65,18.36
4340,43,40,362,300,82.87,62,17.13
4341,43,41,578,515,89.1,63,10.9
4342,43,42,446,385,86.32,61,13.68
4343,43,43,442,389,88.01,53,11.99
4344,43,44,446,386,86.55,60,13.45
4345,43,45,292,252,86.3,40,13.7
4346,43,46,286,246,86.01,40,13.99
4401,44,1,794,682,85.89,112,14.11
4402,44,2,519,447,86.13,72,13.87
4403,44,3,269,237,88.1,32,11.9
4404,44,4,390,356,91.28,34,8.72
4405,44,5,520,459,88.27,61,11.73
4406,44,6,644,568,88.2,76,11.8
4407,44,7,305,261,85.57,44,14.43
4408,44,8,710,613,86.34,97,13.66
4409,44,9,547,481,87.93,66,12.07
4410,44,10,558,476,85.3,82,14.7
4411,44,11,616,508,82.47,108,17.53
4412,44,12,539,476,88.31,63,11.69
4413,44,13,459,404,88.02,55,11.98
4414,44,14,519,440,84.78,79,15.22
4415,44,15,486,424,87.24,62,12.76
4416,44,16,613,503,82.06,110,17.94
4417,44,17,699,602,86.12,97,13.88
4418,44,18,572,500,87.41,72,12.59
4419,44,19,616,526,85.39,90,14.61
4420,44,20,671,576,85.84,95,14.16
4421,44,21,612,533,87.09,79,12.91
4422,44,22,499,427,85.57,72,14.43
4423,44,23,516,465,90.12,51,9.88
4424,44,24,343,314,91.55,29,8.45
4425,44,25,532,473,88.91,59,11.09
4426,44,26,706,615,87.11,91,12.89
4427,44,27,609,528,86.7,81,13.3
4428,44,28,581,497,85.54,84,14.46
4429,44,29,613,545,88.91,68,11.09
4430,44,30,641,557,86.9,84,13.1
4431,44,31,483,406,84.06,77,15.94
4432,44,32,608,502,82.57,106,17.43
4433,44,33,606,530,87.46,76,12.54
4434,44,34,548,483,88.14,65,11.86
4435,44,35,537,453,84.36,84,15.64
4436,44,36,612,537,87.75,75,12.25
4437,44,37,606,524,86.47,82,13.53
4438,44,38,638,538,84.33,100,15.67
4439,44,39,585,519,88.72,66,11.28
4440,44,40,503,442,87.87,61,12.13
4441,44,41,690,588,85.22,102,14.78
4501,45,1,363,297,81.82,66,18.18
4502,45,2,432,364,84.26,68,15.74
4503,45,3,388,323,83.25,65,16.75
4504,45,4,508,389,76.57,119,23.43
4505,45,5,442,359,81.22,83,18.78
4506,45,6,580,466,80.34,114,19.66
4507,45,7,608,495,81.41,113,18.59
4508,45,8,444,348,78.38,96,21.62
4509,45,9,428,312,72.9,116,27.1
4510,45,10,412,299,72.57,113,27.43
4511,45,11,338,245,72.49,93,27.51
4512,45,12,373,275,73.73,98,26.27
4513,45,13,345,277,80.29,68,19.71
4514,45,14,607,478,78.75,129,21.25
4515,45,15,515,398,77.28,117,22.72
4516,45,16,350,279,79.71,71,20.29
4517,45,17,451,330,73.17,121,26.83
4518,45,18,456,347,76.1,109,23.9
4519,45,19,234,177,75.64,57,24.36
4520,45,20,288,211,73.26,77,26.74
4521,45,21,365,258,70.68,107,29.32
4522,45,22,379,274,72.3,105,27.7
4523,45,23,392,278,70.92,114,29.08
4524,45,24,326,222,68.1,104,31.9
4525,45,25,278,184,66.19,94,33.81
4526,45,26,237,166,70.04,71,29.96
4527,45,27,407,287,70.52,120,29.48
4528,45,28,337,245,72.7,92,27.3
4529,45,29,263,210,79.85,53,20.15
4530,45,30,417,313,75.06,104,24.94
4531,45,31,337,257,76.26,80,23.74
4532,45,32,392,286,72.96,106,27.04
4533,45,33,295,235,79.66,60,20.34
4534,45,34,440,326,74.09,114,25.91
4535,45,35,461,338,73.32,123,26.68
4536,45,36,434,306,70.51,128,29.49
4537,45,37,403,284,70.47,119,29.53
4538,45,38,396,282,71.21,114,28.79
4539,45,39,412,297,72.09,115,27.91
4540,45,40,386,253,65.54,133,34.46
4541,45,41,368,249,67.66,119,32.34
4542,45,42,390,281,72.05,109,27.95
4543,45,43,433,304,70.21,129,29.79
4544,45,44,374,270,72.19,104,27.81
4545,45,45,264,163,61.74,101,38.26
4546,45,46,331,218,65.86,113,34.14
4547,45,47,296,198,66.89,98,33.11
4548,45,48,312,199,63.78,113,36.22
4601,46,1,384,313,81.51,71,18.49
4602,46,2,507,423,83.43,84,16.57
4603,46,3,581,510,87.78,71,12.22
4604,46,4,488,414,84.84,74,15.16
4605,46,5,672,565,84.08,107,15.92
4606,46,6,427,349,81.73,78,18.27
4607,46,7,481,408,84.82,73,15.18
4608,46,8,341,279,81.82,62,18.18
4609,46,9,573,481,83.94,92,16.06
4610,46,10,873,759,86.94,114,13.06
4611,46,11,478,398,83.26,80,16.74
4612,46,12,546,467,85.53,79,14.47
4613,46,13,529,457,86.39,72,13.61
4614,46,14,520,421,80.96,99,19.04
4615,46,15,514,449,87.35,65,12.65
4616,46,16,577,489,84.75,88,15.25
4617,46,17,536,466,86.94,70,13.06
4618,46,18,568,462,81.34,106,18.66
4619,46,19,336,282,83.93,54,16.07
4620,46,20,429,371,86.48,58,13.52
4621,46,21,383,294,76.76,89,23.24
4622,46,22,363,297,81.82,66,18.18
4623,46,23,473,391,82.66,82,17.34
4624,46,24,640,551,86.09,89,13.91
4625,46,25,507,428,84.42,79,15.58
4626,46,26,702,592,84.33,110,15.67
4627,46,27,673,552,82.02,121,17.98
4628,46,28,462,402,87.01,60,12.99
4629,46,29,399,335,83.96,64,16.04
4630,46,30,529,444,83.93,85,16.07
4631,46,31,525,468,89.14,57,10.86
4632,46,32,476,373,78.36,103,21.64
4633,46,33,513,449,87.52,64,12.48
4634,46,34,662,550,83.08,112,16.92
4635,46,35,576,494,85.76,82,14.24
4636,46,36,473,410,86.68,63,13.32
4637,46,37,402,335,83.33,67,16.67
4638,46,38,586,489,83.45,97,16.55
4639,46,39,455,365,80.22,90,19.78
4640,46,40,426,359,84.27,67,15.73
4701,47,1,367,308,83.92,59,16.08
4702,47,2,510,453,88.82,57,11.18
4703,47,3,488,429,87.91,59,12.09
4704,47,4,627,545,86.92,82,13.08
4705,47,5,571,481,84.24,90,15.76
4706,47,6,632,561,88.77,71,11.23
4707,47,7,494,395,79.96,99,20.04
4708,47,8,533,446,83.68,87,16.32
4709,47,9,496,415,83.67,81,16.33
4710,47,10,638,552,86.52,86,13.48
4711,47,11,534,453,84.83,81,15.17
4712,47,12,568,476,83.8,92,16.2
4713,47,13,512,435,84.96,77,15.04
4714,47,14,479,420,87.68,59,12.32
4715,47,15,661,556,84.11,105,15.89
4716,47,16,525,452,86.1,73,13.9
4717,47,17,518,403,77.8,115,22.2
4718,47,18,511,421,82.39,90,17.61
4719,47,19,821,708,86.24,113,13.76
4720,47,20,557,469,84.2,88,15.8
4721,47,21,505,407,80.59,98,19.41
4722,47,22,577,493,85.44,84,14.56
4723,47,23,598,521,87.12,77,12.88
4724,47,24,549,480,87.43,69,12.57
4725,47,25,646,545,84.37,101,15.63
4726,47,26,725,629,86.76,96,13.24
4727,47,27,458,388,84.72,70,15.28
4728,47,28,498,415,83.33,83,16.67
4729,47,29,628,548,87.26,80,12.74
4730,47,30,660,578,87.58,82,12.42
4731,47,31,576,494,85.76,82,14.24
4732,47,32,645,566,87.75,79,12.25
4733,47,33,510,435,85.29,75,14.71
4734,47,34,555,480,86.49,75,13.51
4735,47,35,521,436,83.69,85,16.31
4736,47,36,617,532,86.22,85,13.78
4737,47,37,489,417,85.28,72,14.72
4738,47,38,534,460,86.14,74,13.86
4739,47,39,526,454,86.31,72,13.69
4740,47,40,496,424,85.48,72,14.52
4741,47,41,583,489,83.88,94,16.12
4742,47,42,512,445,86.91,67,13.09
4743,47,43,475,410,86.32,65,13.68
4744,47,44,452,382,84.51,70,15.49
4745,47,45,502,440,87.65,62,12.35
4746,47,46,548,463,84.49,85,15.51
4747,47,47,650,566,87.08,84,12.92
4748,47,48,32,23,71.88,9,28.13
4801,48,1,502,425,84.66,77,15.34
4802,48,2,205,179,87.32,26,12.68
4803,48,3,571,466,81.61,105,18.39
4804,48,4,446,384,86.1,62,13.9
4805,48,5,252,226,89.68,26,10.32
4806,48,6,586,495,84.47,91,15.53
4807,48,7,529,464,87.71,65,12.29
4808,48,8,244,210,86.07,34,13.93
4809,48,9,315,260,82.54,55,17.46
4810,48,10,697,607,87.09,90,12.91
4811,48,11,401,354,88.28,47,11.72
4812,48,12,586,505,86.18,81,13.82
4813,48,13,605,506,83.64,99,16.36
4814,48,14,201,167,83.08,34,16.92
4815,48,15,319,267,83.7,52,16.3
4816,48,16,543,442,81.4,101,18.6
4817,48,17,418,371,88.76,47,11.24
4818,48,18,327,255,77.98,72,22.02
4819,48,19,347,305,87.9,42,12.1
4820,48,20,537,444,82.68,93,17.32
4821,48,21,623,485,77.85,138,22.15
4822,48,22,359,302,84.12,57,15.88
4823,48,23,421,369,87.65,52,12.35
4824,48,24,566,410,72.44,156,27.56
4825,48,25,422,377,89.34,45,10.66
4826,48,26,240,198,82.5,42,17.5
4827,48,27,485,400,82.47,85,17.53
4828,48,28,504,403,79.96,101,20.04
4829,48,29,177,161,90.96,16,9.04
4830,48,30,422,349,82.7,73,17.3
4831,48,31,719,587,81.64,132,18.36
4832,48,32,539,458,84.97,81,15.03
4833,48,33,254,229,90.16,25,9.84
4834,48,34,418,361,86.36,57,13.64
4835,48,35,290,235,81.03,55,18.97
4836,48,36,270,239,88.52,31,11.48
4837,48,37,508,423,83.27,85,16.73
4838,48,38,500,444,88.8,56,11.2
4839,48,39,356,304,85.39,52,14.61
4840,48,40,449,395,87.97,54,12.03
4841,48,41,648,531,81.94,117,18.06
4842,48,42,577,498,86.31,79,13.69
4843,48,43,583,489,83.88,94,16.12
4844,48,44,641,562,87.68,79,12.32
4845,48,45,372,318,85.48,54,14.52
4846,48,46,281,230,81.85,51,18.15
4901,49,1,330,243,73.64,87,26.36
4902,49,2,307,262,85.34,45,14.66
4903,49,3,633,512,80.88,121,19.12
4904,49,4,675,541,80.15,134,19.85
4905,49,5,490,419,85.51,71,14.49
4906,49,6,433,357,82.45,76,17.55
4907,49,7,400,332,83.0,68,17.0
4908,49,8,454,393,86.56,61,13.44
4909,49,9,503,418,83.1,85,16.9
4910,49,10,593,490,82.63,103,17.37
4911,49,11,657,560,85.24,97,14.76
4912,49,12,624,533,85.42,91,14.58
4913,49,13,574,468,81.53,106,18.47
4914,49,14,389,322,82.78,67,17.22
4915,49,15,377,301,79.84,76,20.16
4916,49,16,450,367,81.56,83,18.44
4917,49,17,388,329,84.79,59,15.21
4918,49,18,652,539,82.67,113,17.33
4919,49,19,471,380,80.68,91,19.32
4920,49,20,753,634,84.2,119,15.8
4921,49,21,322,262,81.37,60,18.63
4922,49,22,520,429,82.5,91,17.5
4923,49,23,671,548,81.67,123,18.33
4924,49,24,398,322,80.9,76,19.1
4925,49,25,642,512,79.75,130,20.25
4926,49,26,564,467,82.8,97,17.2
4927,49,27,587,473,80.58,114,19.42
4928,49,28,721,578,80.17,143,19.83
4929,49,29,587,492,83.82,95,16.18
4930,49,30,523,429,82.03,94,17.97
4931,49,31,350,270,77.14,80,22.86
4932,49,32,491,372,75.76,119,24.24
4933,49,33,397,325,81.86,72,18.14
5001,50,1,310,241,77.74,69,22.26
5002,50,2,215,165,76.74,50,23.26
5003,50,3,288,231,80.21,57,19.79
5004,50,4,396,326,82.32,70,17.68
5005,50,5,202,163,80.69,39,19.31
5006,50,6,388,311,80.15,77,19.85
5007,50,7,481,405,84.2,76,15.8
5008,50,8,372,303,81.45,69,18.55
5009,50,9,306,243,79.41,63,20.59
5010,50,10,363,264,72.73,99,27.27
5011,50,11,176,127,72.16,49,27.84
5012,50,12,146,110,75.34,36,24.66
5013,50,13,451,361,80.04,90,19.96
5014,50,14,109,80,73.39,29,26.61
5015,50,15,465,393,84.52,72,15.48
5016,50,16,93,72,77.42,21,22.58
5017,50,17,369,294,79.67,75,20.33
5018,50,18,44,33,75.0,11,25.0
5019,50,19,323,253,78.33,70,21.67
5020,50,20,414,323,78.02,91,21.98
5021,50,21,338,275,81.36,63,18.64
5022,50,22,324,260,80.25,64,19.75
5023,50,23,245,186,75.92,59,24.08
5024,50,24,202,138,68.32,64,31.68
5025,50,25,279,207,74.19,72,25.81
5026,50,26,394,286,72.59,108,27.41
5027,50,27,97,69,71.13,28,28.87
5028,50,28,406,320,78.82,86,21.18
5029,50,29,392,313,79.85,79,20.15
5030,50,30,315,254,80.63,61,19.37
5031,50,31,538,437,81.23,101,18.77
5032,50,32,430,360,83.72,70,16.28
5033,50,33,216,168,77.78,48,22.22
5034,50,34,443,351,79.23,92,20.77
5035,50,35,522,437,83.72,85,16.28
5036,50,36,380,307,80.79,73,19.21
5037,50,37,396,332,83.84,64,16.16
5038,50,38,113,88,77.88,25,22.12
5039,50,39,217,168,77.42,49,22.58
5040,50,40,237,170,71.73,67,28.27
