id,ward,precinct,total,Yes,Yes Percent,No,No Percent
0101,1,1,498,417,83.73,81,16.27
0102,1,2,459,370,80.61,89,19.39
0103,1,3,594,523,88.05,71,11.95
0104,1,4,573,507,88.48,66,11.52
0105,1,5,509,453,89.0,56,11.0
0106,1,6,438,378,86.3,60,13.7
0107,1,7,368,325,88.32,43,11.68
0108,1,8,420,365,86.9,55,13.1
0109,1,9,362,308,85.08,54,14.92
0110,1,10,617,540,87.52,77,12.48
0111,1,11,574,526,91.64,48,8.36
0112,1,12,594,510,85.86,84,14.14
0113,1,13,252,215,85.32,37,14.68
0114,1,14,450,395,87.78,55,12.22
0115,1,15,468,406,86.75,62,13.25
0116,1,16,550,467,84.91,83,15.09
0117,1,17,426,360,84.51,66,15.49
0118,1,18,495,426,86.06,69,13.94
0119,1,19,599,506,84.47,93,15.53
0120,1,20,402,351,87.31,51,12.69
0121,1,21,674,599,88.87,75,11.13
0122,1,22,328,276,84.15,52,15.85
0123,1,23,657,575,87.52,82,12.48
0124,1,24,448,374,83.48,74,16.52
0125,1,25,490,422,86.12,68,13.88
0126,1,26,338,261,77.22,77,22.78
0127,1,27,561,489,87.17,72,12.83
0128,1,28,168,129,76.79,39,23.21
0129,1,29,620,563,90.81,57,9.19
0130,1,30,569,479,84.18,90,15.82
0131,1,31,450,373,82.89,77,17.11
0132,1,32,480,402,83.75,78,16.25
0133,1,33,533,461,86.49,72,13.51
0134,1,34,408,362,88.73,46,11.27
0135,1,35,627,517,82.46,110,17.54
0136,1,36,571,509,89.14,62,10.86
0137,1,37,493,422,85.6,71,14.4
0138,1,38,472,416,88.14,56,11.86
0139,1,39,421,370,87.89,51,12.11
0140,1,40,438,378,86.3,60,13.7
0141,1,41,281,255,90.75,26,9.25
0142,1,42,175,144,82.29,31,17.71
0143,1,43,320,276,86.25,44,13.75
0144,1,44,463,394,85.1,69,14.9
0201,2,1,547,467,85.37,80,14.63
0202,2,2,341,291,85.34,50,14.66
0203,2,3,563,497,88.28,66,11.72
0204,2,4,484,429,88.64,55,11.36
0205,2,5,617,534,86.55,83,13.45
0206,2,6,527,450,85.39,77,14.61
0207,2,7,436,394,90.37,42,9.63
0208,2,8,625,542,86.72,83,13.28
0209,2,9,460,404,87.83,56,12.17
0210,2,10,341,291,85.34,50,14.66
0211,2,11,458,389,84.93,69,15.07
0212,2,12,383,328,85.64,55,14.36
0213,2,13,380,326,85.79,54,14.21
0214,2,14,489,428,87.53,61,12.47
0215,2,15,423,381,90.07,42,9.93
0216,2,16,484,426,88.02,58,11.98
0217,2,17,574,508,88.5,66,11.5
0218,2,18,417,365,87.53,52,12.47
0219,2,19,295,238,80.68,57,19.32
0220,2,20,575,495,86.09,80,13.91
0221,2,21,515,463,89.9,52,10.1
0222,2,22,454,403,88.77,51,11.23
0223,2,23,293,262,89.42,31,10.58
0224,2,24,414,371,89.61,43,10.39
0225,2,25,532,471,88.53,61,11.47
0226,2,26,376,318,84.57,58,15.43
0227,2,27,401,323,80.55,78,19.45
0228,2,28,522,458,87.74,64,12.26
0229,2,29,495,421,85.05,74,14.95
0230,2,30,405,350,86.42,55,13.58
0231,2,31,523,463,88.53,60,11.47
0232,2,32,421,358,85.04,63,14.96
0233,2,33,635,552,86.93,83,13.07
0234,2,34,326,282,86.5,44,13.5
0235,2,35,600,517,86.17,83,13.83
0236,2,36,482,420,87.14,62,12.86
0237,2,37,409,346,84.6,63,15.4
0238,2,38,411,343,83.45,68,16.55
0239,2,39,316,245,77.53,71,22.47
0240,2,40,643,550,85.54,93,14.46
0241,2,41,541,451,83.36,90,16.64
0242,2,42,515,454,88.16,61,11.84
0243,2,43,609,522,85.71,87,14.29
0244,2,44,288,247,85.76,41,14.24
0245,2,45,535,463,86.54,72,13.46
0246,2,46,246,199,80.89,47,19.11
0301,3,1,615,425,69.11,190,30.89
0302,3,2,449,349,77.73,100,22.27
0303,3,3,369,264,71.54,105,28.46
0304,3,4,520,381,73.27,139,26.73
0305,3,5,262,189,72.14,73,27.86
0306,3,6,652,536,82.21,116,17.79
0307,3,7,248,179,72.18,69,27.82
0308,3,8,347,233,67.15,114,32.85
0309,3,9,521,364,69.87,157,30.13
0310,3,10,202,127,62.87,75,37.13
0311,3,11,520,364,70.0,156,30.0
0312,3,12,405,298,73.58,107,26.42
0313,3,13,534,458,85.77,76,14.23
0314,3,14,531,452,85.12,79,14.88
0315,3,15,428,280,65.42,148,34.58
0316,3,16,380,267,70.26,113,29.74
0317,3,17,670,531,79.25,139,20.75
0318,3,18,598,422,70.57,176,29.43
0319,3,19,564,491,87.06,73,12.94
0320,3,20,492,337,68.5,155,31.5
0321,3,21,479,410,85.59,69,14.41
0322,3,22,663,543,81.9,120,18.1
0323,3,23,365,241,66.03,124,33.97
0324,3,24,400,284,71.0,116,29.0
0325,3,25,784,671,85.59,113,14.41
0326,3,26,498,424,85.14,74,14.86
0327,3,27,601,504,83.86,97,16.14
0328,3,28,208,143,68.75,65,31.25
0329,3,29,474,306,64.56,168,35.44
0330,3,30,390,268,68.72,122,31.28
0331,3,31,517,369,71.37,148,28.63
0332,3,32,741,638,86.1,103,13.9
0333,3,33,590,500,84.75,90,15.25
0334,3,34,688,580,84.3,108,15.7
0335,3,35,246,182,73.98,64,26.02
0336,3,36,216,138,63.89,78,36.11
0337,3,37,443,297,67.04,146,32.96
0338,3,38,321,250,77.88,71,22.12
0339,3,39,936,807,86.22,129,13.78
0340,3,40,487,369,75.77,118,24.23
0341,3,41,314,229,72.93,85,27.07
0401,4,1,687,566,82.39,121,17.61
0402,4,2,642,551,85.83,91,14.17
0403,4,3,382,271,70.94,111,29.06
0404,4,4,621,417,67.15,204,32.85
0405,4,5,502,370,73.71,132,26.29
0406,4,6,504,393,77.98,111,22.02
0407,4,7,619,480,77.54,139,22.46
0408,4,8,530,386,72.83,144,27.17
0409,4,9,506,403,79.64,103,20.36
0410,4,10,613,461,75.2,152,24.8
0411,4,11,476,339,71.22,137,28.78
0412,4,12,645,459,71.16,186,28.84
0413,4,13,631,543,86.05,88,13.95
0414,4,14,469,346,73.77,123,26.23
0415,4,15,547,414,75.69,133,24.31
0416,4,16,854,749,87.7,105,12.3
0417,4,17,564,501,88.83,63,11.17
0418,4,18,448,325,72.54,123,27.46
0419,4,19,314,170,54.14,144,45.86
0420,4,20,363,321,88.43,42,11.57
0421,4,21,541,452,83.55,89,16.45
0422,4,22,433,351,81.06,82,18.94
0423,4,23,585,495,84.62,90,15.38
0424,4,24,448,350,78.13,98,21.88
0425,4,25,597,510,85.43,87,14.57
0426,4,26,428,294,68.69,134,31.31
0427,4,27,637,522,81.95,115,18.05
0428,4,28,432,325,75.23,107,24.77
0429,4,29,465,335,72.04,130,27.96
0430,4,30,660,458,69.39,202,30.61
0431,4,31,401,321,80.05,80,19.95
0432,4,32,536,394,73.51,142,26.49
0433,4,33,446,344,77.13,102,22.87
0434,4,34,427,314,73.54,113,26.46
0435,4,35,566,423,74.73,143,25.27
0436,4,36,584,444,76.03,140,23.97
0437,4,37,923,815,88.3,108,11.7
0438,4,38,534,395,73.97,139,26.03
0501,5,1,422,279,66.11,143,33.89
0502,5,2,334,225,67.37,109,32.63
0503,5,3,444,398,89.64,46,10.36
0504,5,4,587,482,82.11,105,17.89
0505,5,5,393,281,71.5,112,28.5
0506,5,6,338,228,67.46,110,32.54
0507,5,7,418,313,74.88,105,25.12
0508,5,8,431,402,93.27,29,6.73
0509,5,9,516,428,82.95,88,17.05
0510,5,10,368,248,67.39,120,32.61
0511,5,11,435,367,84.37,68,15.63
0512,5,12,279,182,65.23,97,34.77
0513,5,13,393,261,66.41,132,33.59
0514,5,14,354,267,75.42,87,24.58
0515,5,15,421,341,81.0,80,19.0
0516,5,16,431,275,63.81,156,36.19
0517,5,17,355,247,69.58,108,30.42
0518,5,18,406,337,83.0,69,17.0
0519,5,19,401,361,90.02,40,9.98
0520,5,20,468,392,83.76,76,16.24
0521,5,21,440,382,86.82,58,13.18
0522,5,22,513,440,85.77,73,14.23
0523,5,23,766,656,85.64,110,14.36
0524,5,24,560,456,81.43,104,18.57
0525,5,25,383,304,79.37,79,20.63
0526,5,26,443,310,69.98,133,30.02
0527,5,27,388,352,90.72,36,9.28
0528,5,28,442,326,73.76,116,26.24
0529,5,29,459,321,69.93,138,30.07
0530,5,30,287,180,62.72,107,37.28
0531,5,31,335,226,67.46,109,32.54
0532,5,32,483,356,73.71,127,26.29
0533,5,33,410,277,67.56,133,32.44
0534,5,34,427,390,91.33,37,8.67
0535,5,35,536,464,86.57,72,13.43
0536,5,36,247,180,72.87,67,27.13
0537,5,37,456,407,89.25,49,10.75
0538,5,38,406,260,64.04,146,35.96
0539,5,39,362,319,88.12,43,11.88
0540,5,40,348,223,64.08,125,35.92
0541,5,41,187,166,88.77,21,11.23
0601,6,1,366,262,71.58,104,28.42
0602,6,2,373,278,74.53,95,25.47
0603,6,3,351,257,73.22,94,26.78
0604,6,4,261,162,62.07,99,37.93
0605,6,5,227,134,59.03,93,40.97
0606,6,6,438,298,68.04,140,31.96
0607,6,7,364,238,65.38,126,34.62
0608,6,8,358,267,74.58,91,25.42
0609,6,9,387,254,65.63,133,34.37
0610,6,10,244,153,62.7,91,37.3
0611,6,11,322,231,71.74,91,28.26
0612,6,12,273,168,61.54,105,38.46
0613,6,13,264,181,68.56,83,31.44
0614,6,14,327,215,65.75,112,34.25
0615,6,15,311,188,60.45,123,39.55
0616,6,16,378,265,70.11,113,29.89
0617,6,17,238,148,62.18,90,37.82
0618,6,18,265,199,75.09,66,24.91
0619,6,19,292,173,59.25,119,40.75
0620,6,20,237,153,64.56,84,35.44
0621,6,21,166,101,60.84,65,39.16
0622,6,22,209,147,70.33,62,29.67
0623,6,23,167,107,64.07,60,35.93
0624,6,24,188,112,59.57,76,40.43
0625,6,25,186,116,62.37,70,37.63
0626,6,26,247,162,65.59,85,34.41
0627,6,27,218,151,69.27,67,30.73
0628,6,28,168,109,64.88,59,35.12
0629,6,29,352,254,72.16,98,27.84
0630,6,30,312,210,67.31,102,32.69
0631,6,31,308,242,78.57,66,21.43
0632,6,32,372,250,67.2,122,32.8
0633,6,33,371,262,70.62,109,29.38
0634,6,34,364,242,66.48,122,33.52
0635,6,35,326,223,68.4,103,31.6
0636,6,36,392,273,69.64,119,30.36
0637,6,37,403,284,70.47,119,29.53
0638,6,38,385,273,70.91,112,29.09
0639,6,39,297,196,65.99,101,34.01
0640,6,40,313,205,65.5,108,34.5
0641,6,41,364,235,64.56,129,35.44
0642,6,42,333,221,66.37,112,33.63
0643,6,43,331,224,67.67,107,32.33
0644,6,44,384,256,66.67,128,33.33
0645,6,45,371,245,66.04,126,33.96
0646,6,46,278,173,62.23,105,37.77
0647,6,47,240,160,66.67,80,33.33
0648,6,48,346,238,68.79,108,31.21
0701,7,1,342,226,66.08,116,33.92
0702,7,2,336,221,65.77,115,34.23
0703,7,3,336,251,74.7,85,25.3
0704,7,4,337,243,72.11,94,27.89
0705,7,5,293,192,65.53,101,34.47
0706,7,6,427,297,69.56,130,30.44
0707,7,7,346,211,60.98,135,39.02
0708,7,8,205,138,67.32,67,32.68
0709,7,9,586,387,66.04,199,33.96
0710,7,10,342,263,76.9,79,23.1
0711,7,11,376,232,61.7,144,38.3
0712,7,12,306,202,66.01,104,33.99
0713,7,13,200,134,67.0,66,33.0
0714,7,14,388,261,67.27,127,32.73
0715,7,15,323,233,72.14,90,27.86
0716,7,16,343,213,62.1,130,37.9
0717,7,17,278,165,59.35,113,40.65
0718,7,18,307,203,66.12,104,33.88
0719,7,19,331,230,69.49,101,30.51
0720,7,20,276,178,64.49,98,35.51
0721,7,21,266,164,61.65,102,38.35
0722,7,22,298,196,65.77,102,34.23
0723,7,23,313,216,69.01,97,30.99
0724,7,24,280,187,66.79,93,33.21
0725,7,25,286,193,67.48,93,32.52
0726,7,26,262,172,65.65,90,34.35
0727,7,27,257,181,70.43,76,29.57
0728,7,28,252,153,60.71,99,39.29
0729,7,29,323,212,65.63,111,34.37
0730,7,30,273,204,74.73,69,25.27
0731,7,31,246,160,65.04,86,34.96
0732,7,32,426,289,67.84,137,32.16
0733,7,33,407,315,77.4,92,22.6
0734,7,34,424,292,68.87,132,31.13
0735,7,35,377,258,68.44,119,31.56
0736,7,36,443,312,70.43,131,29.57
0737,7,37,343,239,69.68,104,30.32
0738,7,38,309,206,66.67,103,33.33
0739,7,39,318,196,61.64,122,38.36
0740,7,40,273,184,67.4,89,32.6
0741,7,41,331,246,74.32,85,25.68
0742,7,42,340,237,69.71,103,30.29
0743,7,43,323,241,74.61,82,25.39
0744,7,44,300,216,72.0,84,28.0
0745,7,45,313,214,68.37,99,31.63
0746,7,46,82,58,70.73,24,29.27
0801,8,1,320,224,70.0,96,30.0
0802,8,2,334,225,67.37,109,32.63
0803,8,3,377,286,75.86,91,24.14
0804,8,4,400,301,75.25,99,24.75
0805,8,5,301,242,80.4,59,19.6
0806,8,6,348,247,70.98,101,29.02
0807,8,7,389,283,72.75,106,27.25
0808,8,8,356,270,75.84,86,24.16
0809,8,9,227,164,72.25,63,27.75
0810,8,10,445,342,76.85,103,23.15
0811,8,11,296,201,67.91,95,32.09
0812,8,12,312,221,70.83,91,29.17
0813,8,13,413,273,66.1,140,33.9
0814,8,14,289,161,55.71,128,44.29
0815,8,15,227,172,75.77,55,24.23
0816,8,16,109,73,66.97,36,33.03
0817,8,17,289,213,73.7,76,26.3
0818,8,18,317,201,63.41,116,36.59
0819,8,19,385,279,72.47,106,27.53
0820,8,20,404,264,65.35,140,34.65
0821,8,21,451,302,66.96,149,33.04
0822,8,22,326,225,69.02,101,30.98
0823,8,23,275,200,72.73,75,27.27
0824,8,24,185,121,65.41,64,34.59
0825,8,25,343,224,65.31,119,34.69
0826,8,26,288,191,66.32,97,33.68
0827,8,27,388,269,69.33,119,30.67
0828,8,28,356,254,71.35,102,28.65
0829,8,29,366,253,69.13,113,30.87
0830,8,30,384,283,73.7,101,26.3
0831,8,31,281,189,67.26,92,32.74
0832,8,32,277,195,70.4,82,29.6
0833,8,33,260,158,60.77,102,39.23
0834,8,34,326,239,73.31,87,26.69
0835,8,35,398,266,66.83,132,33.17
0836,8,36,353,244,69.12,109,30.88
0837,8,37,267,192,71.91,75,28.09
0838,8,38,265,191,72.08,74,27.92
0839,8,39,320,225,70.31,95,29.69
0840,8,40,283,210,74.2,73,25.8
0841,8,41,368,244,66.3,124,33.7
0842,8,42,456,328,71.93,128,28.07
0843,8,43,196,127,64.8,69,35.2
0844,8,44,245,169,68.98,76,31.02
0845,8,45,304,197,64.8,107,35.2
0846,8,46,290,199,68.62,91,31.38
0847,8,47,289,194,67.13,95,32.87
0848,8,48,309,215,69.58,94,30.42
0849,8,49,333,231,69.37,102,30.63
0850,8,50,329,236,71.73,93,28.27
0851,8,51,329,240,72.95,89,27.05
0852,8,52,437,313,71.62,124,28.38
0853,8,53,203,139,68.47,64,31.53
0854,8,54,293,178,60.75,115,39.25
0855,8,55,254,195,76.77,59,23.23
0856,8,56,371,255,68.73,116,31.27
0901,9,1,312,230,73.72,82,26.28
0902,9,2,278,186,66.91,92,33.09
0903,9,3,202,119,58.91,83,41.09
0904,9,4,247,166,67.21,81,32.79
0905,9,5,326,219,67.18,107,32.82
0906,9,6,314,207,65.92,107,34.08
0907,9,7,263,180,68.44,83,31.56
0908,9,8,344,219,63.66,125,36.34
0909,9,9,374,240,64.17,134,35.83
0910,9,10,244,175,71.72,69,28.28
0911,9,11,238,155,65.13,83,34.87
0912,9,12,362,260,71.82,102,28.18
0913,9,13,371,263,70.89,108,29.11
0914,9,14,386,282,73.06,104,26.94
0915,9,15,342,203,59.36,139,40.64
0916,9,16,335,211,62.99,124,37.01
0917,9,17,209,146,69.86,63,30.14
0918,9,18,233,151,64.81,82,35.19
0919,9,19,344,237,68.9,107,31.1
0920,9,20,308,208,67.53,100,32.47
0921,9,21,307,207,67.43,100,32.57
0922,9,22,366,252,68.85,114,31.15
0923,9,23,360,239,66.39,121,33.61
0924,9,24,342,236,69.01,106,30.99
0925,9,25,281,202,71.89,79,28.11
0926,9,26,300,200,66.67,100,33.33
0927,9,27,265,184,69.43,81,30.57
0928,9,28,217,150,69.12,67,30.88
0929,9,29,290,186,64.14,104,35.86
0930,9,30,283,198,69.96,85,30.04
0931,9,31,280,194,69.29,86,30.71
0932,9,32,336,222,66.07,114,33.93
0933,9,33,237,169,71.31,68,28.69
0934,9,34,278,188,67.63,90,32.37
0935,9,35,304,220,72.37,84,27.63
0936,9,36,295,196,66.44,99,33.56
0937,9,37,505,347,68.71,158,31.29
0938,9,38,312,204,65.38,108,34.62
0939,9,39,353,247,69.97,106,30.03
0940,9,40,369,269,72.9,100,27.1
0941,9,41,269,190,70.63,79,29.37
0942,9,42,350,244,69.71,106,30.29
0943,9,43,289,198,68.51,91,31.49
0944,9,44,307,202,65.8,105,34.2
0945,9,45,244,165,67.62,79,32.38
0946,9,46,325,234,72.0,91,28.0
0947,9,47,342,245,71.64,97,28.36
0948,9,48,327,219,66.97,108,33.03
0949,9,49,359,251,69.92,108,30.08
0950,9,50,447,306,68.46,141,31.54
0951,9,51,327,219,66.97,108,33.03
1001,10,1,272,196,72.06,76,27.94
1002,10,2,344,231,67.15,113,32.85
1003,10,3,367,231,62.94,136,37.06
1004,10,4,268,184,68.66,84,31.34
1005,10,5,283,208,73.5,75,26.5
1006,10,6,281,210,74.73,71,25.27
1007,10,7,267,196,73.41,71,26.59
1008,10,8,180,112,62.22,68,37.78
1009,10,9,344,243,70.64,101,29.36
1010,10,10,399,283,70.93,116,29.07
1011,10,11,466,355,76.18,111,23.82
1012,10,12,253,182,71.94,71,28.06
1013,10,13,320,236,73.75,84,26.25
1014,10,14,453,339,74.83,114,25.17
1015,10,15,614,424,69.06,190,30.94
1016,10,16,304,213,70.07,91,29.93
1017,10,17,472,326,69.07,146,30.93
1018,10,18,204,136,66.67,68,33.33
1019,10,19,371,265,71.43,106,28.57
1020,10,20,361,265,73.41,96,26.59
1021,10,21,362,273,75.41,89,24.59
1022,10,22,215,158,73.49,57,26.51
1023,10,23,307,242,78.83,65,21.17
1024,10,24,327,230,70.34,97,29.66
1025,10,25,106,81,76.42,25,23.58
1026,10,26,256,192,75.0,64,25.0
1027,10,27,299,209,69.9,90,30.1
1028,10,28,401,298,74.31,103,25.69
1029,10,29,379,281,74.14,98,25.86
1030,10,30,319,234,73.35,85,26.65
1031,10,31,316,232,73.42,84,26.58
1032,10,32,374,273,72.99,101,27.01
1033,10,33,289,204,70.59,85,29.41
1034,10,34,235,150,63.83,85,36.17
1035,10,35,373,268,71.85,105,28.15
1036,10,36,88,64,72.73,24,27.27
1101,11,1,370,279,75.41,91,24.59
1102,11,2,31,21,67.74,10,32.26
1103,11,3,422,347,82.23,75,17.77
1104,11,4,289,220,76.12,69,23.88
1105,11,5,557,417,74.87,140,25.13
1106,11,6,656,539,82.16,117,17.84
1107,11,7,396,324,81.82,72,18.18
1108,11,8,388,309,79.64,79,20.36
1109,11,9,368,292,79.35,76,20.65
1110,11,10,397,309,77.83,88,22.17
1111,11,11,463,340,73.43,123,26.57
1112,11,12,506,339,67.0,167,33.0
1113,11,13,477,321,67.3,156,32.7
1114,11,14,196,152,77.55,44,22.45
1115,11,15,151,128,84.77,23,15.23
1116,11,16,287,223,77.7,64,22.3
1117,11,17,503,404,80.32,99,19.68
1118,11,18,311,240,77.17,71,22.83
1119,11,19,558,437,78.32,121,21.68
1120,11,20,276,207,75.0,69,25.0
1121,11,21,475,365,76.84,110,23.16
1122,11,22,522,391,74.9,131,25.1
1123,11,23,213,162,76.06,51,23.94
1124,11,24,467,337,72.16,130,27.84
1125,11,25,507,382,75.35,125,24.65
1126,11,26,429,332,77.39,97,22.61
1127,11,27,166,128,77.11,38,22.89
1128,11,28,201,143,71.14,58,28.86
1129,11,29,494,347,70.24,147,29.76
1130,11,30,208,160,76.92,48,23.08
1131,11,31,364,250,68.68,114,31.32
1132,11,32,163,121,74.23,42,25.77
1133,11,33,525,439,83.62,86,16.38
1134,11,34,116,76,65.52,40,34.48
1135,11,35,63,46,73.02,17,26.98
1136,11,36,173,142,82.08,31,17.92
1137,11,37,111,89,80.18,22,19.82
1138,11,38,219,175,79.91,44,20.09
1201,12,1,362,271,74.86,91,25.14
1202,12,2,302,229,75.83,73,24.17
1203,12,3,453,333,73.51,120,26.49
1204,12,4,443,342,77.2,101,22.8
1205,12,5,311,233,74.92,78,25.08
1206,12,6,424,315,74.29,109,25.71
1207,12,7,356,285,80.06,71,19.94
1208,12,8,361,267,73.96,94,26.04
1209,12,9,310,247,79.68,63,20.32
1210,12,10,500,369,73.8,131,26.2
1211,12,11,405,297,73.33,108,26.67
1212,12,12,369,280,75.88,89,24.12
1213,12,13,409,324,79.22,85,20.78
1214,12,14,328,242,73.78,86,26.22
1215,12,15,333,238,71.47,95,28.53
1216,12,16,330,247,74.85,83,25.15
1217,12,17,450,337,74.89,113,25.11
1218,12,18,356,252,70.79,104,29.21
1219,12,19,352,267,75.85,85,24.15
1220,12,20,463,358,77.32,105,22.68
1221,12,21,405,296,73.09,109,26.91
1222,12,22,375,270,72.0,105,28.0
1223,12,23,389,289,74.29,100,25.71
1301,13,1,310,211,68.06,99,31.94
1302,13,2,252,171,67.86,81,32.14
1303,13,3,286,220,76.92,66,23.08
1304,13,4,375,243,64.8,132,35.2
1305,13,5,415,323,77.83,92,22.17
1306,13,6,283,181,63.96,102,36.04
1307,13,7,295,228,77.29,67,22.71
1308,13,8,268,180,67.16,88,32.84
1309,13,9,383,300,78.33,83,21.67
1310,13,10,279,170,60.93,109,39.07
1311,13,11,344,223,64.83,121,35.17
1312,13,12,316,235,74.37,81,25.63
1313,13,13,333,254,76.28,79,23.72
1314,13,14,329,254,77.2,75,22.8
1315,13,15,481,355,73.8,126,26.2
1316,13,16,260,202,77.69,58,22.31
1317,13,17,311,215,69.13,96,30.87
1318,13,18,283,195,68.9,88,31.1
1319,13,19,436,312,71.56,124,28.44
1320,13,20,230,151,65.65,79,34.35
1321,13,21,359,232,64.62,127,35.38
1322,13,22,348,247,70.98,101,29.02
1323,13,23,284,210,73.94,74,26.06
1324,13,24,354,258,72.88,96,27.12
1325,13,25,344,238,69.19,106,30.81
1326,13,26,344,240,69.77,104,30.23
1327,13,27,318,228,71.7,90,28.3
1328,13,28,260,192,73.85,68,26.15
1329,13,29,294,215,73.13,79,26.87
1330,13,30,272,208,76.47,64,23.53
1331,13,31,357,223,62.46,134,37.54
1332,13,32,296,185,62.5,111,37.5
1333,13,33,337,231,68.55,106,31.45
1334,13,34,345,279,80.87,66,19.13
1335,13,35,298,226,75.84,72,24.16
1336,13,36,256,190,74.22,66,25.78
1337,13,37,333,260,78.08,73,21.92
1338,13,38,278,184,66.19,94,33.81
1339,13,39,326,261,80.06,65,19.94
1340,13,40,320,242,75.63,78,24.38
1341,13,41,421,309,73.4,112,26.6
1342,13,42,331,210,63.44,121,36.56
1343,13,43,322,225,69.88,97,30.12
1344,13,44,350,258,73.71,92,26.29
1345,13,45,356,262,73.6,94,26.4
1346,13,46,402,299,74.38,103,25.62
1347,13,47,366,290,79.23,76,20.77
1348,13,48,274,193,70.44,81,29.56
1401,14,1,370,241,65.14,129,34.86
1402,14,2,525,419,79.81,106,20.19
1403,14,3,364,281,77.2,83,22.8
1404,14,4,347,209,60.23,138,39.77
1405,14,5,536,369,68.84,167,31.16
1406,14,6,208,147,70.67,61,29.33
1407,14,7,504,382,75.79,122,24.21
1408,14,8,465,334,71.83,131,28.17
1409,14,9,449,284,63.25,165,36.75
1410,14,10,283,201,71.02,82,28.98
1411,14,11,229,174,75.98,55,24.02
1412,14,12,407,296,72.73,111,27.27
1413,14,13,357,279,78.15,78,21.85
1414,14,14,363,272,74.93,91,25.07
1415,14,15,383,292,76.24,91,23.76
1416,14,16,264,203,76.89,61,23.11
1417,14,17,327,230,70.34,97,29.66
1418,14,18,187,142,75.94,45,24.06
1419,14,19,358,279,77.93,79,22.07
1420,14,20,307,225,73.29,82,26.71
1421,14,21,372,272,73.12,100,26.88
1422,14,22,499,371,74.35,128,25.65
1423,14,23,266,188,70.68,78,29.32
1424,14,24,412,298,72.33,114,27.67
1425,14,25,187,139,74.33,48,25.67
1426,14,26,283,204,72.08,79,27.92
1427,14,27,354,278,78.53,76,21.47
1428,14,28,334,256,76.65,78,23.35
1429,14,29,281,193,68.68,88,31.32
1430,14,30,262,204,77.86,58,22.14
1431,14,31,214,171,79.91,43,20.09
1501,15,1,323,215,66.56,108,33.44
1502,15,2,198,132,66.67,66,33.33
1503,15,3,208,145,69.71,63,30.29
1504,15,4,358,262,73.18,96,26.82
1505,15,5,341,235,68.91,106,31.09
1506,15,6,374,285,76.2,89,23.8
1507,15,7,179,111,62.01,68,37.99
1508,15,8,361,268,74.24,93,25.76
1509,15,9,473,363,76.74,110,23.26
1510,15,10,491,349,71.08,142,28.92
1511,15,11,430,314,73.02,116,26.98
1512,15,12,458,354,77.29,104,22.71
1513,15,13,366,260,71.04,106,28.96
1514,15,14,328,241,73.48,87,26.52
1515,15,15,310,217,70.0,93,30.0
1516,15,16,411,303,73.72,108,26.28
1517,15,17,192,123,64.06,69,35.94
1518,15,18,129,78,60.47,51,39.53
1519,15,19,290,218,75.17,72,24.83
1520,15,20,207,133,64.25,74,35.75
1521,15,21,157,99,63.06,58,36.94
1522,15,22,187,121,64.71,66,35.29
1523,15,23,209,140,66.99,69,33.01
1524,15,24,177,106,59.89,71,40.11
1601,16,1,442,342,77.38,100,22.62
1602,16,2,249,150,60.24,99,39.76
1603,16,3,225,150,66.67,75,33.33
1604,16,4,290,173,59.66,117,40.34
1605,16,5,196,127,64.8,69,35.2
1606,16,6,228,141,61.84,87,38.16
1607,16,7,270,191,70.74,79,29.26
1608,16,8,189,137,72.49,52,27.51
1609,16,9,264,167,63.26,97,36.74
1610,16,10,214,140,65.42,74,34.58
1611,16,11,294,187,63.61,107,36.39
1612,16,12,252,178,70.63,74,29.37
1613,16,13,325,221,68.0,104,32.0
1614,16,14,200,126,63.0,74,37.0
1615,16,15,255,160,62.75,95,37.25
1616,16,16,204,136,66.67,68,33.33
1617,16,17,386,290,75.13,96,24.87
1618,16,18,310,225,72.58,85,27.42
1619,16,19,263,178,67.68,85,32.32
1620,16,20,163,108,66.26,55,33.74
1621,16,21,215,152,70.7,63,29.3
1622,16,22,225,157,69.78,68,30.22
1623,16,23,372,265,71.24,107,28.76
1624,16,24,123,89,72.36,34,27.64
1625,16,25,286,178,62.24,108,37.76
1626,16,26,166,110,66.27,56,33.73
1627,16,27,176,109,61.93,67,38.07
1628,16,28,195,125,64.1,70,35.9
1629,16,29,197,132,67.01,65,32.99
1630,16,30,178,117,65.73,61,34.27
1631,16,31,234,147,62.82,87,37.18
1632,16,32,374,264,70.59,110,29.41
1633,16,33,186,121,65.05,65,34.95
1634,16,34,220,144,65.45,76,34.55
1635,16,35,410,271,66.1,139,33.9
1636,16,36,174,117,67.24,57,32.76
1701,17,1,364,246,67.58,118,32.42
1702,17,2,289,191,66.09,98,33.91
1703,17,3,300,197,65.67,103,34.33
1704,17,4,320,205,64.06,115,35.94
1705,17,5,245,153,62.45,92,37.55
1706,17,6,324,230,70.99,94,29.01
1707,17,7,345,216,62.61,129,37.39
1708,17,8,212,137,64.62,75,35.38
1709,17,9,245,164,66.94,81,33.06
1710,17,10,388,271,69.85,117,30.15
1711,17,11,232,164,70.69,68,29.31
1712,17,12,481,324,67.36,157,32.64
1713,17,13,221,161,72.85,60,27.15
1714,17,14,367,275,74.93,92,25.07
1715,17,15,326,215,65.95,111,34.05
1716,17,16,386,274,70.98,112,29.02
1717,17,17,329,219,66.57,110,33.43
1718,17,18,363,264,72.73,99,27.27
1719,17,19,188,118,62.77,70,37.23
1720,17,20,389,289,74.29,100,25.71
1721,17,21,360,245,68.06,115,31.94
1722,17,22,300,205,68.33,95,31.67
1723,17,23,209,134,64.11,75,35.89
1724,17,24,245,179,73.06,66,26.94
1725,17,25,257,166,64.59,91,35.41
1726,17,26,302,222,73.51,80,26.49
1727,17,27,185,136,73.51,49,26.49
1728,17,28,222,163,73.42,59,26.58
1729,17,29,282,201,71.28,81,28.72
1730,17,30,328,233,71.04,95,28.96
1731,17,31,197,142,72.08,55,27.92
1732,17,32,236,157,66.53,79,33.47
1733,17,33,188,118,62.77,70,37.23
1734,17,34,229,163,71.18,66,28.82
1735,17,35,209,148,70.81,61,29.19
1736,17,36,222,164,73.87,58,26.13
1737,17,37,246,176,71.54,70,28.46
1738,17,38,340,233,68.53,107,31.47
1739,17,39,292,198,67.81,94,32.19
1740,17,40,346,236,68.21,110,31.79
1741,17,41,414,267,64.49,147,35.51
1801,18,1,364,256,70.33,108,29.67
1802,18,2,435,317,72.87,118,27.13
1803,18,3,319,223,69.91,96,30.09
1804,18,4,375,271,72.27,104,27.73
1805,18,5,218,139,63.76,79,36.24
1806,18,6,336,231,68.75,105,31.25
1807,18,7,371,252,67.92,119,32.08
1808,18,8,367,259,70.57,108,29.43
1809,18,9,344,242,70.35,102,29.65
1810,18,10,450,315,70.0,135,30.0
1811,18,11,352,245,69.6,107,30.4
1812,18,12,349,250,71.63,99,28.37
1813,18,13,383,264,68.93,119,31.07
1814,18,14,373,271,72.65,102,27.35
1815,18,15,395,282,71.39,113,28.61
1816,18,16,348,246,70.69,102,29.31
1817,18,17,391,286,73.15,105,26.85
1818,18,18,263,183,69.58,80,30.42
1819,18,19,303,217,71.62,86,28.38
1820,18,20,241,172,71.37,69,28.63
1821,18,21,445,313,70.34,132,29.66
1822,18,22,378,270,71.43,108,28.57
1823,18,23,358,229,63.97,129,36.03
1824,18,24,344,247,71.8,97,28.2
1825,18,25,391,297,75.96,94,24.04
1826,18,26,445,328,73.71,117,26.29
1827,18,27,324,221,68.21,103,31.79
1828,18,28,321,223,69.47,98,30.53
1829,18,29,437,318,72.77,119,27.23
1830,18,30,449,317,70.6,132,29.4
1831,18,31,391,266,68.03,125,31.97
1832,18,32,361,248,68.7,113,31.3
1833,18,33,268,193,72.01,75,27.99
1834,18,34,396,290,73.23,106,26.77
1835,18,35,413,308,74.58,105,25.42
1836,18,36,395,279,70.63,116,29.37
1837,18,37,414,292,70.53,122,29.47
1838,18,38,320,209,65.31,111,34.69
1839,18,39,309,215,69.58,94,30.42
1840,18,40,386,298,77.2,88,22.8
1841,18,41,438,296,67.58,142,32.42
1842,18,42,320,215,67.19,105,32.81
1843,18,43,325,229,70.46,96,29.54
1844,18,44,332,229,68.98,103,31.02
1845,18,45,386,297,76.94,89,23.06
1846,18,46,434,278,64.06,156,35.94
1847,18,47,286,193,67.48,93,32.52
1848,18,48,269,178,66.17,91,33.83
1849,18,49,236,162,68.64,74,31.36
1850,18,50,252,169,67.06,83,32.94
1901,19,1,338,200,59.17,138,40.83
1902,19,2,501,369,73.65,132,26.35
1903,19,3,305,149,48.85,156,51.15
1904,19,4,441,234,53.06,207,46.94
1905,19,5,414,303,73.19,111,26.81
1906,19,6,412,235,57.04,177,42.96
1907,19,7,330,205,62.12,125,37.88
1908,19,8,418,217,51.91,201,48.09
1909,19,9,272,172,63.24,100,36.76
1910,19,10,485,375,77.32,110,22.68
1911,19,11,354,160,45.2,194,54.8
1912,19,12,310,149,48.06,161,51.94
1913,19,13,468,337,72.01,131,27.99
1914,19,14,402,293,72.89,109,27.11
1915,19,15,531,294,55.37,237,44.63
1916,19,16,371,190,51.21,181,48.79
1917,19,17,333,209,62.76,124,37.24
1918,19,18,376,309,82.18,67,17.82
1919,19,19,482,382,79.25,100,20.75
1920,19,20,327,262,80.12,65,19.88
1921,19,21,413,210,50.85,203,49.15
1922,19,22,414,313,75.6,101,24.4
1923,19,23,388,260,67.01,128,32.99
1924,19,24,297,162,54.55,135,45.45
1925,19,25,368,278,75.54,90,24.46
1926,19,26,358,281,78.49,77,21.51
1927,19,27,404,292,72.28,112,27.72
1928,19,28,461,334,72.45,127,27.55
1929,19,29,395,214,54.18,181,45.82
1930,19,30,378,205,54.23,173,45.77
1931,19,31,346,268,77.46,78,22.54
1932,19,32,358,204,56.98,154,43.02
1933,19,33,421,238,56.53,183,43.47
1934,19,34,336,261,77.68,75,22.32
1935,19,35,341,273,80.06,68,19.94
1936,19,36,536,392,73.13,144,26.87
1937,19,37,399,316,79.2,83,20.8
1938,19,38,358,246,68.72,112,31.28
1939,19,39,199,132,66.33,67,33.67
1940,19,40,426,320,75.12,106,24.88
1941,19,41,363,178,49.04,185,50.96
1942,19,42,313,241,77.0,72,23.0
1943,19,43,529,382,72.21,147,27.79
1944,19,44,430,219,50.93,211,49.07
1945,19,45,415,257,61.93,158,38.07
1946,19,46,354,238,67.23,116,32.77
1947,19,47,568,420,73.94,148,26.06
1948,19,48,463,323,69.76,140,30.24
1949,19,49,488,358,73.36,130,26.64
1950,19,50,340,214,62.94,126,37.06
1951,19,51,420,274,65.24,146,34.76
1952,19,52,489,266,54.4,223,45.6
1953,19,53,355,241,67.89,114,32.11
1954,19,54,298,154,51.68,144,48.32
1955,19,55,322,187,58.07,135,41.93
1956,19,56,423,332,78.49,91,21.51
1957,19,57,337,260,77.15,77,22.85
2001,20,1,388,276,71.13,112,28.87
2002,20,2,115,73,63.48,42,36.52
2003,20,3,337,234,69.44,103,30.56
2004,20,4,157,103,65.61,54,34.39
2005,20,5,396,252,63.64,144,36.36
2006,20,6,144,93,64.58,51,35.42
2007,20,7,425,276,64.94,149,35.06
2008,20,8,306,218,71.24,88,28.76
2009,20,9,495,352,71.11,143,28.89
2010,20,10,234,154,65.81,80,34.19
2011,20,11,455,281,61.76,174,38.24
2012,20,12,337,209,62.02,128,37.98
2013,20,13,302,201,66.56,101,33.44
2014,20,14,178,126,70.79,52,29.21
2015,20,15,361,260,72.02,101,27.98
2016,20,16,423,303,71.63,120,28.37
2017,20,17,239,154,64.44,85,35.56
2018,20,18,232,148,63.79,84,36.21
2019,20,19,379,267,70.45,112,29.55
2020,20,20,279,192,68.82,87,31.18
2021,20,21,279,172,61.65,107,38.35
2022,20,22,475,347,73.05,128,26.95
2023,20,23,201,144,71.64,57,28.36
2024,20,24,442,331,74.89,111,25.11
2025,20,25,226,140,61.95,86,38.05
2026,20,26,331,245,74.02,86,25.98
2027,20,27,167,119,71.26,48,28.74
2028,20,28,214,140,65.42,74,34.58
2029,20,29,234,155,66.24,79,33.76
2030,20,30,162,120,74.07,42,25.93
2031,20,31,392,266,67.86,126,32.14
2032,20,32,265,166,62.64,99,37.36
2033,20,33,219,151,68.95,68,31.05
2034,20,34,427,338,79.16,89,20.84
2035,20,35,254,160,62.99,94,37.01
2036,20,36,118,77,65.25,41,34.75
2037,20,37,110,64,58.18,46,41.82
2038,20,38,97,64,65.98,33,34.02
2039,20,39,27,17,62.96,10,37.04
2101,21,1,380,267,70.26,113,29.74
2102,21,2,231,132,57.14,99,42.86
2103,21,3,345,243,70.43,102,29.57
2104,21,4,296,225,76.01,71,23.99
2105,21,5,357,238,66.67,119,33.33
2106,21,6,285,190,66.67,95,33.33
2107,21,7,331,243,73.41,88,26.59
2108,21,8,355,255,71.83,100,28.17
2109,21,9,357,263,73.67,94,26.33
2110,21,10,286,189,66.08,97,33.92
2111,21,11,294,200,68.03,94,31.97
2112,21,12,298,203,68.12,95,31.88
2113,21,13,369,246,66.67,123,33.33
2114,21,14,381,281,73.75,100,26.25
2115,21,15,323,227,70.28,96,29.72
2116,21,16,301,191,63.46,110,36.54
2117,21,17,285,179,62.81,106,37.19
2118,21,18,299,198,66.22,101,33.78
2119,21,19,400,272,68.0,128,32.0
2120,21,20,306,216,70.59,90,29.41
2121,21,21,300,196,65.33,104,34.67
2122,21,22,304,213,70.07,91,29.93
2123,21,23,315,217,68.89,98,31.11
2124,21,24,366,250,68.31,116,31.69
2125,21,25,284,176,61.97,108,38.03
2126,21,26,349,215,61.6,134,38.4
2127,21,27,400,278,69.5,122,30.5
2128,21,28,426,272,63.85,154,36.15
2129,21,29,369,258,69.92,111,30.08
2130,21,30,292,184,63.01,108,36.99
2131,21,31,189,146,77.25,43,22.75
2132,21,32,253,184,72.73,69,27.27
2133,21,33,278,190,68.35,88,31.65
2134,21,34,327,211,64.53,116,35.47
2135,21,35,402,289,71.89,113,28.11
2136,21,36,335,215,64.18,120,35.82
2137,21,37,242,164,67.77,78,32.23
2138,21,38,347,217,62.54,130,37.46
2139,21,39,338,215,63.61,123,36.39
2140,21,40,306,208,67.97,98,32.03
2141,21,41,364,247,67.86,117,32.14
2142,21,42,372,252,67.74,120,32.26
2143,21,43,343,229,66.76,114,33.24
2144,21,44,362,242,66.85,120,33.15
2145,21,45,327,217,66.36,110,33.64
2146,21,46,357,245,68.63,112,31.37
2147,21,47,320,214,66.88,106,33.13
2148,21,48,348,262,75.29,86,24.71
2149,21,49,377,272,72.15,105,27.85
2150,21,50,259,170,65.64,89,34.36
2151,21,51,358,251,70.11,107,29.89
2152,21,52,337,224,66.47,113,33.53
2153,21,53,297,203,68.35,94,31.65
2154,21,54,270,190,70.37,80,29.63
2201,22,1,183,123,67.21,60,32.79
2202,22,2,446,324,72.65,122,27.35
2203,22,3,542,374,69.0,168,31.0
2204,22,4,294,210,71.43,84,28.57
2205,22,5,330,241,73.03,89,26.97
2206,22,6,322,226,70.19,96,29.81
2207,22,7,286,224,78.32,62,21.68
2208,22,8,496,373,75.2,123,24.8
2209,22,9,290,217,74.83,73,25.17
2210,22,10,457,339,74.18,118,25.82
2211,22,11,234,160,68.38,74,31.62
2212,22,12,276,183,66.3,93,33.7
2213,22,13,364,256,70.33,108,29.67
2214,22,14,289,213,73.7,76,26.3
2215,22,15,302,209,69.21,93,30.79
2216,22,16,288,217,75.35,71,24.65
2217,22,17,466,339,72.75,127,27.25
2218,22,18,334,243,72.75,91,27.25
2219,22,19,170,127,74.71,43,25.29
2220,22,20,381,277,72.7,104,27.3
2221,22,21,319,213,66.77,106,33.23
2222,22,22,343,243,70.85,100,29.15
2223,22,23,347,243,70.03,104,29.97
2224,22,24,419,333,79.47,86,20.53
2225,22,25,335,257,76.72,78,23.28
2301,23,1,319,195,61.13,124,38.87
2302,23,2,361,238,65.93,123,34.07
2303,23,3,306,202,66.01,104,33.99
2304,23,4,320,220,68.75,100,31.25
2305,23,5,362,281,77.62,81,22.38
2306,23,6,346,257,74.28,89,25.72
2307,23,7,353,255,72.24,98,27.76
2308,23,8,439,318,72.44,121,27.56
2309,23,9,349,260,74.5,89,25.5
2310,23,10,412,321,77.91,91,22.09
2311,23,11,408,318,77.94,90,22.06
2312,23,12,360,228,63.33,132,36.67
2313,23,13,346,262,75.72,84,24.28
2314,23,14,298,185,62.08,113,37.92
2315,23,15,313,231,73.8,82,26.2
2316,23,16,335,211,62.99,124,37.01
2317,23,17,287,196,68.29,91,31.71
2318,23,18,324,224,69.14,100,30.86
2319,23,19,313,210,67.09,103,32.91
2320,23,20,255,189,74.12,66,25.88
2321,23,21,308,192,62.34,116,37.66
2322,23,22,342,250,73.1,92,26.9
2323,23,23,328,209,63.72,119,36.28
2324,23,24,322,237,73.6,85,26.4
2325,23,25,324,238,73.46,86,26.54
2326,23,26,366,286,78.14,80,21.86
2327,23,27,297,178,59.93,119,40.07
2328,23,28,386,247,63.99,139,36.01
2329,23,29,301,200,66.45,101,33.55
2330,23,30,440,331,75.23,109,24.77
2331,23,31,302,224,74.17,78,25.83
2332,23,32,352,254,72.16,98,27.84
2333,23,33,406,301,74.14,105,25.86
2334,23,34,385,281,72.99,104,27.01
2335,23,35,255,163,63.92,92,36.08
2336,23,36,339,224,66.08,115,33.92
2337,23,37,373,231,61.93,142,38.07
2338,23,38,317,219,69.09,98,30.91
2339,23,39,391,303,77.49,88,22.51
2401,24,1,236,156,66.1,80,33.9
2402,24,2,277,170,61.37,107,38.63
2403,24,3,337,216,64.09,121,35.91
2404,24,4,234,161,68.8,73,31.2
2405,24,5,162,107,66.05,55,33.95
2406,24,6,318,219,68.87,99,31.13
2407,24,7,225,181,80.44,44,19.56
2408,24,8,129,83,64.34,46,35.66
2409,24,9,261,160,61.3,101,38.7
2410,24,10,138,88,63.77,50,36.23
2411,24,11,281,179,63.7,102,36.3
2412,24,12,187,126,67.38,61,32.62
2413,24,13,180,110,61.11,70,38.89
2414,24,14,221,147,66.52,74,33.48
2415,24,15,149,98,65.77,51,34.23
2416,24,16,863,514,59.56,349,40.44
2417,24,17,204,136,66.67,68,33.33
2418,24,18,237,157,66.24,80,33.76
2419,24,19,309,216,69.9,93,30.1
2420,24,20,249,164,65.86,85,34.14
2421,24,21,154,94,61.04,60,38.96
2422,24,22,339,221,65.19,118,34.81
2423,24,23,257,165,64.2,92,35.8
2424,24,24,328,192,58.54,136,41.46
2425,24,25,204,143,70.1,61,29.9
2426,24,26,405,297,73.33,108,26.67
2427,24,27,307,222,72.31,85,27.69
2428,24,28,170,114,67.06,56,32.94
2429,24,29,198,132,66.67,66,33.33
2430,24,30,173,124,71.68,49,28.32
2431,24,31,291,171,58.76,120,41.24
2432,24,32,143,99,69.23,44,30.77
2433,24,33,178,111,62.36,67,37.64
2434,24,34,267,177,66.29,90,33.71
2435,24,35,255,164,64.31,91,35.69
2436,24,36,327,213,65.14,114,34.86
2437,24,37,132,90,68.18,42,31.82
2438,24,38,240,159,66.25,81,33.75
2439,24,39,265,198,74.72,67,25.28
2440,24,40,321,190,59.19,131,40.81
2441,24,41,128,82,64.06,46,35.94
2501,25,1,357,286,80.11,71,19.89
2502,25,2,533,428,80.3,105,19.7
2503,25,3,703,603,85.78,100,14.22
2504,25,4,338,248,73.37,90,26.63
2505,25,5,428,320,74.77,108,25.23
2506,25,6,139,114,82.01,25,17.99
2507,25,7,437,361,82.61,76,17.39
2508,25,8,522,398,76.25,124,23.75
2509,25,9,437,356,81.46,81,18.54
2510,25,10,569,504,88.58,65,11.42
2511,25,11,489,390,79.75,99,20.25
2512,25,12,436,354,81.19,82,18.81
2513,25,13,503,403,80.12,100,19.88
2514,25,14,283,249,87.99,34,12.01
2515,25,15,380,282,74.21,98,25.79
2516,25,16,688,599,87.06,89,12.94
2517,25,17,443,368,83.07,75,16.93
2518,25,18,215,174,80.93,41,19.07
2519,25,19,451,350,77.61,101,22.39
2520,25,20,244,141,57.79,103,42.21
2521,25,21,846,732,86.52,114,13.48
2522,25,22,466,366,78.54,100,21.46
2523,25,23,510,391,76.67,119,23.33
2524,25,24,456,362,79.39,94,20.61
2525,25,25,377,300,79.58,77,20.42
2526,25,26,459,362,78.87,97,21.13
2527,25,27,558,471,84.41,87,15.59
2528,25,28,476,377,79.2,99,20.8
2529,25,29,328,238,72.56,90,27.44
2530,25,30,442,333,75.34,109,24.66
2531,25,31,805,700,86.96,105,13.04
2532,25,32,354,242,68.36,112,31.64
2601,26,1,372,314,84.41,58,15.59
2602,26,2,267,214,80.15,53,19.85
2603,26,3,415,367,88.43,48,11.57
2604,26,4,243,150,61.73,93,38.27
2605,26,5,314,234,74.52,80,25.48
2606,26,6,292,217,74.32,75,25.68
2607,26,7,331,283,85.5,48,14.5
2608,26,8,214,155,72.43,59,27.57
2609,26,9,288,227,78.82,61,21.18
2610,26,10,340,259,76.18,81,23.82
2611,26,11,321,232,72.27,89,27.73
2612,26,12,346,279,80.64,67,19.36
2613,26,13,183,140,76.5,43,23.5
2614,26,14,276,205,74.28,71,25.72
2615,26,15,210,158,75.24,52,24.76
2616,26,16,184,138,75.0,46,25.0
2617,26,17,309,265,85.76,44,14.24
2618,26,18,248,183,73.79,65,26.21
2619,26,19,209,140,66.99,69,33.01
2620,26,20,286,235,82.17,51,17.83
2621,26,21,416,334,80.29,82,19.71
2622,26,22,182,135,74.18,47,25.82
2623,26,23,245,180,73.47,65,26.53
2624,26,24,267,216,80.9,51,19.1
2625,26,25,248,198,79.84,50,20.16
2626,26,26,251,197,78.49,54,21.51
2627,26,27,367,300,81.74,67,18.26
2628,26,28,441,375,85.03,66,14.97
2629,26,29,174,136,78.16,38,21.84
2630,26,30,267,220,82.4,47,17.6
2631,26,31,154,103,66.88,51,33.12
2632,26,32,399,329,82.46,70,17.54
2633,26,33,364,302,82.97,62,17.03
2634,26,34,347,282,81.27,65,18.73
2635,26,35,269,216,80.3,53,19.7
2636,26,36,334,281,84.13,53,15.87
2637,26,37,346,301,86.99,45,13.01
2638,26,38,164,119,72.56,45,27.44
2639,26,39,393,328,83.46,65,16.54
2640,26,40,198,155,78.28,43,21.72
2641,26,41,387,316,81.65,71,18.35
2642,26,42,271,221,81.55,50,18.45
2643,26,43,218,166,76.15,52,23.85
2644,26,44,175,125,71.43,50,28.57
2645,26,45,177,121,68.36,56,31.64
2646,26,46,245,192,78.37,53,21.63
2647,26,47,236,193,81.78,43,18.22
2648,26,48,347,285,82.13,62,17.87
2649,26,49,207,160,77.29,47,22.71
2701,27,1,882,758,85.94,124,14.06
2702,27,2,401,323,80.55,78,19.45
2703,27,3,163,108,66.26,55,33.74
2704,27,4,201,141,70.15,60,29.85
2705,27,5,290,193,66.55,97,33.45
2706,27,6,452,355,78.54,97,21.46
2707,27,7,568,498,87.68,70,12.32
2708,27,8,314,219,69.75,95,30.25
2709,27,9,178,149,83.71,29,16.29
2710,27,10,256,197,76.95,59,23.05
2711,27,11,447,389,87.02,58,12.98
2712,27,12,306,273,89.22,33,10.78
2713,27,13,525,408,77.71,117,22.29
2714,27,14,186,124,66.67,62,33.33
2715,27,15,177,108,61.02,69,38.98
2716,27,16,453,379,83.66,74,16.34
2717,27,17,392,287,73.21,105,26.79
2718,27,18,246,150,60.98,96,39.02
2719,27,19,179,130,72.63,49,27.37
2720,27,20,268,163,60.82,105,39.18
2721,27,21,354,302,85.31,52,14.69
2722,27,22,153,105,68.63,48,31.37
2723,27,23,210,142,67.62,68,32.38
2724,27,24,251,179,71.31,72,28.69
2725,27,25,339,248,73.16,91,26.84
2726,27,26,236,168,71.19,68,28.81
2727,27,27,493,356,72.21,137,27.79
2728,27,28,494,416,84.21,78,15.79
2729,27,29,249,166,66.67,83,33.33
2730,27,30,165,124,75.15,41,24.85
2731,27,31,269,177,65.8,92,34.2
2732,27,32,351,266,75.78,85,24.22
2733,27,33,539,461,85.53,78,14.47
2734,27,34,191,124,64.92,67,35.08
2735,27,35,508,441,86.81,67,13.19
2736,27,36,267,199,74.53,68,25.47
2737,27,37,331,277,83.69,54,16.31
2738,27,38,510,408,80.0,102,20.0
2739,27,39,253,182,71.94,71,28.06
2740,27,40,533,434,81.43,99,18.57
2741,27,41,245,178,72.65,67,27.35
2742,27,42,256,213,83.2,43,16.8
2743,27,43,301,221,73.42,80,26.58
2744,27,44,254,157,61.81,97,38.19
2745,27,45,1098,964,87.8,134,12.2
2746,27,46,334,308,92.22,26,7.78
2747,27,47,223,182,81.61,41,18.39
2748,27,48,669,519,77.58,150,22.42
2749,27,49,258,184,71.32,74,28.68
2750,27,50,308,204,66.23,104,33.77
2801,28,1,210,139,66.19,71,33.81
2802,28,2,247,168,68.02,79,31.98
2803,28,3,208,137,65.87,71,34.13
2804,28,4,274,235,85.77,39,14.23
2805,28,5,172,137,79.65,35,20.35
2806,28,6,166,138,83.13,28,16.87
2807,28,7,267,174,65.17,93,34.83
2808,28,8,480,406,84.58,74,15.42
2809,28,9,283,195,68.9,88,31.1
2810,28,10,377,290,76.92,87,23.08
2811,28,11,688,531,77.18,157,22.82
2812,28,12,252,182,72.22,70,27.78
2813,28,13,270,193,71.48,77,28.52
2814,28,14,270,190,70.37,80,29.63
2815,28,15,52,41,78.85,11,21.15
2816,28,16,179,111,62.01,68,37.99
2817,28,17,241,163,67.63,78,32.37
2818,28,18,236,154,65.25,82,34.75
2819,28,19,278,210,75.54,68,24.46
2820,28,20,228,157,68.86,71,31.14
2821,28,21,245,162,66.12,83,33.88
2822,28,22,257,192,74.71,65,25.29
2823,28,23,322,233,72.36,89,27.64
2824,28,24,236,147,62.29,89,37.71
2825,28,25,424,293,69.1,131,30.9
2826,28,26,242,152,62.81,90,37.19
2827,28,27,312,268,85.9,44,14.1
2828,28,28,392,336,85.71,56,14.29
2829,28,29,156,103,66.03,53,33.97
2830,28,30,44,36,81.82,8,18.18
2831,28,31,297,202,68.01,95,31.99
2832,28,32,268,178,66.42,90,33.58
2833,28,33,300,197,65.67,103,34.33
2834,28,34,496,321,64.72,175,35.28
2835,28,35,295,197,66.78,98,33.22
2836,28,36,133,87,65.41,46,34.59
2837,28,37,296,192,64.86,104,35.14
2838,28,38,115,84,73.04,31,26.96
2839,28,39,209,146,69.86,63,30.14
2840,28,40,349,249,71.35,100,28.65
2841,28,41,178,110,61.8,68,38.2
2842,28,42,283,194,68.55,89,31.45
2843,28,43,325,214,65.85,111,34.15
2844,28,44,215,134,62.33,81,37.67
2845,28,45,455,382,83.96,73,16.04
2846,28,46,575,447,77.74,128,22.26
2901,29,1,517,394,76.21,123,23.79
2902,29,2,431,286,66.36,145,33.64
2903,29,3,299,198,66.22,101,33.78
2904,29,4,416,303,72.84,113,27.16
2905,29,5,267,171,64.04,96,35.96
2906,29,6,263,185,70.34,78,29.66
2907,29,7,379,279,73.61,100,26.39
2908,29,8,338,225,66.57,113,33.43
2909,29,9,418,324,77.51,94,22.49
2910,29,10,481,385,80.04,96,19.96
2911,29,11,193,130,67.36,63,32.64
2912,29,12,442,317,71.72,125,28.28
2913,29,13,326,213,65.34,113,34.66
2914,29,14,311,213,68.49,98,31.51
2915,29,15,399,283,70.93,116,29.07
2916,29,16,342,233,68.13,109,31.87
2917,29,17,354,272,76.84,82,23.16
2918,29,18,327,214,65.44,113,34.56
2919,29,19,351,244,69.52,107,30.48
2920,29,20,367,234,63.76,133,36.24
2921,29,21,433,277,63.97,156,36.03
2922,29,22,265,176,66.42,89,33.58
2923,29,23,447,332,74.27,115,25.73
2924,29,24,353,255,72.24,98,27.76
2925,29,25,416,297,71.39,119,28.61
2926,29,26,332,257,77.41,75,22.59
2927,29,27,332,219,65.96,113,34.04
2928,29,28,421,289,68.65,132,31.35
2929,29,29,439,316,71.98,123,28.02
2930,29,30,508,377,74.21,131,25.79
2931,29,31,410,293,71.46,117,28.54
2932,29,32,414,298,71.98,116,28.02
2933,29,33,245,186,75.92,59,24.08
2934,29,34,252,162,64.29,90,35.71
2935,29,35,277,167,60.29,110,39.71
2936,29,36,329,231,70.21,98,29.79
2937,29,37,339,213,62.83,126,37.17
2938,29,38,474,339,71.52,135,28.48
2939,29,39,403,294,72.95,109,27.05
2940,29,40,402,273,67.91,129,32.09
2941,29,41,308,214,69.48,94,30.52
2942,29,42,386,245,63.47,141,36.53
2943,29,43,460,349,75.87,111,24.13
2944,29,44,378,248,65.61,130,34.39
3001,30,1,461,360,78.09,101,21.91
3002,30,2,415,309,74.46,106,25.54
3003,30,3,357,297,83.19,60,16.81
3004,30,4,406,304,74.88,102,25.12
3005,30,5,329,241,73.25,88,26.75
3006,30,6,280,211,75.36,69,24.64
3007,30,7,457,337,73.74,120,26.26
3008,30,8,509,394,77.41,115,22.59
3009,30,9,358,272,75.98,86,24.02
3010,30,10,394,300,76.14,94,23.86
3011,30,11,420,320,76.19,100,23.81
3012,30,12,375,276,73.6,99,26.4
3013,30,13,428,330,77.1,98,22.9
3014,30,14,299,219,73.24,80,26.76
3015,30,15,376,331,88.03,45,11.97
3016,30,16,227,165,72.69,62,27.31
3017,30,17,438,360,82.19,78,17.81
3018,30,18,520,444,85.38,76,14.62
3019,30,19,444,321,72.3,123,27.7
3020,30,20,441,343,77.78,98,22.22
3021,30,21,287,226,78.75,61,21.25
3022,30,22,618,500,80.91,118,19.09
3023,30,23,538,426,79.18,112,20.82
3024,30,24,601,487,81.03,114,18.97
3025,30,25,629,512,81.4,117,18.6
3026,30,26,259,198,76.45,61,23.55
3027,30,27,302,234,77.48,68,22.52
3028,30,28,434,362,83.41,72,16.59
3029,30,29,297,218,73.4,79,26.6
3030,30,30,176,137,77.84,39,22.16
3031,30,31,263,192,73.0,71,27.0
3032,30,32,343,290,84.55,53,15.45
3101,31,1,269,196,72.86,73,27.14
3102,31,2,253,186,73.52,67,26.48
3103,31,3,270,207,76.67,63,23.33
3104,31,4,352,294,83.52,58,16.48
3105,31,5,307,242,78.83,65,21.17
3106,31,6,193,151,78.24,42,21.76
3107,31,7,402,339,84.33,63,15.67
3108,31,8,265,189,71.32,76,28.68
3109,31,9,306,234,76.47,72,23.53
3110,31,10,341,277,81.23,64,18.77
3111,31,11,212,155,73.11,57,26.89
3112,31,12,240,184,76.67,56,23.33
3113,31,13,305,231,75.74,74,24.26
3114,31,14,270,212,78.52,58,21.48
3115,31,15,288,209,72.57,79,27.43
3116,31,16,342,286,83.63,56,16.37
3117,31,17,266,209,78.57,57,21.43
3118,31,18,265,200,75.47,65,24.53
3119,31,19,258,182,70.54,76,29.46
3120,31,20,244,168,68.85,76,31.15
3121,31,21,252,185,73.41,67,26.59
3122,31,22,242,188,77.69,54,22.31
3123,31,23,312,265,84.94,47,15.06
3124,31,24,290,228,78.62,62,21.38
3125,31,25,291,222,76.29,69,23.71
3126,31,26,286,221,77.27,65,22.73
3127,31,27,299,215,71.91,84,28.09
3128,31,28,271,189,69.74,82,30.26
3129,31,29,270,204,75.56,66,24.44
3130,31,30,237,191,80.59,46,19.41
3131,31,31,242,184,76.03,58,23.97
3132,31,32,226,163,72.12,63,27.88
3133,31,33,263,202,76.81,61,23.19
3134,31,34,286,210,73.43,76,26.57
3135,31,35,337,245,72.7,92,27.3
3136,31,36,284,222,78.17,62,21.83
3137,31,37,269,210,78.07,59,21.93
3138,31,38,252,187,74.21,65,25.79
3139,31,39,310,247,79.68,63,20.32
3140,31,40,320,237,74.06,83,25.94
3141,31,41,267,209,78.28,58,21.72
3201,32,1,646,545,84.37,101,15.63
3202,32,2,570,497,87.19,73,12.81
3203,32,3,545,474,86.97,71,13.03
3204,32,4,450,402,89.33,48,10.67
3205,32,5,539,486,90.17,53,9.83
3206,32,6,604,556,92.05,48,7.95
3207,32,7,580,513,88.45,67,11.55
3208,32,8,624,554,88.78,70,11.22
3209,32,9,510,430,84.31,80,15.69
3210,32,10,561,474,84.49,87,15.51
3211,32,11,453,401,88.52,52,11.48
3212,32,12,340,298,87.65,42,12.35
3213,32,13,554,476,85.92,78,14.08
3214,32,14,541,489,90.39,52,9.61
3215,32,15,483,417,86.34,66,13.66
3216,32,16,480,418,87.08,62,12.92
3217,32,17,484,423,87.4,61,12.6
3218,32,18,491,426,86.76,65,13.24
3219,32,19,475,402,84.63,73,15.37
3220,32,20,482,430,89.21,52,10.79
3221,32,21,513,449,87.52,64,12.48
3222,32,22,635,569,89.61,66,10.39
3223,32,23,536,479,89.37,57,10.63
3224,32,24,433,375,86.61,58,13.39
3225,32,25,509,447,87.82,62,12.18
3226,32,26,517,460,88.97,57,11.03
3227,32,27,515,445,86.41,70,13.59
3228,32,28,533,463,86.87,70,13.13
3229,32,29,534,461,86.33,73,13.67
3230,32,30,495,433,87.47,62,12.53
3231,32,31,541,459,84.84,82,15.16
3232,32,32,595,545,91.6,50,8.4
3233,32,33,461,418,90.67,43,9.33
3234,32,34,562,491,87.37,71,12.63
3235,32,35,482,415,86.1,67,13.9
3236,32,36,520,468,90.0,52,10.0
3237,32,37,600,508,84.67,92,15.33
3238,32,38,497,426,85.71,71,14.29
3239,32,39,569,494,86.82,75,13.18
3240,32,40,512,447,87.3,65,12.7
3241,32,41,529,455,86.01,74,13.99
3242,32,42,479,413,86.22,66,13.78
3243,32,43,463,403,87.04,60,12.96
3301,33,1,560,464,82.86,96,17.14
3302,33,2,692,547,79.05,145,20.95
3303,33,3,749,640,85.45,109,14.55
3304,33,4,712,583,81.88,129,18.12
3305,33,5,507,420,82.84,87,17.16
3306,33,6,475,385,81.05,90,18.95
3307,33,7,563,461,81.88,102,18.12
3308,33,8,668,578,86.53,90,13.47
3309,33,9,594,493,83.0,101,17.0
3310,33,10,445,380,85.39,65,14.61
3311,33,11,532,448,84.21,84,15.79
3312,33,12,542,461,85.06,81,14.94
3313,33,13,523,424,81.07,99,18.93
3314,33,14,255,210,82.35,45,17.65
3315,33,15,554,468,84.48,86,15.52
3316,33,16,725,562,77.52,163,22.48
3317,33,17,556,447,80.4,109,19.6
3318,33,18,748,621,83.02,127,16.98
3319,33,19,633,510,80.57,123,19.43
3320,33,20,684,587,85.82,97,14.18
3321,33,21,590,475,80.51,115,19.49
3322,33,22,499,401,80.36,98,19.64
3323,33,23,605,502,82.98,103,17.02
3324,33,24,670,600,89.55,70,10.45
3325,33,25,645,553,85.74,92,14.26
3326,33,26,395,337,85.32,58,14.68
3327,33,27,628,515,82.01,113,17.99
3328,33,28,497,422,84.91,75,15.09
3401,34,1,395,278,70.38,117,29.62
3402,34,2,306,223,72.88,83,27.12
3403,34,3,351,242,68.95,109,31.05
3404,34,4,270,204,75.56,66,24.44
3405,34,5,305,202,66.23,103,33.77
3406,34,6,397,274,69.02,123,30.98
3407,34,7,372,258,69.35,114,30.65
3408,34,8,294,186,63.27,108,36.73
3409,34,9,236,157,66.53,79,33.47
3410,34,10,296,206,69.59,90,30.41
3411,34,11,314,210,66.88,104,33.12
3412,34,12,368,270,73.37,98,26.63
3413,34,13,363,245,67.49,118,32.51
3414,34,14,271,193,71.22,78,28.78
3415,34,15,316,211,66.77,105,33.23
3416,34,16,322,222,68.94,100,31.06
3417,34,17,438,317,72.37,121,27.63
3418,34,18,208,144,69.23,64,30.77
3419,34,19,382,278,72.77,104,27.23
3420,34,20,401,295,73.57,106,26.43
3421,34,21,423,314,74.23,109,25.77
3422,34,22,357,264,73.95,93,26.05
3423,34,23,306,213,69.61,93,30.39
3424,34,24,305,217,71.15,88,28.85
3425,34,25,524,376,71.76,148,28.24
3426,34,26,416,289,69.47,127,30.53
3427,34,27,284,181,63.73,103,36.27
3428,34,28,217,142,65.44,75,34.56
3429,34,29,280,177,63.21,103,36.79
3430,34,30,330,254,76.97,76,23.03
3431,34,31,272,188,69.12,84,30.88
3432,34,32,351,251,71.51,100,28.49
3433,34,33,298,198,66.44,100,33.56
3434,34,34,412,304,73.79,108,26.21
3435,34,35,436,300,68.81,136,31.19
3436,34,36,301,212,70.43,89,29.57
3437,34,37,199,124,62.31,75,37.69
3438,34,38,176,110,62.5,66,37.5
3439,34,39,262,152,58.02,110,41.98
3440,34,40,372,264,70.97,108,29.03
3441,34,41,217,135,62.21,82,37.79
3442,34,42,352,261,74.15,91,25.85
3443,34,43,321,241,75.08,80,24.92
3444,34,44,302,224,74.17,78,25.83
3445,34,45,349,253,72.49,96,27.51
3446,34,46,236,170,72.03,66,27.97
3447,34,47,314,246,78.34,68,21.66
3448,34,48,355,279,78.59,76,21.41
3449,34,49,320,261,81.56,59,18.44
3450,34,50,283,209,73.85,74,26.15
3451,34,51,401,289,72.07,112,27.93
3452,34,52,275,204,74.18,71,25.82
3453,34,53,246,176,71.54,70,28.46
3501,35,1,455,359,78.9,96,21.1
3502,35,2,468,405,86.54,63,13.46
3503,35,3,419,332,79.24,87,20.76
3504,35,4,470,383,81.49,87,18.51
3505,35,5,390,332,85.13,58,14.87
3506,35,6,488,411,84.22,77,15.78
3507,35,7,468,397,84.83,71,15.17
3508,35,8,468,393,83.97,75,16.03
3509,35,9,404,296,73.27,108,26.73
3510,35,10,519,456,87.86,63,12.14
3511,35,11,508,413,81.3,95,18.7
3512,35,12,316,231,73.1,85,26.9
3513,35,13,321,236,73.52,85,26.48
3514,35,14,370,284,76.76,86,23.24
3515,35,15,562,477,84.88,85,15.12
3516,35,16,247,176,71.26,71,28.74
3517,35,17,454,383,84.36,71,15.64
3518,35,18,316,245,77.53,71,22.47
3519,35,19,292,227,77.74,65,22.26
3520,35,20,472,375,79.45,97,20.55
3521,35,21,469,389,82.94,80,17.06
3522,35,22,580,488,84.14,92,15.86
3523,35,23,473,375,79.28,98,20.72
3524,35,24,416,340,81.73,76,18.27
3525,35,25,464,391,84.27,73,15.73
3526,35,26,408,328,80.39,80,19.61
3527,35,27,407,334,82.06,73,17.94
3528,35,28,455,376,82.64,79,17.36
3529,35,29,432,339,78.47,93,21.53
3530,35,30,417,319,76.5,98,23.5
3531,35,31,490,397,81.02,93,18.98
3601,36,1,383,291,75.98,92,24.02
3602,36,2,367,265,72.21,102,27.79
3603,36,3,343,245,71.43,98,28.57
3604,36,4,430,317,73.72,113,26.28
3605,36,5,346,256,73.99,90,26.01
3606,36,6,348,254,72.99,94,27.01
3607,36,7,396,291,73.48,105,26.52
3608,36,8,318,222,69.81,96,30.19
3609,36,9,383,272,71.02,111,28.98
3610,36,10,497,383,77.06,114,22.94
3611,36,11,271,192,70.85,79,29.15
3612,36,12,241,172,71.37,69,28.63
3613,36,13,268,206,76.87,62,23.13
3614,36,14,431,338,78.42,93,21.58
3615,36,15,375,307,81.87,68,18.13
3616,36,16,376,290,77.13,86,22.87
3617,36,17,470,346,73.62,124,26.38
3618,36,18,401,293,73.07,108,26.93
3619,36,19,495,365,73.74,130,26.26
3620,36,20,448,345,77.01,103,22.99
3621,36,21,343,235,68.51,108,31.49
3622,36,22,357,250,70.03,107,29.97
3623,36,23,351,243,69.23,108,30.77
3624,36,24,463,354,76.46,109,23.54
3625,36,25,406,305,75.12,101,24.88
3626,36,26,366,280,76.5,86,23.5
3627,36,27,327,244,74.62,83,25.38
3628,36,28,357,278,77.87,79,22.13
3629,36,29,419,323,77.09,96,22.91
3630,36,30,361,262,72.58,99,27.42
3701,37,1,201,153,76.12,48,23.88
3702,37,2,298,195,65.44,103,34.56
3703,37,3,220,134,60.91,86,39.09
3704,37,4,254,165,64.96,89,35.04
3705,37,5,320,219,68.44,101,31.56
3706,37,6,214,149,69.63,65,30.37
3707,37,7,246,171,69.51,75,30.49
3708,37,8,220,167,75.91,53,24.09
3709,37,9,298,194,65.1,104,34.9
3710,37,10,395,289,73.16,106,26.84
3711,37,11,202,131,64.85,71,35.15
3712,37,12,289,197,68.17,92,31.83
3713,37,13,228,158,69.3,70,30.7
3714,37,14,360,245,68.06,115,31.94
3715,37,15,323,233,72.14,90,27.86
3716,37,16,341,244,71.55,97,28.45
3717,37,17,228,166,72.81,62,27.19
3718,37,18,267,184,68.91,83,31.09
3719,37,19,225,156,69.33,69,30.67
3720,37,20,280,190,67.86,90,32.14
3721,37,21,237,171,72.15,66,27.85
3722,37,22,282,190,67.38,92,32.62
3723,37,23,301,202,67.11,99,32.89
3724,37,24,303,209,68.98,94,31.02
3725,37,25,272,178,65.44,94,34.56
3726,37,26,421,288,68.41,133,31.59
3727,37,27,308,195,63.31,113,36.69
3728,37,28,265,178,67.17,87,32.83
3729,37,29,267,199,74.53,68,25.47
3730,37,30,272,178,65.44,94,34.56
3731,37,31,361,257,71.19,104,28.81
3732,37,32,270,192,71.11,78,28.89
3733,37,33,227,156,68.72,71,31.28
3734,37,34,271,173,63.84,98,36.16
3735,37,35,320,209,65.31,111,34.69
3736,37,36,210,141,67.14,69,32.86
3737,37,37,319,205,64.26,114,35.74
3738,37,38,333,231,69.37,102,30.63
3739,37,39,256,168,65.63,88,34.38
3740,37,40,321,230,71.65,91,28.35
3741,37,41,302,210,69.54,92,30.46
3801,38,1,377,303,80.37,74,19.63
3802,38,2,384,247,64.32,137,35.68
3803,38,3,404,293,72.52,111,27.48
3804,38,4,369,254,68.83,115,31.17
3805,38,5,374,263,70.32,111,29.68
3806,38,6,401,273,68.08,128,31.92
3807,38,7,367,258,70.3,109,29.7
3808,38,8,386,283,73.32,103,26.68
3809,38,9,474,341,71.94,133,28.06
3810,38,10,355,261,73.52,94,26.48
3811,38,11,353,289,81.87,64,18.13
3812,38,12,347,219,63.11,128,36.89
3813,38,13,446,320,71.75,126,28.25
3814,38,14,427,305,71.43,122,28.57
3815,38,15,363,274,75.48,89,24.52
3816,38,16,390,263,67.44,127,32.56
3817,38,17,474,328,69.2,146,30.8
3818,38,18,407,293,71.99,114,28.01
3819,38,19,429,331,77.16,98,22.84
3820,38,20,395,267,67.59,128,32.41
3821,38,21,401,309,77.06,92,22.94
3822,38,22,362,278,76.8,84,23.2
3823,38,23,413,303,73.37,110,26.63
3824,38,24,381,277,72.7,104,27.3
3825,38,25,371,279,75.2,92,24.8
3826,38,26,410,310,75.61,100,24.39
3827,38,27,391,274,70.08,117,29.92
3828,38,28,485,315,64.95,170,35.05
3829,38,29,412,301,73.06,111,26.94
3830,38,30,401,275,68.58,126,31.42
3831,38,31,410,329,80.24,81,19.76
3832,38,32,375,298,79.47,77,20.53
3833,38,33,331,268,80.97,63,19.03
3834,38,34,367,279,76.02,88,23.98
3835,38,35,376,297,78.99,79,21.01
3836,38,36,370,287,77.57,83,22.43
3837,38,37,385,263,68.31,122,31.69
3838,38,38,390,293,75.13,97,24.87
3839,38,39,420,318,75.71,102,24.29
3840,38,40,397,304,76.57,93,23.43
3841,38,41,352,284,80.68,68,19.32
3901,39,1,377,273,72.41,104,27.59
3902,39,2,247,209,84.62,38,15.38
3903,39,3,463,388,83.8,75,16.2
3904,39,4,393,286,72.77,107,27.23
3905,39,5,421,329,78.15,92,21.85
3906,39,6,437,330,75.51,107,24.49
3907,39,7,370,303,81.89,67,18.11
3908,39,8,418,338,80.86,80,19.14
3909,39,9,369,297,80.49,72,19.51
3910,39,10,199,178,89.45,21,10.55
3911,39,11,395,314,79.49,81,20.51
3912,39,12,558,451,80.82,107,19.18
3913,39,13,335,256,76.42,79,23.58
3914,39,14,426,331,77.7,95,22.3
3915,39,15,452,341,75.44,111,24.56
3916,39,16,371,288,77.63,83,22.37
3917,39,17,416,340,81.73,76,18.27
3918,39,18,408,340,83.33,68,16.67
3919,39,19,393,327,83.21,66,16.79
3920,39,20,513,367,71.54,146,28.46
3921,39,21,408,284,69.61,124,30.39
3922,39,22,405,333,82.22,72,17.78
3923,39,23,418,314,75.12,104,24.88
3924,39,24,505,364,72.08,141,27.92
3925,39,25,353,291,82.44,62,17.56
3926,39,26,372,271,72.85,101,27.15
3927,39,27,57,46,80.7,11,19.3
3928,39,28,519,434,83.62,85,16.38
3929,39,29,217,182,83.87,35,16.13
3930,39,30,507,450,88.76,57,11.24
3931,39,31,369,291,78.86,78,21.14
3932,39,32,305,228,74.75,77,25.25
3933,39,33,418,349,83.49,69,16.51
3934,39,34,485,379,78.14,106,21.86
3935,39,35,405,334,82.47,71,17.53
3936,39,36,104,89,85.58,15,14.42
3937,39,37,367,300,81.74,67,18.26
3938,39,38,207,172,83.09,35,16.91
3939,39,39,249,197,79.12,52,20.88
3940,39,40,408,308,75.49,100,24.51
3941,39,41,412,329,79.85,83,20.15
3942,39,42,417,325,77.94,92,22.06
3943,39,43,415,296,71.33,119,28.67
3944,39,44,326,245,75.15,81,24.85
3945,39,45,342,255,74.56,87,25.44
4001,40,1,407,330,81.08,77,18.92
4002,40,2,475,389,81.89,86,18.11
4003,40,3,592,527,89.02,65,10.98
4004,40,4,281,236,83.99,45,16.01
4005,40,5,533,462,86.68,71,13.32
4006,40,6,551,497,90.2,54,9.8
4007,40,7,451,403,89.36,48,10.64
4008,40,8,631,566,89.7,65,10.3
4009,40,9,366,294,80.33,72,19.67
4010,40,10,522,419,80.27,103,19.73
4011,40,11,486,426,87.65,60,12.35
4012,40,12,398,345,86.68,53,13.32
4013,40,13,698,621,88.97,77,11.03
4014,40,14,422,333,78.91,89,21.09
4015,40,15,446,363,81.39,83,18.61
4016,40,16,634,548,86.44,86,13.56
4017,40,17,385,330,85.71,55,14.29
4018,40,18,378,300,79.37,78,20.63
4019,40,19,576,442,76.74,134,23.26
4020,40,20,489,401,82.0,88,18.0
4021,40,21,546,483,88.46,63,11.54
4022,40,22,586,516,88.05,70,11.95
4023,40,23,580,523,90.17,57,9.83
4024,40,24,433,350,80.83,83,19.17
4025,40,25,561,487,86.81,74,13.19
4026,40,26,495,447,90.3,48,9.7
4027,40,27,586,493,84.13,93,15.87
4028,40,28,510,425,83.33,85,16.67
4029,40,29,478,381,79.71,97,20.29
4030,40,30,379,317,83.64,62,16.36
4031,40,31,535,482,90.09,53,9.91
4032,40,32,524,463,88.36,61,11.64
4033,40,33,467,416,89.08,51,10.92
4034,40,34,399,317,79.45,82,20.55
4035,40,35,320,259,80.94,61,19.06
4036,40,36,405,346,85.43,59,14.57
4037,40,37,495,426,86.06,69,13.94
4038,40,38,597,531,88.94,66,11.06
4039,40,39,188,138,73.4,50,26.6
4101,41,1,411,245,59.61,166,40.39
4102,41,2,465,273,58.71,192,41.29
4103,41,3,422,287,68.01,135,31.99
4104,41,4,412,300,72.82,112,27.18
4105,41,5,493,344,69.78,149,30.22
4106,41,6,477,349,73.17,128,26.83
4107,41,7,432,286,66.2,146,33.8
4108,41,8,427,283,66.28,144,33.72
4109,41,9,374,258,68.98,116,31.02
4110,41,10,426,294,69.01,132,30.99
4111,41,11,455,269,59.12,186,40.88
4112,41,12,460,333,72.39,127,27.61
4113,41,13,470,313,66.6,157,33.4
4114,41,14,447,327,73.15,120,26.85
4115,41,15,512,360,70.31,152,29.69
4116,41,16,405,266,65.68,139,34.32
4117,41,17,374,255,68.18,119,31.82
4118,41,18,378,257,67.99,121,32.01
4119,41,19,441,343,77.78,98,22.22
4120,41,20,320,218,68.13,102,31.88
4121,41,21,452,304,67.26,148,32.74
4122,41,22,489,325,66.46,164,33.54
4123,41,23,405,262,64.69,143,35.31
4124,41,24,412,274,66.5,138,33.5
4125,41,25,387,287,74.16,100,25.84
4126,41,26,391,271,69.31,120,30.69
4127,41,27,380,258,67.89,122,32.11
4128,41,28,416,307,73.8,109,26.2
4129,41,29,343,246,71.72,97,28.28
4130,41,30,370,257,69.46,113,30.54
4131,41,31,373,273,73.19,100,26.81
4132,41,32,385,261,67.79,124,32.21
4133,41,33,398,265,66.58,133,33.42
4134,41,34,389,250,64.27,139,35.73
4135,41,35,483,292,60.46,191,39.54
4136,41,36,429,286,66.67,143,33.33
4137,41,37,483,358,74.12,125,25.88
4138,41,38,416,277,66.59,139,33.41
4139,41,39,426,274,64.32,152,35.68
4140,41,40,464,271,58.41,193,41.59
4141,41,41,444,292,65.77,152,34.23
4142,41,42,421,280,66.51,141,33.49
4143,41,43,400,258,64.5,142,35.5
4144,41,44,429,260,60.61,169,39.39
4145,41,45,425,289,68.0,136,32.0
4146,41,46,417,281,67.39,136,32.61
4147,41,47,427,288,67.45,139,32.55
4201,42,1,402,349,86.82,53,13.18
4202,42,2,589,514,87.27,75,12.73
4203,42,3,509,446,87.62,63,12.38
4204,42,4,1105,951,86.06,154,13.94
4205,42,5,395,349,88.35,46,11.65
4206,42,6,449,384,85.52,65,14.48
4207,42,7,566,487,86.04,79,13.96
4208,42,8,377,302,80.11,75,19.89
4209,42,9,665,556,83.61,109,16.39
4210,42,10,696,593,85.2,103,14.8
4211,42,11,311,267,85.85,44,14.15
4212,42,12,382,333,87.17,49,12.83
4213,42,13,383,318,83.03,65,16.97
4214,42,14,671,590,87.93,81,12.07
4215,42,15,655,560,85.5,95,14.5
4216,42,16,486,414,85.19,72,14.81
4217,42,17,771,652,84.57,119,15.43
4218,42,18,647,556,85.94,91,14.06
4219,42,19,599,508,84.81,91,15.19
4220,42,20,585,491,83.93,94,16.07
4221,42,21,623,565,90.69,58,9.31
4222,42,22,275,234,85.09,41,14.91
4223,42,23,504,430,85.32,74,14.68
4224,42,24,431,371,86.08,60,13.92
4225,42,25,558,456,81.72,102,18.28
4226,42,26,774,672,86.82,102,13.18
4227,42,27,336,264,78.57,72,21.43
4228,42,28,526,436,82.89,90,17.11
4229,42,29,588,489,83.16,99,16.84
4230,42,30,373,318,85.25,55,14.75
4231,42,31,559,464,83.01,95,16.99
4232,42,32,593,495,83.47,98,16.53
4233,42,33,562,466,82.92,96,17.08
4234,42,34,385,327,84.94,58,15.06
4235,42,35,603,507,84.08,96,15.92
4236,42,36,888,749,84.35,139,15.65
4237,42,37,377,327,86.74,50,13.26
4238,42,38,484,417,86.16,67,13.84
4239,42,39,873,762,87.29,111,12.71
4240,42,40,724,616,85.08,108,14.92
4241,42,41,522,449,86.02,73,13.98
4242,42,42,872,770,88.3,102,11.7
4301,43,1,244,206,84.43,38,15.57
4302,43,2,521,462,88.68,59,11.32
4303,43,3,459,401,87.36,58,12.64
4304,43,4,559,492,88.01,67,11.99
4305,43,5,436,388,88.99,48,11.01
4306,43,6,382,337,88.22,45,11.78
4307,43,7,285,258,90.53,27,9.47
4308,43,8,366,322,87.98,44,12.02
4309,43,9,468,393,83.97,75,16.03
4310,43,10,574,510,88.85,64,11.15
4311,43,11,452,403,89.16,49,10.84
4312,43,12,316,279,88.29,37,11.71
4313,43,13,491,436,88.8,55,11.2
4314,43,14,486,423,87.04,63,12.96
4315,43,15,464,404,87.07,60,12.93
4316,43,16,646,571,88.39,75,11.61
4317,43,17,387,349,90.18,38,9.82
4318,43,18,528,472,89.39,56,10.61
4319,43,19,477,426,89.31,51,10.69
4320,43,20,581,514,88.47,67,11.53
4321,43,21,548,473,86.31,75,13.69
4322,43,22,333,296,88.89,37,11.11
4323,43,23,346,310,89.6,36,10.4
4324,43,24,351,301,85.75,50,14.25
4325,43,25,403,345,85.61,58,14.39
4326,43,26,293,263,89.76,30,10.24
4327,43,27,446,396,88.79,50,11.21
4328,43,28,578,515,89.1,63,10.9
4329,43,29,671,597,88.97,74,11.03
4330,43,30,508,449,88.39,59,11.61
4331,43,31,442,369,83.48,73,16.52
4332,43,32,488,451,92.42,37,7.58
4333,43,33,450,402,89.33,48,10.67
4334,43,34,318,286,89.94,32,10.06
4335,43,35,490,425,86.73,65,13.27
4336,43,36,318,278,87.42,40,12.58
4337,43,37,574,516,89.9,58,10.1
4338,43,38,329,278,84.5,51,15.5
4339,43,39,353,295,83.57,58,16.43
4340,43,40,365,323,88.49,42,11.51
4341,43,41,583,523,89.71,60,10.29
4342,43,42,449,395,87.97,54,12.03
4343,43,43,446,396,88.79,50,11.21
4344,43,44,446,387,86.77,59,13.23
4345,43,45,295,257,87.12,38,12.88
4346,43,46,293,257,87.71,36,12.29
4401,44,1,798,705,88.35,93,11.65
4402,44,2,524,459,87.6,65,12.4
4403,44,3,281,256,91.1,25,8.9
4404,44,4,399,376,94.24,23,5.76
4405,44,5,529,479,90.55,50,9.45
4406,44,6,651,589,90.48,62,9.52
4407,44,7,316,275,87.03,41,12.97
4408,44,8,716,646,90.22,70,9.78
4409,44,9,546,497,91.03,49,8.97
4410,44,10,569,502,88.22,67,11.78
4411,44,11,612,524,85.62,88,14.38
4412,44,12,541,486,89.83,55,10.17
4413,44,13,461,412,89.37,49,10.63
4414,44,14,518,450,86.87,68,13.13
4415,44,15,492,438,89.02,54,10.98
4416,44,16,624,540,86.54,84,13.46
4417,44,17,711,626,88.05,85,11.95
4418,44,18,575,512,89.04,63,10.96
4419,44,19,624,553,88.62,71,11.38
4420,44,20,675,602,89.19,73,10.81
4421,44,21,623,566,90.85,57,9.15
4422,44,22,501,447,89.22,54,10.78
4423,44,23,520,486,93.46,34,6.54
4424,44,24,348,328,94.25,20,5.75
4425,44,25,536,492,91.79,44,8.21
4426,44,26,714,640,89.64,74,10.36
4427,44,27,613,548,89.4,65,10.6
4428,44,28,589,516,87.61,73,12.39
4429,44,29,617,561,90.92,56,9.08
4430,44,30,641,581,90.64,60,9.36
4431,44,31,485,427,88.04,58,11.96
4432,44,32,611,531,86.91,80,13.09
4433,44,33,610,559,91.64,51,8.36
4434,44,34,554,501,90.43,53,9.57
4435,44,35,550,479,87.09,71,12.91
4436,44,36,616,561,91.07,55,8.93
4437,44,37,604,545,90.23,59,9.77
4438,44,38,639,552,86.38,87,13.62
4439,44,39,588,543,92.35,45,7.65
4440,44,40,518,466,89.96,52,10.04
4441,44,41,698,617,88.4,81,11.6
4501,45,1,364,307,84.34,57,15.66
4502,45,2,433,373,86.14,60,13.86
4503,45,3,391,330,84.4,61,15.6
4504,45,4,509,416,81.73,93,18.27
4505,45,5,446,370,82.96,76,17.04
4506,45,6,585,484,82.74,101,17.26
4507,45,7,605,509,84.13,96,15.87
4508,45,8,443,356,80.36,87,19.64
4509,45,9,433,324,74.83,109,25.17
4510,45,10,427,321,75.18,106,24.82
4511,45,11,347,281,80.98,66,19.02
4512,45,12,377,287,76.13,90,23.87
4513,45,13,345,287,83.19,58,16.81
4514,45,14,608,499,82.07,109,17.93
4515,45,15,516,417,80.81,99,19.19
4516,45,16,354,299,84.46,55,15.54
4517,45,17,464,364,78.45,100,21.55
4518,45,18,457,356,77.9,101,22.1
4519,45,19,242,186,76.86,56,23.14
4520,45,20,291,234,80.41,57,19.59
4521,45,21,375,275,73.33,100,26.67
4522,45,22,393,318,80.92,75,19.08
4523,45,23,399,299,74.94,100,25.06
4524,45,24,335,230,68.66,105,31.34
4525,45,25,278,195,70.14,83,29.86
4526,45,26,244,179,73.36,65,26.64
4527,45,27,412,296,71.84,116,28.16
4528,45,28,348,269,77.3,79,22.7
4529,45,29,271,214,78.97,57,21.03
4530,45,30,416,324,77.88,92,22.12
4531,45,31,337,267,79.23,70,20.77
4532,45,32,395,295,74.68,100,25.32
4533,45,33,300,246,82.0,54,18.0
4534,45,34,442,351,79.41,91,20.59
4535,45,35,475,356,74.95,119,25.05
4536,45,36,439,325,74.03,114,25.97
4537,45,37,404,299,74.01,105,25.99
4538,45,38,402,303,75.37,99,24.63
4539,45,39,412,304,73.79,108,26.21
4540,45,40,392,266,67.86,126,32.14
4541,45,41,381,263,69.03,118,30.97
4542,45,42,393,293,74.55,100,25.45
4543,45,43,437,314,71.85,123,28.15
4544,45,44,386,276,71.5,110,28.5
4545,45,45,271,173,63.84,98,36.16
4546,45,46,337,224,66.47,113,33.53
4547,45,47,299,208,69.57,91,30.43
4548,45,48,321,216,67.29,105,32.71
4601,46,1,389,326,83.8,63,16.2
4602,46,2,505,434,85.94,71,14.06
4603,46,3,577,520,90.12,57,9.88
4604,46,4,487,422,86.65,65,13.35
4605,46,5,675,589,87.26,86,12.74
4606,46,6,430,363,84.42,67,15.58
4607,46,7,490,425,86.73,65,13.27
4608,46,8,340,283,83.24,57,16.76
4609,46,9,572,503,87.94,69,12.06
4610,46,10,876,789,90.07,87,9.93
4611,46,11,477,400,83.86,77,16.14
4612,46,12,550,493,89.64,57,10.36
4613,46,13,534,479,89.7,55,10.3
4614,46,14,516,411,79.65,105,20.35
4615,46,15,523,470,89.87,53,10.13
4616,46,16,583,523,89.71,60,10.29
4617,46,17,542,468,86.35,74,13.65
4618,46,18,579,495,85.49,84,14.51
4619,46,19,339,293,86.43,46,13.57
4620,46,20,427,370,86.65,57,13.35
4621,46,21,390,322,82.56,68,17.44
4622,46,22,363,310,85.4,53,14.6
4623,46,23,469,406,86.57,63,13.43
4624,46,24,653,583,89.28,70,10.72
4625,46,25,494,427,86.44,67,13.56
4626,46,26,707,623,88.12,84,11.88
4627,46,27,669,579,86.55,90,13.45
4628,46,28,470,417,88.72,53,11.28
4629,46,29,401,346,86.28,55,13.72
4630,46,30,526,454,86.31,72,13.69
4631,46,31,527,487,92.41,40,7.59
4632,46,32,480,391,81.46,89,18.54
4633,46,33,519,470,90.56,49,9.44
4634,46,34,663,573,86.43,90,13.57
4635,46,35,576,502,87.15,74,12.85
4636,46,36,484,423,87.4,61,12.6
4637,46,37,408,352,86.27,56,13.73
4638,46,38,586,504,86.01,82,13.99
4639,46,39,460,382,83.04,78,16.96
4640,46,40,438,389,88.81,49,11.19
4701,47,1,373,323,86.6,50,13.4
4702,47,2,510,457,89.61,53,10.39
4703,47,3,492,438,89.02,54,10.98
4704,47,4,631,561,88.91,70,11.09
4705,47,5,574,502,87.46,72,12.54
4706,47,6,640,575,89.84,65,10.16
4707,47,7,497,414,83.3,83,16.7
4708,47,8,534,461,86.33,73,13.67
4709,47,9,496,426,85.89,70,14.11
4710,47,10,644,581,90.22,63,9.78
4711,47,11,532,463,87.03,69,12.97
4712,47,12,565,496,87.79,69,12.21
4713,47,13,514,447,86.96,67,13.04
4714,47,14,487,440,90.35,47,9.65
4715,47,15,664,591,89.01,73,10.99
4716,47,16,535,474,88.6,61,11.4
4717,47,17,523,434,82.98,89,17.02
4718,47,18,509,441,86.64,68,13.36
4719,47,19,824,753,91.38,71,8.62
4720,47,20,567,506,89.24,61,10.76
4721,47,21,504,432,85.71,72,14.29
4722,47,22,577,511,88.56,66,11.44
4723,47,23,602,548,91.03,54,8.97
4724,47,24,550,497,90.36,53,9.64
4725,47,25,655,579,88.4,76,11.6
4726,47,26,734,668,91.01,66,8.99
4727,47,27,460,407,88.48,53,11.52
4728,47,28,497,435,87.53,62,12.47
4729,47,29,638,574,89.97,64,10.03
4730,47,30,669,601,89.84,68,10.16
4731,47,31,584,513,87.84,71,12.16
4732,47,32,651,593,91.09,58,8.91
4733,47,33,512,455,88.87,57,11.13
4734,47,34,563,506,89.88,57,10.12
4735,47,35,521,452,86.76,69,13.24
4736,47,36,622,556,89.39,66,10.61
4737,47,37,494,436,88.26,58,11.74
4738,47,38,536,483,90.11,53,9.89
4739,47,39,527,474,89.94,53,10.06
4740,47,40,498,444,89.16,54,10.84
4741,47,41,592,524,88.51,68,11.49
4742,47,42,518,455,87.84,63,12.16
4743,47,43,481,432,89.81,49,10.19
4744,47,44,453,396,87.42,57,12.58
4745,47,45,505,461,91.29,44,8.71
4746,47,46,553,477,86.26,76,13.74
4747,47,47,652,585,89.72,67,10.28
4748,47,48,33,22,66.67,11,33.33
4801,48,1,502,447,89.04,55,10.96
4802,48,2,211,190,90.05,21,9.95
4803,48,3,569,479,84.18,90,15.82
4804,48,4,448,398,88.84,50,11.16
4805,48,5,254,227,89.37,27,10.63
4806,48,6,583,506,86.79,77,13.21
4807,48,7,531,485,91.34,46,8.66
4808,48,8,245,212,86.53,33,13.47
4809,48,9,318,265,83.33,53,16.67
4810,48,10,701,635,90.58,66,9.42
4811,48,11,403,361,89.58,42,10.42
4812,48,12,588,530,90.14,58,9.86
4813,48,13,605,507,83.8,98,16.2
4814,48,14,201,166,82.59,35,17.41
4815,48,15,322,263,81.68,59,18.32
4816,48,16,544,463,85.11,81,14.89
4817,48,17,423,374,88.42,49,11.58
4818,48,18,325,262,80.62,63,19.38
4819,48,19,348,312,89.66,36,10.34
4820,48,20,541,469,86.69,72,13.31
4821,48,21,627,512,81.66,115,18.34
4822,48,22,365,321,87.95,44,12.05
4823,48,23,427,384,89.93,43,10.07
4824,48,24,574,432,75.26,142,24.74
4825,48,25,419,392,93.56,27,6.44
4826,48,26,242,202,83.47,40,16.53
4827,48,27,484,412,85.12,72,14.88
4828,48,28,512,415,81.05,97,18.95
4829,48,29,184,172,93.48,12,6.52
4830,48,30,423,372,87.94,51,12.06
4831,48,31,719,596,82.89,123,17.11
4832,48,32,540,467,86.48,73,13.52
4833,48,33,257,236,91.83,21,8.17
4834,48,34,415,380,91.57,35,8.43
4835,48,35,292,226,77.4,66,22.6
4836,48,36,272,250,91.91,22,8.09
4837,48,37,512,455,88.87,57,11.13
4838,48,38,503,462,91.85,41,8.15
4839,48,39,361,307,85.04,54,14.96
4840,48,40,451,420,93.13,31,6.87
4841,48,41,652,555,85.12,97,14.88
4842,48,42,578,520,89.97,58,10.03
4843,48,43,581,504,86.75,77,13.25
4844,48,44,636,577,90.72,59,9.28
4845,48,45,373,327,87.67,46,12.33
4846,48,46,284,232,81.69,52,18.31
4901,49,1,331,242,73.11,89,26.89
4902,49,2,306,273,89.22,33,10.78
4903,49,3,633,537,84.83,96,15.17
4904,49,4,676,568,84.02,108,15.98
4905,49,5,492,424,86.18,68,13.82
4906,49,6,434,370,85.25,64,14.75
4907,49,7,401,337,84.04,64,15.96
4908,49,8,459,395,86.06,64,13.94
4909,49,9,511,437,85.52,74,14.48
4910,49,10,591,495,83.76,96,16.24
4911,49,11,658,577,87.69,81,12.31
4912,49,12,627,554,88.36,73,11.64
4913,49,13,573,476,83.07,97,16.93
4914,49,14,387,329,85.01,58,14.99
4915,49,15,378,305,80.69,73,19.31
4916,49,16,457,384,84.03,73,15.97
4917,49,17,395,335,84.81,60,15.19
4918,49,18,650,560,86.15,90,13.85
4919,49,19,467,370,79.23,97,20.77
4920,49,20,757,663,87.58,94,12.42
4921,49,21,317,262,82.65,55,17.35
4922,49,22,528,442,83.71,86,16.29
4923,49,23,680,577,84.85,103,15.15
4924,49,24,393,315,80.15,78,19.85
4925,49,25,641,550,85.8,91,14.2
4926,49,26,569,498,87.52,71,12.48
4927,49,27,586,504,86.01,82,13.99
4928,49,28,727,617,84.87,110,15.13
4929,49,29,588,508,86.39,80,13.61
4930,49,30,531,456,85.88,75,14.12
4931,49,31,352,277,78.69,75,21.31
4932,49,32,493,366,74.24,127,25.76
4933,49,33,391,321,82.1,70,17.9
5001,50,1,319,259,81.19,60,18.81
5002,50,2,220,174,79.09,46,20.91
5003,50,3,291,247,84.88,44,15.12
5004,50,4,400,341,85.25,59,14.75
5005,50,5,211,166,78.67,45,21.33
5006,50,6,391,324,82.86,67,17.14
5007,50,7,478,408,85.36,70,14.64
5008,50,8,372,305,81.99,67,18.01
5009,50,9,306,254,83.01,52,16.99
5010,50,10,371,282,76.01,89,23.99
5011,50,11,187,141,75.4,46,24.6
5012,50,12,151,124,82.12,27,17.88
5013,50,13,455,382,83.96,73,16.04
5014,50,14,112,87,77.68,25,22.32
5015,50,15,473,410,86.68,63,13.32
5016,50,16,99,80,80.81,19,19.19
5017,50,17,367,294,80.11,73,19.89
5018,50,18,50,41,82.0,9,18.0
5019,50,19,324,272,83.95,52,16.05
5020,50,20,416,338,81.25,78,18.75
5021,50,21,341,281,82.4,60,17.6
5022,50,22,329,274,83.28,55,16.72
5023,50,23,246,191,77.64,55,22.36
5024,50,24,217,153,70.51,64,29.49
5025,50,25,292,223,76.37,69,23.63
5026,50,26,396,302,76.26,94,23.74
5027,50,27,101,77,76.24,24,23.76
5028,50,28,414,331,79.95,83,20.05
5029,50,29,393,307,78.12,86,21.88
5030,50,30,317,263,82.97,54,17.03
5031,50,31,540,446,82.59,94,17.41
5032,50,32,427,346,81.03,81,18.97
5033,50,33,228,184,80.7,44,19.3
5034,50,34,453,370,81.68,83,18.32
5035,50,35,524,446,85.11,78,14.89
5036,50,36,384,311,80.99,73,19.01
5037,50,37,396,343,86.62,53,13.38
5038,50,38,120,99,82.5,21,17.5
5039,50,39,220,174,79.09,46,20.91
5040,50,40,246,189,76.83,57,23.17
