id,ward,precinct,total,Yes,Yes Percent,No,No Percent
0101,1,1,512,211,41.21,301,58.79
0102,1,2,457,219,47.92,238,52.08
0103,1,3,605,281,46.45,324,53.55
0104,1,4,587,279,47.53,308,52.47
0105,1,5,519,239,46.05,280,53.95
0106,1,6,444,217,48.87,227,51.13
0107,1,7,366,176,48.09,190,51.91
0108,1,8,425,194,45.65,231,54.35
0109,1,9,370,189,51.08,181,48.92
0110,1,10,619,301,48.63,318,51.37
0111,1,11,578,258,44.64,320,55.36
0112,1,12,614,238,38.76,376,61.24
0113,1,13,252,112,44.44,140,55.56
0114,1,14,467,203,43.47,264,56.53
0115,1,15,466,217,46.57,249,53.43
0116,1,16,571,244,42.73,327,57.27
0117,1,17,446,176,39.46,270,60.54
0118,1,18,518,231,44.59,287,55.41
0119,1,19,614,248,40.39,366,59.61
0120,1,20,414,157,37.92,257,62.08
0121,1,21,697,303,43.47,394,56.53
0122,1,22,336,150,44.64,186,55.36
0123,1,23,687,259,37.7,428,62.3
0124,1,24,471,207,43.95,264,56.05
0125,1,25,507,228,44.97,279,55.03
0126,1,26,336,170,50.6,166,49.4
0127,1,27,568,264,46.48,304,53.52
0128,1,28,163,106,65.03,57,34.97
0129,1,29,638,285,44.67,353,55.33
0130,1,30,591,231,39.09,360,60.91
0131,1,31,446,236,52.91,210,47.09
0132,1,32,500,230,46.0,270,54.0
0133,1,33,544,256,47.06,288,52.94
0134,1,34,421,169,40.14,252,59.86
0135,1,35,646,295,45.67,351,54.33
0136,1,36,588,281,47.79,307,52.21
0137,1,37,507,247,48.72,260,51.28
0138,1,38,485,214,44.12,271,55.88
0139,1,39,416,204,49.04,212,50.96
0140,1,40,434,246,56.68,188,43.32
0141,1,41,294,122,41.5,172,58.5
0142,1,42,177,76,42.94,101,57.06
0143,1,43,331,147,44.41,184,55.59
0144,1,44,481,177,36.8,304,63.2
0201,2,1,560,237,42.32,323,57.68
0202,2,2,347,212,61.1,135,38.9
0203,2,3,582,250,42.96,332,57.04
0204,2,4,504,228,45.24,276,54.76
0205,2,5,634,284,44.79,350,55.21
0206,2,6,542,250,46.13,292,53.87
0207,2,7,447,219,48.99,228,51.01
0208,2,8,637,314,49.29,323,50.71
0209,2,9,457,273,59.74,184,40.26
0210,2,10,339,211,62.24,128,37.76
0211,2,11,471,296,62.85,175,37.15
0212,2,12,387,236,60.98,151,39.02
0213,2,13,382,232,60.73,150,39.27
0214,2,14,515,218,42.33,297,57.67
0215,2,15,452,194,42.92,258,57.08
0216,2,16,503,213,42.35,290,57.65
0217,2,17,586,233,39.76,353,60.24
0218,2,18,422,262,62.09,160,37.91
0219,2,19,293,185,63.14,108,36.86
0220,2,20,589,321,54.5,268,45.5
0221,2,21,545,214,39.27,331,60.73
0222,2,22,458,266,58.08,192,41.92
0223,2,23,280,196,70.0,84,30.0
0224,2,24,417,246,58.99,171,41.01
0225,2,25,560,259,46.25,301,53.75
0226,2,26,387,212,54.78,175,45.22
0227,2,27,403,241,59.8,162,40.2
0228,2,28,528,309,58.52,219,41.48
0229,2,29,510,296,58.04,214,41.96
0230,2,30,403,263,65.26,140,34.74
0231,2,31,513,339,66.08,174,33.92
0232,2,32,416,258,62.02,158,37.98
0233,2,33,644,387,60.09,257,39.91
0234,2,34,326,223,68.4,103,31.6
0235,2,35,597,350,58.63,247,41.37
0236,2,36,481,282,58.63,199,41.37
0237,2,37,411,239,58.15,172,41.85
0238,2,38,411,254,61.8,157,38.2
0239,2,39,325,176,54.15,149,45.85
0240,2,40,642,401,62.46,241,37.54
0241,2,41,542,322,59.41,220,40.59
0242,2,42,522,320,61.3,202,38.7
0243,2,43,621,379,61.03,242,38.97
0244,2,44,286,156,54.55,130,45.45
0245,2,45,541,335,61.92,206,38.08
0246,2,46,257,117,45.53,140,54.47
0301,3,1,622,387,62.22,235,37.78
0302,3,2,445,300,67.42,145,32.58
0303,3,3,368,225,61.14,143,38.86
0304,3,4,515,328,63.69,187,36.31
0305,3,5,260,167,64.23,93,35.77
0306,3,6,655,334,50.99,321,49.01
0307,3,7,245,151,61.63,94,38.37
0308,3,8,347,202,58.21,145,41.79
0309,3,9,527,284,53.89,243,46.11
0310,3,10,207,140,67.63,67,32.37
0311,3,11,519,302,58.19,217,41.81
0312,3,12,403,256,63.52,147,36.48
0313,3,13,539,279,51.76,260,48.24
0314,3,14,531,311,58.57,220,41.43
0315,3,15,424,260,61.32,164,38.68
0316,3,16,379,221,58.31,158,41.69
0317,3,17,682,362,53.08,320,46.92
0318,3,18,589,361,61.29,228,38.71
0319,3,19,567,331,58.38,236,41.62
0320,3,20,482,268,55.6,214,44.4
0321,3,21,489,300,61.35,189,38.65
0322,3,22,655,326,49.77,329,50.23
0323,3,23,369,237,64.23,132,35.77
0324,3,24,392,256,65.31,136,34.69
0325,3,25,775,480,61.94,295,38.06
0326,3,26,506,296,58.5,210,41.5
0327,3,27,599,353,58.93,246,41.07
0328,3,28,208,129,62.02,79,37.98
0329,3,29,468,284,60.68,184,39.32
0330,3,30,388,235,60.57,153,39.43
0331,3,31,526,305,57.98,221,42.02
0332,3,32,753,440,58.43,313,41.57
0333,3,33,600,321,53.5,279,46.5
0334,3,34,697,365,52.37,332,47.63
0335,3,35,249,152,61.04,97,38.96
0336,3,36,218,137,62.84,81,37.16
0337,3,37,442,274,61.99,168,38.01
0338,3,38,316,217,68.67,99,31.33
0339,3,39,947,489,51.64,458,48.36
0340,3,40,489,312,63.8,177,36.2
0341,3,41,312,178,57.05,134,42.95
0401,4,1,720,319,44.31,401,55.69
0402,4,2,653,357,54.67,296,45.33
0403,4,3,376,225,59.84,151,40.16
0404,4,4,625,378,60.48,247,39.52
0405,4,5,502,272,54.18,230,45.82
0406,4,6,503,312,62.03,191,37.97
0407,4,7,619,385,62.2,234,37.8
0408,4,8,520,303,58.27,217,41.73
0409,4,9,521,357,68.52,164,31.48
0410,4,10,618,358,57.93,260,42.07
0411,4,11,471,305,64.76,166,35.24
0412,4,12,643,385,59.88,258,40.12
0413,4,13,636,362,56.92,274,43.08
0414,4,14,469,304,64.82,165,35.18
0415,4,15,554,323,58.3,231,41.7
0416,4,16,855,431,50.41,424,49.59
0417,4,17,579,282,48.7,297,51.3
0418,4,18,445,286,64.27,159,35.73
0419,4,19,314,181,57.64,133,42.36
0420,4,20,375,218,58.13,157,41.87
0421,4,21,550,275,50.0,275,50.0
0422,4,22,444,251,56.53,193,43.47
0423,4,23,609,290,47.62,319,52.38
0424,4,24,453,241,53.2,212,46.8
0425,4,25,597,319,53.43,278,46.57
0426,4,26,424,272,64.15,152,35.85
0427,4,27,662,329,49.7,333,50.3
0428,4,28,431,259,60.09,172,39.91
0429,4,29,456,289,63.38,167,36.62
0430,4,30,663,418,63.05,245,36.95
0431,4,31,410,266,64.88,144,35.12
0432,4,32,540,323,59.81,217,40.19
0433,4,33,456,261,57.24,195,42.76
0434,4,34,433,252,58.2,181,41.8
0435,4,35,561,340,60.61,221,39.39
0436,4,36,581,379,65.23,202,34.77
0437,4,37,922,519,56.29,403,43.71
0438,4,38,532,340,63.91,192,36.09
0501,5,1,423,246,58.16,177,41.84
0502,5,2,335,200,59.7,135,40.3
0503,5,3,461,213,46.2,248,53.8
0504,5,4,595,284,47.73,311,52.27
0505,5,5,391,242,61.89,149,38.11
0506,5,6,340,217,63.82,123,36.18
0507,5,7,425,244,57.41,181,42.59
0508,5,8,441,216,48.98,225,51.02
0509,5,9,523,273,52.2,250,47.8
0510,5,10,365,213,58.36,152,41.64
0511,5,11,449,229,51.0,220,49.0
0512,5,12,282,172,60.99,110,39.01
0513,5,13,399,224,56.14,175,43.86
0514,5,14,355,200,56.34,155,43.66
0515,5,15,429,233,54.31,196,45.69
0516,5,16,429,243,56.64,186,43.36
0517,5,17,359,217,60.45,142,39.55
0518,5,18,431,201,46.64,230,53.36
0519,5,19,431,204,47.33,227,52.67
0520,5,20,478,255,53.35,223,46.65
0521,5,21,456,228,50.0,228,50.0
0522,5,22,533,296,55.53,237,44.47
0523,5,23,794,373,46.98,421,53.02
0524,5,24,588,271,46.09,317,53.91
0525,5,25,386,233,60.36,153,39.64
0526,5,26,438,261,59.59,177,40.41
0527,5,27,425,193,45.41,232,54.59
0528,5,28,446,278,62.33,168,37.67
0529,5,29,464,287,61.85,177,38.15
0530,5,30,283,162,57.24,121,42.76
0531,5,31,335,204,60.9,131,39.1
0532,5,32,489,306,62.58,183,37.42
0533,5,33,397,266,67.0,131,33.0
0534,5,34,449,192,42.76,257,57.24
0535,5,35,559,294,52.59,265,47.41
0536,5,36,248,175,70.56,73,29.44
0537,5,37,463,247,53.35,216,46.65
0538,5,38,398,232,58.29,166,41.71
0539,5,39,367,193,52.59,174,47.41
0540,5,40,357,197,55.18,160,44.82
0541,5,41,192,121,63.02,71,36.98
0601,6,1,369,244,66.12,125,33.88
0602,6,2,369,257,69.65,112,30.35
0603,6,3,361,245,67.87,116,32.13
0604,6,4,258,165,63.95,93,36.05
0605,6,5,223,134,60.09,89,39.91
0606,6,6,431,253,58.7,178,41.3
0607,6,7,357,212,59.38,145,40.62
0608,6,8,368,237,64.4,131,35.6
0609,6,9,383,238,62.14,145,37.86
0610,6,10,245,158,64.49,87,35.51
0611,6,11,320,206,64.38,114,35.63
0612,6,12,267,176,65.92,91,34.08
0613,6,13,266,161,60.53,105,39.47
0614,6,14,324,211,65.12,113,34.88
0615,6,15,302,187,61.92,115,38.08
0616,6,16,375,221,58.93,154,41.07
0617,6,17,234,146,62.39,88,37.61
0618,6,18,258,181,70.16,77,29.84
0619,6,19,285,155,54.39,130,45.61
0620,6,20,240,164,68.33,76,31.67
0621,6,21,167,98,58.68,69,41.32
0622,6,22,208,134,64.42,74,35.58
0623,6,23,161,102,63.35,59,36.65
0624,6,24,186,124,66.67,62,33.33
0625,6,25,180,115,63.89,65,36.11
0626,6,26,256,162,63.28,94,36.72
0627,6,27,202,131,64.85,71,35.15
0628,6,28,165,109,66.06,56,33.94
0629,6,29,352,222,63.07,130,36.93
0630,6,30,302,200,66.23,102,33.77
0631,6,31,312,216,69.23,96,30.77
0632,6,32,368,236,64.13,132,35.87
0633,6,33,366,229,62.57,137,37.43
0634,6,34,358,225,62.85,133,37.15
0635,6,35,323,188,58.2,135,41.8
0636,6,36,390,252,64.62,138,35.38
0637,6,37,400,257,64.25,143,35.75
0638,6,38,384,229,59.64,155,40.36
0639,6,39,291,188,64.6,103,35.4
0640,6,40,311,185,59.49,126,40.51
0641,6,41,359,216,60.17,143,39.83
0642,6,42,337,209,62.02,128,37.98
0643,6,43,334,212,63.47,122,36.53
0644,6,44,376,242,64.36,134,35.64
0645,6,45,359,212,59.05,147,40.95
0646,6,46,274,160,58.39,114,41.61
0647,6,47,242,158,65.29,84,34.71
0648,6,48,352,223,63.35,129,36.65
0701,7,1,340,210,61.76,130,38.24
0702,7,2,326,187,57.36,139,42.64
0703,7,3,336,203,60.42,133,39.58
0704,7,4,340,232,68.24,108,31.76
0705,7,5,308,196,63.64,112,36.36
0706,7,6,441,268,60.77,173,39.23
0707,7,7,327,206,63.0,121,37.0
0708,7,8,201,121,60.2,80,39.8
0709,7,9,583,364,62.44,219,37.56
0710,7,10,343,217,63.27,126,36.73
0711,7,11,382,217,56.81,165,43.19
0712,7,12,312,195,62.5,117,37.5
0713,7,13,204,121,59.31,83,40.69
0714,7,14,390,248,63.59,142,36.41
0715,7,15,318,200,62.89,118,37.11
0716,7,16,343,201,58.6,142,41.4
0717,7,17,279,168,60.22,111,39.78
0718,7,18,305,196,64.26,109,35.74
0719,7,19,327,211,64.53,116,35.47
0720,7,20,266,175,65.79,91,34.21
0721,7,21,266,149,56.02,117,43.98
0722,7,22,290,180,62.07,110,37.93
0723,7,23,303,194,64.03,109,35.97
0724,7,24,289,205,70.93,84,29.07
0725,7,25,274,177,64.6,97,35.4
0726,7,26,264,162,61.36,102,38.64
0727,7,27,259,171,66.02,88,33.98
0728,7,28,245,145,59.18,100,40.82
0729,7,29,313,196,62.62,117,37.38
0730,7,30,275,190,69.09,85,30.91
0731,7,31,249,161,64.66,88,35.34
0732,7,32,428,263,61.45,165,38.55
0733,7,33,412,277,67.23,135,32.77
0734,7,34,419,271,64.68,148,35.32
0735,7,35,371,235,63.34,136,36.66
0736,7,36,442,267,60.41,175,39.59
0737,7,37,345,235,68.12,110,31.88
0738,7,38,313,208,66.45,105,33.55
0739,7,39,318,203,63.84,115,36.16
0740,7,40,277,187,67.51,90,32.49
0741,7,41,330,230,69.7,100,30.3
0742,7,42,337,228,67.66,109,32.34
0743,7,43,326,232,71.17,94,28.83
0744,7,44,301,187,62.13,114,37.87
0745,7,45,311,206,66.24,105,33.76
0746,7,46,79,60,75.95,19,24.05
0801,8,1,316,208,65.82,108,34.18
0802,8,2,329,207,62.92,122,37.08
0803,8,3,371,244,65.77,127,34.23
0804,8,4,403,263,65.26,140,34.74
0805,8,5,311,220,70.74,91,29.26
0806,8,6,347,230,66.28,117,33.72
0807,8,7,401,264,65.84,137,34.16
0808,8,8,360,236,65.56,124,34.44
0809,8,9,224,142,63.39,82,36.61
0810,8,10,451,295,65.41,156,34.59
0811,8,11,298,193,64.77,105,35.23
0812,8,12,301,185,61.46,116,38.54
0813,8,13,405,257,63.46,148,36.54
0814,8,14,282,158,56.03,124,43.97
0815,8,15,226,159,70.35,67,29.65
0816,8,16,106,65,61.32,41,38.68
0817,8,17,291,190,65.29,101,34.71
0818,8,18,314,199,63.38,115,36.62
0819,8,19,387,256,66.15,131,33.85
0820,8,20,408,247,60.54,161,39.46
0821,8,21,450,276,61.33,174,38.67
0822,8,22,316,217,68.67,99,31.33
0823,8,23,273,181,66.3,92,33.7
0824,8,24,181,112,61.88,69,38.12
0825,8,25,343,204,59.48,139,40.52
0826,8,26,292,189,64.73,103,35.27
0827,8,27,391,254,64.96,137,35.04
0828,8,28,361,249,68.98,112,31.02
0829,8,29,358,214,59.78,144,40.22
0830,8,30,394,264,67.01,130,32.99
0831,8,31,278,179,64.39,99,35.61
0832,8,32,277,182,65.7,95,34.3
0833,8,33,265,156,58.87,109,41.13
0834,8,34,314,231,73.57,83,26.43
0835,8,35,390,251,64.36,139,35.64
0836,8,36,348,216,62.07,132,37.93
0837,8,37,269,159,59.11,110,40.89
0838,8,38,259,185,71.43,74,28.57
0839,8,39,322,199,61.8,123,38.2
0840,8,40,286,191,66.78,95,33.22
0841,8,41,366,232,63.39,134,36.61
0842,8,42,453,276,60.93,177,39.07
0843,8,43,196,114,58.16,82,41.84
0844,8,44,243,167,68.72,76,31.28
0845,8,45,302,183,60.6,119,39.4
0846,8,46,286,183,63.99,103,36.01
0847,8,47,284,184,64.79,100,35.21
0848,8,48,307,198,64.5,109,35.5
0849,8,49,327,200,61.16,127,38.84
0850,8,50,327,213,65.14,114,34.86
0851,8,51,330,218,66.06,112,33.94
0852,8,52,437,300,68.65,137,31.35
0853,8,53,200,131,65.5,69,34.5
0854,8,54,287,180,62.72,107,37.28
0855,8,55,258,187,72.48,71,27.52
0856,8,56,376,247,65.69,129,34.31
0901,9,1,315,207,65.71,108,34.29
0902,9,2,281,171,60.85,110,39.15
0903,9,3,198,124,62.63,74,37.37
0904,9,4,255,166,65.1,89,34.9
0905,9,5,330,217,65.76,113,34.24
0906,9,6,318,193,60.69,125,39.31
0907,9,7,260,166,63.85,94,36.15
0908,9,8,346,214,61.85,132,38.15
0909,9,9,373,238,63.81,135,36.19
0910,9,10,248,165,66.53,83,33.47
0911,9,11,236,160,67.8,76,32.2
0912,9,12,367,242,65.94,125,34.06
0913,9,13,375,250,66.67,125,33.33
0914,9,14,380,263,69.21,117,30.79
0915,9,15,328,188,57.32,140,42.68
0916,9,16,332,199,59.94,133,40.06
0917,9,17,217,152,70.05,65,29.95
0918,9,18,234,147,62.82,87,37.18
0919,9,19,342,217,63.45,125,36.55
0920,9,20,301,208,69.1,93,30.9
0921,9,21,304,199,65.46,105,34.54
0922,9,22,373,238,63.81,135,36.19
0923,9,23,356,209,58.71,147,41.29
0924,9,24,333,211,63.36,122,36.64
0925,9,25,285,192,67.37,93,32.63
0926,9,26,288,189,65.63,99,34.38
0927,9,27,263,177,67.3,86,32.7
0928,9,28,217,138,63.59,79,36.41
0929,9,29,284,176,61.97,108,38.03
0930,9,30,289,191,66.09,98,33.91
0931,9,31,275,185,67.27,90,32.73
0932,9,32,334,213,63.77,121,36.23
0933,9,33,242,173,71.49,69,28.51
0934,9,34,272,192,70.59,80,29.41
0935,9,35,310,208,67.1,102,32.9
0936,9,36,284,174,61.27,110,38.73
0937,9,37,496,262,52.82,234,47.18
0938,9,38,306,183,59.8,123,40.2
0939,9,39,345,223,64.64,122,35.36
0940,9,40,367,259,70.57,108,29.43
0941,9,41,272,177,65.07,95,34.93
0942,9,42,345,202,58.55,143,41.45
0943,9,43,294,188,63.95,106,36.05
0944,9,44,309,205,66.34,104,33.66
0945,9,45,248,159,64.11,89,35.89
0946,9,46,318,204,64.15,114,35.85
0947,9,47,344,229,66.57,115,33.43
0948,9,48,330,219,66.36,111,33.64
0949,9,49,353,237,67.14,116,32.86
0950,9,50,449,280,62.36,169,37.64
0951,9,51,331,208,62.84,123,37.16
1001,10,1,276,203,73.55,73,26.45
1002,10,2,341,211,61.88,130,38.12
1003,10,3,373,230,61.66,143,38.34
1004,10,4,259,161,62.16,98,37.84
1005,10,5,284,201,70.77,83,29.23
1006,10,6,278,184,66.19,94,33.81
1007,10,7,266,174,65.41,92,34.59
1008,10,8,172,101,58.72,71,41.28
1009,10,9,337,221,65.58,116,34.42
1010,10,10,389,228,58.61,161,41.39
1011,10,11,465,304,65.38,161,34.62
1012,10,12,255,162,63.53,93,36.47
1013,10,13,319,215,67.4,104,32.6
1014,10,14,458,296,64.63,162,35.37
1015,10,15,610,400,65.57,210,34.43
1016,10,16,293,182,62.12,111,37.88
1017,10,17,468,283,60.47,185,39.53
1018,10,18,209,146,69.86,63,30.14
1019,10,19,363,243,66.94,120,33.06
1020,10,20,361,238,65.93,123,34.07
1021,10,21,360,230,63.89,130,36.11
1022,10,22,208,145,69.71,63,30.29
1023,10,23,305,204,66.89,101,33.11
1024,10,24,322,221,68.63,101,31.37
1025,10,25,105,73,69.52,32,30.48
1026,10,26,255,175,68.63,80,31.37
1027,10,27,304,197,64.8,107,35.2
1028,10,28,402,280,69.65,122,30.35
1029,10,29,380,251,66.05,129,33.95
1030,10,30,318,214,67.3,104,32.7
1031,10,31,309,203,65.7,106,34.3
1032,10,32,379,236,62.27,143,37.73
1033,10,33,289,179,61.94,110,38.06
1034,10,34,237,143,60.34,94,39.66
1035,10,35,374,239,63.9,135,36.1
1036,10,36,81,57,70.37,24,29.63
1101,11,1,373,190,50.94,183,49.06
1102,11,2,32,17,53.13,15,46.88
1103,11,3,435,160,36.78,275,63.22
1104,11,4,297,176,59.26,121,40.74
1105,11,5,570,264,46.32,306,53.68
1106,11,6,663,338,50.98,325,49.02
1107,11,7,403,229,56.82,174,43.18
1108,11,8,395,212,53.67,183,46.33
1109,11,9,368,209,56.79,159,43.21
1110,11,10,397,241,60.71,156,39.29
1111,11,11,464,259,55.82,205,44.18
1112,11,12,536,388,72.39,148,27.61
1113,11,13,500,331,66.2,169,33.8
1114,11,14,205,120,58.54,85,41.46
1115,11,15,154,101,65.58,53,34.42
1116,11,16,284,184,64.79,100,35.21
1117,11,17,517,262,50.68,255,49.32
1118,11,18,326,193,59.2,133,40.8
1119,11,19,575,263,45.74,312,54.26
1120,11,20,287,171,59.58,116,40.42
1121,11,21,486,313,64.4,173,35.6
1122,11,22,543,286,52.67,257,47.33
1123,11,23,212,133,62.74,79,37.26
1124,11,24,463,315,68.03,148,31.97
1125,11,25,517,280,54.16,237,45.84
1126,11,26,448,259,57.81,189,42.19
1127,11,27,166,87,52.41,79,47.59
1128,11,28,201,142,70.65,59,29.35
1129,11,29,492,306,62.2,186,37.8
1130,11,30,215,121,56.28,94,43.72
1131,11,31,374,231,61.76,143,38.24
1132,11,32,171,100,58.48,71,41.52
1133,11,33,539,289,53.62,250,46.38
1134,11,34,121,71,58.68,50,41.32
1135,11,35,64,42,65.63,22,34.38
1136,11,36,178,106,59.55,72,40.45
1137,11,37,111,62,55.86,49,44.14
1138,11,38,222,104,46.85,118,53.15
1201,12,1,365,200,54.79,165,45.21
1202,12,2,295,184,62.37,111,37.63
1203,12,3,459,222,48.37,237,51.63
1204,12,4,444,243,54.73,201,45.27
1205,12,5,306,184,60.13,122,39.87
1206,12,6,425,268,63.06,157,36.94
1207,12,7,352,191,54.26,161,45.74
1208,12,8,370,226,61.08,144,38.92
1209,12,9,301,191,63.46,110,36.54
1210,12,10,508,259,50.98,249,49.02
1211,12,11,390,227,58.21,163,41.79
1212,12,12,368,239,64.95,129,35.05
1213,12,13,406,255,62.81,151,37.19
1214,12,14,318,181,56.92,137,43.08
1215,12,15,333,197,59.16,136,40.84
1216,12,16,329,209,63.53,120,36.47
1217,12,17,442,273,61.76,169,38.24
1218,12,18,354,189,53.39,165,46.61
1219,12,19,359,216,60.17,143,39.83
1220,12,20,465,290,62.37,175,37.63
1221,12,21,404,229,56.68,175,43.32
1222,12,22,369,194,52.57,175,47.43
1223,12,23,379,208,54.88,171,45.12
1301,13,1,314,199,63.38,115,36.62
1302,13,2,250,166,66.4,84,33.6
1303,13,3,290,184,63.45,106,36.55
1304,13,4,371,230,61.99,141,38.01
1305,13,5,415,279,67.23,136,32.77
1306,13,6,283,179,63.25,104,36.75
1307,13,7,290,198,68.28,92,31.72
1308,13,8,260,179,68.85,81,31.15
1309,13,9,381,266,69.82,115,30.18
1310,13,10,288,175,60.76,113,39.24
1311,13,11,355,231,65.07,124,34.93
1312,13,12,312,195,62.5,117,37.5
1313,13,13,327,229,70.03,98,29.97
1314,13,14,330,226,68.48,104,31.52
1315,13,15,478,311,65.06,167,34.94
1316,13,16,255,179,70.2,76,29.8
1317,13,17,307,187,60.91,120,39.09
1318,13,18,283,181,63.96,102,36.04
1319,13,19,434,307,70.74,127,29.26
1320,13,20,232,147,63.36,85,36.64
1321,13,21,356,235,66.01,121,33.99
1322,13,22,353,247,69.97,106,30.03
1323,13,23,287,186,64.81,101,35.19
1324,13,24,344,211,61.34,133,38.66
1325,13,25,345,218,63.19,127,36.81
1326,13,26,345,237,68.7,108,31.3
1327,13,27,316,207,65.51,109,34.49
1328,13,28,264,172,65.15,92,34.85
1329,13,29,299,209,69.9,90,30.1
1330,13,30,275,195,70.91,80,29.09
1331,13,31,364,244,67.03,120,32.97
1332,13,32,293,189,64.51,104,35.49
1333,13,33,328,216,65.85,112,34.15
1334,13,34,339,243,71.68,96,28.32
1335,13,35,292,208,71.23,84,28.77
1336,13,36,251,160,63.75,91,36.25
1337,13,37,332,233,70.18,99,29.82
1338,13,38,287,181,63.07,106,36.93
1339,13,39,332,232,69.88,100,30.12
1340,13,40,306,208,67.97,98,32.03
1341,13,41,406,274,67.49,132,32.51
1342,13,42,338,205,60.65,133,39.35
1343,13,43,324,206,63.58,118,36.42
1344,13,44,357,231,64.71,126,35.29
1345,13,45,358,237,66.2,121,33.8
1346,13,46,397,273,68.77,124,31.23
1347,13,47,374,269,71.93,105,28.07
1348,13,48,273,173,63.37,100,36.63
1401,14,1,374,248,66.31,126,33.69
1402,14,2,523,353,67.5,170,32.5
1403,14,3,363,239,65.84,124,34.16
1404,14,4,353,215,60.91,138,39.09
1405,14,5,531,346,65.16,185,34.84
1406,14,6,206,128,62.14,78,37.86
1407,14,7,504,335,66.47,169,33.53
1408,14,8,462,293,63.42,169,36.58
1409,14,9,459,264,57.52,195,42.48
1410,14,10,282,176,62.41,106,37.59
1411,14,11,229,160,69.87,69,30.13
1412,14,12,391,248,63.43,143,36.57
1413,14,13,355,233,65.63,122,34.37
1414,14,14,355,248,69.86,107,30.14
1415,14,15,378,246,65.08,132,34.92
1416,14,16,263,175,66.54,88,33.46
1417,14,17,323,182,56.35,141,43.65
1418,14,18,179,107,59.78,72,40.22
1419,14,19,355,247,69.58,108,30.42
1420,14,20,309,214,69.26,95,30.74
1421,14,21,366,236,64.48,130,35.52
1422,14,22,487,312,64.07,175,35.93
1423,14,23,257,151,58.75,106,41.25
1424,14,24,404,276,68.32,128,31.68
1425,14,25,180,113,62.78,67,37.22
1426,14,26,277,174,62.82,103,37.18
1427,14,27,352,221,62.78,131,37.22
1428,14,28,335,202,60.3,133,39.7
1429,14,29,277,179,64.62,98,35.38
1430,14,30,263,180,68.44,83,31.56
1431,14,31,212,143,67.45,69,32.55
1501,15,1,315,194,61.59,121,38.41
1502,15,2,197,127,64.47,70,35.53
1503,15,3,210,144,68.57,66,31.43
1504,15,4,350,236,67.43,114,32.57
1505,15,5,326,201,61.66,125,38.34
1506,15,6,371,242,65.23,129,34.77
1507,15,7,181,113,62.43,68,37.57
1508,15,8,352,207,58.81,145,41.19
1509,15,9,465,313,67.31,152,32.69
1510,15,10,487,299,61.4,188,38.6
1511,15,11,432,271,62.73,161,37.27
1512,15,12,461,311,67.46,150,32.54
1513,15,13,361,233,64.54,128,35.46
1514,15,14,325,187,57.54,138,42.46
1515,15,15,299,181,60.54,118,39.46
1516,15,16,406,277,68.23,129,31.77
1517,15,17,194,120,61.86,74,38.14
1518,15,18,130,73,56.15,57,43.85
1519,15,19,288,193,67.01,95,32.99
1520,15,20,203,136,67.0,67,33.0
1521,15,21,158,98,62.03,60,37.97
1522,15,22,186,114,61.29,72,38.71
1523,15,23,206,139,67.48,67,32.52
1524,15,24,184,112,60.87,72,39.13
1601,16,1,442,299,67.65,143,32.35
1602,16,2,242,142,58.68,100,41.32
1603,16,3,228,163,71.49,65,28.51
1604,16,4,288,170,59.03,118,40.97
1605,16,5,202,132,65.35,70,34.65
1606,16,6,233,143,61.37,90,38.63
1607,16,7,266,183,68.8,83,31.2
1608,16,8,190,129,67.89,61,32.11
1609,16,9,266,163,61.28,103,38.72
1610,16,10,209,137,65.55,72,34.45
1611,16,11,294,177,60.2,117,39.8
1612,16,12,250,155,62.0,95,38.0
1613,16,13,315,182,57.78,133,42.22
1614,16,14,203,131,64.53,72,35.47
1615,16,15,248,148,59.68,100,40.32
1616,16,16,210,141,67.14,69,32.86
1617,16,17,374,259,69.25,115,30.75
1618,16,18,322,225,69.88,97,30.12
1619,16,19,263,170,64.64,93,35.36
1620,16,20,168,115,68.45,53,31.55
1621,16,21,212,143,67.45,69,32.55
1622,16,22,212,148,69.81,64,30.19
1623,16,23,369,228,61.79,141,38.21
1624,16,24,122,82,67.21,40,32.79
1625,16,25,297,188,63.3,109,36.7
1626,16,26,167,104,62.28,63,37.72
1627,16,27,183,115,62.84,68,37.16
1628,16,28,202,130,64.36,72,35.64
1629,16,29,195,130,66.67,65,33.33
1630,16,30,180,114,63.33,66,36.67
1631,16,31,232,143,61.64,89,38.36
1632,16,32,376,241,64.1,135,35.9
1633,16,33,180,124,68.89,56,31.11
1634,16,34,219,148,67.58,71,32.42
1635,16,35,408,259,63.48,149,36.52
1636,16,36,175,105,60.0,70,40.0
1701,17,1,350,201,57.43,149,42.57
1702,17,2,288,178,61.81,110,38.19
1703,17,3,299,193,64.55,106,35.45
1704,17,4,315,195,61.9,120,38.1
1705,17,5,250,158,63.2,92,36.8
1706,17,6,331,211,63.75,120,36.25
1707,17,7,330,208,63.03,122,36.97
1708,17,8,212,130,61.32,82,38.68
1709,17,9,237,156,65.82,81,34.18
1710,17,10,384,256,66.67,128,33.33
1711,17,11,233,157,67.38,76,32.62
1712,17,12,469,286,60.98,183,39.02
1713,17,13,225,156,69.33,69,30.67
1714,17,14,368,257,69.84,111,30.16
1715,17,15,323,203,62.85,120,37.15
1716,17,16,383,256,66.84,127,33.16
1717,17,17,330,205,62.12,125,37.88
1718,17,18,359,245,68.25,114,31.75
1719,17,19,181,120,66.3,61,33.7
1720,17,20,390,283,72.56,107,27.44
1721,17,21,353,235,66.57,118,33.43
1722,17,22,305,202,66.23,103,33.77
1723,17,23,209,139,66.51,70,33.49
1724,17,24,244,168,68.85,76,31.15
1725,17,25,250,161,64.4,89,35.6
1726,17,26,298,205,68.79,93,31.21
1727,17,27,191,134,70.16,57,29.84
1728,17,28,222,165,74.32,57,25.68
1729,17,29,286,199,69.58,87,30.42
1730,17,30,331,213,64.35,118,35.65
1731,17,31,194,136,70.1,58,29.9
1732,17,32,238,171,71.85,67,28.15
1733,17,33,192,126,65.63,66,34.38
1734,17,34,224,172,76.79,52,23.21
1735,17,35,204,143,70.1,61,29.9
1736,17,36,220,151,68.64,69,31.36
1737,17,37,251,169,67.33,82,32.67
1738,17,38,328,208,63.41,120,36.59
1739,17,39,290,192,66.21,98,33.79
1740,17,40,344,231,67.15,113,32.85
1741,17,41,415,271,65.3,144,34.7
1801,18,1,351,226,64.39,125,35.61
1802,18,2,423,261,61.7,162,38.3
1803,18,3,310,221,71.29,89,28.71
1804,18,4,376,249,66.22,127,33.78
1805,18,5,224,150,66.96,74,33.04
1806,18,6,338,216,63.91,122,36.09
1807,18,7,370,238,64.32,132,35.68
1808,18,8,366,239,65.3,127,34.7
1809,18,9,339,226,66.67,113,33.33
1810,18,10,452,288,63.72,164,36.28
1811,18,11,346,225,65.03,121,34.97
1812,18,12,343,230,67.06,113,32.94
1813,18,13,382,248,64.92,134,35.08
1814,18,14,366,243,66.39,123,33.61
1815,18,15,398,243,61.06,155,38.94
1816,18,16,349,228,65.33,121,34.67
1817,18,17,390,268,68.72,122,31.28
1818,18,18,269,183,68.03,86,31.97
1819,18,19,296,209,70.61,87,29.39
1820,18,20,241,165,68.46,76,31.54
1821,18,21,450,281,62.44,169,37.56
1822,18,22,385,255,66.23,130,33.77
1823,18,23,351,212,60.4,139,39.6
1824,18,24,341,222,65.1,119,34.9
1825,18,25,378,244,64.55,134,35.45
1826,18,26,445,290,65.17,155,34.83
1827,18,27,321,218,67.91,103,32.09
1828,18,28,334,229,68.56,105,31.44
1829,18,29,433,284,65.59,149,34.41
1830,18,30,452,280,61.95,172,38.05
1831,18,31,390,245,62.82,145,37.18
1832,18,32,350,234,66.86,116,33.14
1833,18,33,272,189,69.49,83,30.51
1834,18,34,401,264,65.84,137,34.16
1835,18,35,421,272,64.61,149,35.39
1836,18,36,397,272,68.51,125,31.49
1837,18,37,414,278,67.15,136,32.85
1838,18,38,324,204,62.96,120,37.04
1839,18,39,307,204,66.45,103,33.55
1840,18,40,393,259,65.9,134,34.1
1841,18,41,439,292,66.51,147,33.49
1842,18,42,321,204,63.55,117,36.45
1843,18,43,319,206,64.58,113,35.42
1844,18,44,339,217,64.01,122,35.99
1845,18,45,384,259,67.45,125,32.55
1846,18,46,432,252,58.33,180,41.67
1847,18,47,285,180,63.16,105,36.84
1848,18,48,274,181,66.06,93,33.94
1849,18,49,241,156,64.73,85,35.27
1850,18,50,250,162,64.8,88,35.2
1901,19,1,342,228,66.67,114,33.33
1902,19,2,520,307,59.04,213,40.96
1903,19,3,313,196,62.62,117,37.38
1904,19,4,462,285,61.69,177,38.31
1905,19,5,429,297,69.23,132,30.77
1906,19,6,428,276,64.49,152,35.51
1907,19,7,340,206,60.59,134,39.41
1908,19,8,435,276,63.45,159,36.55
1909,19,9,275,181,65.82,94,34.18
1910,19,10,494,287,58.1,207,41.9
1911,19,11,373,197,52.82,176,47.18
1912,19,12,322,200,62.11,122,37.89
1913,19,13,474,272,57.38,202,42.62
1914,19,14,423,266,62.88,157,37.12
1915,19,15,546,318,58.24,228,41.76
1916,19,16,388,233,60.05,155,39.95
1917,19,17,342,226,66.08,116,33.92
1918,19,18,380,261,68.68,119,31.32
1919,19,19,484,290,59.92,194,40.08
1920,19,20,325,233,71.69,92,28.31
1921,19,21,425,251,59.06,174,40.94
1922,19,22,423,265,62.65,158,37.35
1923,19,23,402,292,72.64,110,27.36
1924,19,24,303,189,62.38,114,37.62
1925,19,25,385,260,67.53,125,32.47
1926,19,26,375,245,65.33,130,34.67
1927,19,27,405,222,54.81,183,45.19
1928,19,28,459,287,62.53,172,37.47
1929,19,29,403,252,62.53,151,37.47
1930,19,30,388,235,60.57,153,39.43
1931,19,31,353,243,68.84,110,31.16
1932,19,32,357,213,59.66,144,40.34
1933,19,33,424,286,67.45,138,32.55
1934,19,34,347,230,66.28,117,33.72
1935,19,35,360,220,61.11,140,38.89
1936,19,36,553,326,58.95,227,41.05
1937,19,37,400,224,56.0,176,44.0
1938,19,38,360,203,56.39,157,43.61
1939,19,39,196,122,62.24,74,37.76
1940,19,40,433,290,66.97,143,33.03
1941,19,41,380,242,63.68,138,36.32
1942,19,42,317,201,63.41,116,36.59
1943,19,43,531,325,61.21,206,38.79
1944,19,44,444,267,60.14,177,39.86
1945,19,45,428,275,64.25,153,35.75
1946,19,46,371,251,67.65,120,32.35
1947,19,47,585,350,59.83,235,40.17
1948,19,48,461,286,62.04,175,37.96
1949,19,49,495,270,54.55,225,45.45
1950,19,50,350,233,66.57,117,33.43
1951,19,51,439,295,67.2,144,32.8
1952,19,52,498,292,58.63,206,41.37
1953,19,53,369,241,65.31,128,34.69
1954,19,54,321,193,60.12,128,39.88
1955,19,55,334,210,62.87,124,37.13
1956,19,56,427,289,67.68,138,32.32
1957,19,57,346,209,60.4,137,39.6
2001,20,1,389,251,64.52,138,35.48
2002,20,2,122,79,64.75,43,35.25
2003,20,3,337,209,62.02,128,37.98
2004,20,4,157,97,61.78,60,38.22
2005,20,5,388,226,58.25,162,41.75
2006,20,6,141,95,67.38,46,32.62
2007,20,7,419,257,61.34,162,38.66
2008,20,8,314,218,69.43,96,30.57
2009,20,9,497,270,54.33,227,45.67
2010,20,10,235,154,65.53,81,34.47
2011,20,11,453,252,55.63,201,44.37
2012,20,12,337,210,62.31,127,37.69
2013,20,13,301,193,64.12,108,35.88
2014,20,14,183,123,67.21,60,32.79
2015,20,15,355,222,62.54,133,37.46
2016,20,16,426,246,57.75,180,42.25
2017,20,17,231,141,61.04,90,38.96
2018,20,18,225,131,58.22,94,41.78
2019,20,19,371,226,60.92,145,39.08
2020,20,20,275,177,64.36,98,35.64
2021,20,21,283,181,63.96,102,36.04
2022,20,22,477,254,53.25,223,46.75
2023,20,23,198,134,67.68,64,32.32
2024,20,24,451,237,52.55,214,47.45
2025,20,25,227,139,61.23,88,38.77
2026,20,26,339,194,57.23,145,42.77
2027,20,27,170,109,64.12,61,35.88
2028,20,28,218,129,59.17,89,40.83
2029,20,29,236,153,64.83,83,35.17
2030,20,30,150,104,69.33,46,30.67
2031,20,31,390,242,62.05,148,37.95
2032,20,32,266,159,59.77,107,40.23
2033,20,33,223,143,64.13,80,35.87
2034,20,34,445,227,51.01,218,48.99
2035,20,35,258,155,60.08,103,39.92
2036,20,36,113,79,69.91,34,30.09
2037,20,37,111,67,60.36,44,39.64
2038,20,38,102,63,61.76,39,38.24
2039,20,39,29,20,68.97,9,31.03
2101,21,1,378,230,60.85,148,39.15
2102,21,2,225,133,59.11,92,40.89
2103,21,3,347,230,66.28,117,33.72
2104,21,4,296,210,70.95,86,29.05
2105,21,5,360,227,63.06,133,36.94
2106,21,6,289,195,67.47,94,32.53
2107,21,7,335,245,73.13,90,26.87
2108,21,8,354,231,65.25,123,34.75
2109,21,9,360,244,67.78,116,32.22
2110,21,10,284,184,64.79,100,35.21
2111,21,11,293,188,64.16,105,35.84
2112,21,12,299,195,65.22,104,34.78
2113,21,13,368,232,63.04,136,36.96
2114,21,14,384,258,67.19,126,32.81
2115,21,15,318,201,63.21,117,36.79
2116,21,16,297,187,62.96,110,37.04
2117,21,17,280,186,66.43,94,33.57
2118,21,18,303,199,65.68,104,34.32
2119,21,19,401,265,66.08,136,33.92
2120,21,20,300,207,69.0,93,31.0
2121,21,21,293,170,58.02,123,41.98
2122,21,22,310,205,66.13,105,33.87
2123,21,23,326,210,64.42,116,35.58
2124,21,24,371,248,66.85,123,33.15
2125,21,25,289,156,53.98,133,46.02
2126,21,26,340,204,60.0,136,40.0
2127,21,27,397,256,64.48,141,35.52
2128,21,28,423,271,64.07,152,35.93
2129,21,29,376,237,63.03,139,36.97
2130,21,30,290,179,61.72,111,38.28
2131,21,31,189,132,69.84,57,30.16
2132,21,32,250,174,69.6,76,30.4
2133,21,33,280,182,65.0,98,35.0
2134,21,34,335,205,61.19,130,38.81
2135,21,35,405,257,63.46,148,36.54
2136,21,36,328,208,63.41,120,36.59
2137,21,37,240,159,66.25,81,33.75
2138,21,38,356,229,64.33,127,35.67
2139,21,39,335,220,65.67,115,34.33
2140,21,40,312,210,67.31,102,32.69
2141,21,41,368,236,64.13,132,35.87
2142,21,42,356,225,63.2,131,36.8
2143,21,43,343,221,64.43,122,35.57
2144,21,44,365,226,61.92,139,38.08
2145,21,45,319,207,64.89,112,35.11
2146,21,46,357,238,66.67,119,33.33
2147,21,47,323,192,59.44,131,40.56
2148,21,48,340,243,71.47,97,28.53
2149,21,49,370,226,61.08,144,38.92
2150,21,50,262,175,66.79,87,33.21
2151,21,51,365,233,63.84,132,36.16
2152,21,52,332,215,64.76,117,35.24
2153,21,53,294,187,63.61,107,36.39
2154,21,54,265,175,66.04,90,33.96
2201,22,1,181,125,69.06,56,30.94
2202,22,2,437,286,65.45,151,34.55
2203,22,3,553,347,62.75,206,37.25
2204,22,4,287,190,66.2,97,33.8
2205,22,5,315,211,66.98,104,33.02
2206,22,6,317,199,62.78,118,37.22
2207,22,7,287,184,64.11,103,35.89
2208,22,8,496,336,67.74,160,32.26
2209,22,9,285,192,67.37,93,32.63
2210,22,10,458,277,60.48,181,39.52
2211,22,11,234,144,61.54,90,38.46
2212,22,12,274,179,65.33,95,34.67
2213,22,13,363,218,60.06,145,39.94
2214,22,14,280,160,57.14,120,42.86
2215,22,15,294,160,54.42,134,45.58
2216,22,16,278,174,62.59,104,37.41
2217,22,17,453,274,60.49,179,39.51
2218,22,18,316,184,58.23,132,41.77
2219,22,19,165,103,62.42,62,37.58
2220,22,20,375,236,62.93,139,37.07
2221,22,21,320,220,68.75,100,31.25
2222,22,22,335,194,57.91,141,42.09
2223,22,23,347,230,66.28,117,33.72
2224,22,24,411,273,66.42,138,33.58
2225,22,25,333,224,67.27,109,32.73
2301,23,1,326,207,63.5,119,36.5
2302,23,2,363,239,65.84,124,34.16
2303,23,3,310,185,59.68,125,40.32
2304,23,4,332,220,66.27,112,33.73
2305,23,5,360,250,69.44,110,30.56
2306,23,6,337,235,69.73,102,30.27
2307,23,7,353,243,68.84,110,31.16
2308,23,8,433,284,65.59,149,34.41
2309,23,9,340,240,70.59,100,29.41
2310,23,10,408,280,68.63,128,31.37
2311,23,11,404,288,71.29,116,28.71
2312,23,12,370,241,65.14,129,34.86
2313,23,13,330,224,67.88,106,32.12
2314,23,14,300,180,60.0,120,40.0
2315,23,15,319,202,63.32,117,36.68
2316,23,16,346,206,59.54,140,40.46
2317,23,17,282,170,60.28,112,39.72
2318,23,18,322,209,64.91,113,35.09
2319,23,19,313,190,60.7,123,39.3
2320,23,20,244,161,65.98,83,34.02
2321,23,21,298,176,59.06,122,40.94
2322,23,22,338,229,67.75,109,32.25
2323,23,23,330,205,62.12,125,37.88
2324,23,24,324,206,63.58,118,36.42
2325,23,25,321,211,65.73,110,34.27
2326,23,26,359,248,69.08,111,30.92
2327,23,27,306,198,64.71,108,35.29
2328,23,28,398,253,63.57,145,36.43
2329,23,29,310,197,63.55,113,36.45
2330,23,30,439,270,61.5,169,38.5
2331,23,31,297,179,60.27,118,39.73
2332,23,32,347,207,59.65,140,40.35
2333,23,33,391,253,64.71,138,35.29
2334,23,34,394,258,65.48,136,34.52
2335,23,35,258,162,62.79,96,37.21
2336,23,36,345,230,66.67,115,33.33
2337,23,37,374,229,61.23,145,38.77
2338,23,38,316,210,66.46,106,33.54
2339,23,39,382,255,66.75,127,33.25
2401,24,1,230,135,58.7,95,41.3
2402,24,2,280,183,65.36,97,34.64
2403,24,3,333,202,60.66,131,39.34
2404,24,4,231,147,63.64,84,36.36
2405,24,5,160,111,69.38,49,30.63
2406,24,6,312,193,61.86,119,38.14
2407,24,7,224,147,65.63,77,34.38
2408,24,8,129,85,65.89,44,34.11
2409,24,9,259,147,56.76,112,43.24
2410,24,10,140,79,56.43,61,43.57
2411,24,11,278,168,60.43,110,39.57
2412,24,12,184,110,59.78,74,40.22
2413,24,13,170,102,60.0,68,40.0
2414,24,14,223,146,65.47,77,34.53
2415,24,15,147,98,66.67,49,33.33
2416,24,16,855,412,48.19,443,51.81
2417,24,17,201,122,60.7,79,39.3
2418,24,18,242,153,63.22,89,36.78
2419,24,19,312,206,66.03,106,33.97
2420,24,20,241,152,63.07,89,36.93
2421,24,21,153,92,60.13,61,39.87
2422,24,22,343,204,59.48,139,40.52
2423,24,23,251,163,64.94,88,35.06
2424,24,24,328,193,58.84,135,41.16
2425,24,25,197,131,66.5,66,33.5
2426,24,26,402,277,68.91,125,31.09
2427,24,27,295,204,69.15,91,30.85
2428,24,28,173,115,66.47,58,33.53
2429,24,29,196,129,65.82,67,34.18
2430,24,30,174,121,69.54,53,30.46
2431,24,31,287,156,54.36,131,45.64
2432,24,32,139,96,69.06,43,30.94
2433,24,33,170,110,64.71,60,35.29
2434,24,34,259,170,65.64,89,34.36
2435,24,35,257,164,63.81,93,36.19
2436,24,36,327,212,64.83,115,35.17
2437,24,37,136,90,66.18,46,33.82
2438,24,38,239,140,58.58,99,41.42
2439,24,39,277,150,54.15,127,45.85
2440,24,40,323,199,61.61,124,38.39
2441,24,41,131,83,63.36,48,36.64
2501,25,1,357,204,57.14,153,42.86
2502,25,2,553,234,42.31,319,57.69
2503,25,3,725,394,54.34,331,45.66
2504,25,4,328,196,59.76,132,40.24
2505,25,5,433,224,51.73,209,48.27
2506,25,6,137,78,56.93,59,43.07
2507,25,7,456,220,48.25,236,51.75
2508,25,8,521,252,48.37,269,51.63
2509,25,9,441,229,51.93,212,48.07
2510,25,10,576,308,53.47,268,46.53
2511,25,11,482,255,52.9,227,47.1
2512,25,12,446,207,46.41,239,53.59
2513,25,13,515,275,53.4,240,46.6
2514,25,14,293,165,56.31,128,43.69
2515,25,15,388,194,50.0,194,50.0
2516,25,16,705,388,55.04,317,44.96
2517,25,17,453,228,50.33,225,49.67
2518,25,18,225,143,63.56,82,36.44
2519,25,19,460,204,44.35,256,55.65
2520,25,20,238,129,54.2,109,45.8
2521,25,21,855,468,54.74,387,45.26
2522,25,22,471,228,48.41,243,51.59
2523,25,23,507,259,51.08,248,48.92
2524,25,24,458,227,49.56,231,50.44
2525,25,25,380,230,60.53,150,39.47
2526,25,26,457,244,53.39,213,46.61
2527,25,27,562,307,54.63,255,45.37
2528,25,28,477,223,46.75,254,53.25
2529,25,29,323,188,58.2,135,41.8
2530,25,30,448,199,44.42,249,55.58
2531,25,31,830,454,54.7,376,45.3
2532,25,32,357,204,57.14,153,42.86
2601,26,1,379,149,39.31,230,60.69
2602,26,2,273,119,43.59,154,56.41
2603,26,3,429,203,47.32,226,52.68
2604,26,4,254,145,57.09,109,42.91
2605,26,5,322,146,45.34,176,54.66
2606,26,6,295,143,48.47,152,51.53
2607,26,7,342,140,40.94,202,59.06
2608,26,8,212,104,49.06,108,50.94
2609,26,9,283,161,56.89,122,43.11
2610,26,10,348,161,46.26,187,53.74
2611,26,11,329,163,49.54,166,50.46
2612,26,12,351,165,47.01,186,52.99
2613,26,13,179,118,65.92,61,34.08
2614,26,14,274,143,52.19,131,47.81
2615,26,15,213,130,61.03,83,38.97
2616,26,16,188,114,60.64,74,39.36
2617,26,17,311,159,51.13,152,48.87
2618,26,18,256,146,57.03,110,42.97
2619,26,19,203,117,57.64,86,42.36
2620,26,20,297,138,46.46,159,53.54
2621,26,21,415,202,48.67,213,51.33
2622,26,22,186,115,61.83,71,38.17
2623,26,23,235,117,49.79,118,50.21
2624,26,24,268,130,48.51,138,51.49
2625,26,25,246,111,45.12,135,54.88
2626,26,26,248,101,40.73,147,59.27
2627,26,27,379,159,41.95,220,58.05
2628,26,28,452,231,51.11,221,48.89
2629,26,29,183,94,51.37,89,48.63
2630,26,30,279,111,39.78,168,60.22
2631,26,31,158,78,49.37,80,50.63
2632,26,32,407,193,47.42,214,52.58
2633,26,33,379,151,39.84,228,60.16
2634,26,34,355,136,38.31,219,61.69
2635,26,35,275,125,45.45,150,54.55
2636,26,36,341,140,41.06,201,58.94
2637,26,37,355,182,51.27,173,48.73
2638,26,38,153,92,60.13,61,39.87
2639,26,39,392,160,40.82,232,59.18
2640,26,40,198,97,48.99,101,51.01
2641,26,41,398,177,44.47,221,55.53
2642,26,42,279,127,45.52,152,54.48
2643,26,43,217,134,61.75,83,38.25
2644,26,44,171,116,67.84,55,32.16
2645,26,45,175,100,57.14,75,42.86
2646,26,46,249,116,46.59,133,53.41
2647,26,47,244,156,63.93,88,36.07
2648,26,48,351,148,42.17,203,57.83
2649,26,49,210,133,63.33,77,36.67
2701,27,1,895,477,53.3,418,46.7
2702,27,2,409,230,56.23,179,43.77
2703,27,3,170,114,67.06,56,32.94
2704,27,4,207,108,52.17,99,47.83
2705,27,5,289,177,61.25,112,38.75
2706,27,6,451,291,64.52,160,35.48
2707,27,7,577,274,47.49,303,52.51
2708,27,8,309,214,69.26,95,30.74
2709,27,9,185,97,52.43,88,47.57
2710,27,10,260,176,67.69,84,32.31
2711,27,11,457,259,56.67,198,43.33
2712,27,12,305,183,60.0,122,40.0
2713,27,13,532,326,61.28,206,38.72
2714,27,14,189,114,60.32,75,39.68
2715,27,15,180,113,62.78,67,37.22
2716,27,16,452,241,53.32,211,46.68
2717,27,17,390,222,56.92,168,43.08
2718,27,18,235,141,60.0,94,40.0
2719,27,19,177,115,64.97,62,35.03
2720,27,20,260,158,60.77,102,39.23
2721,27,21,360,206,57.22,154,42.78
2722,27,22,148,89,60.14,59,39.86
2723,27,23,212,135,63.68,77,36.32
2724,27,24,241,156,64.73,85,35.27
2725,27,25,326,168,51.53,158,48.47
2726,27,26,246,143,58.13,103,41.87
2727,27,27,498,284,57.03,214,42.97
2728,27,28,508,299,58.86,209,41.14
2729,27,29,245,150,61.22,95,38.78
2730,27,30,156,92,58.97,64,41.03
2731,27,31,276,163,59.06,113,40.94
2732,27,32,346,197,56.94,149,43.06
2733,27,33,543,298,54.88,245,45.12
2734,27,34,189,117,61.9,72,38.1
2735,27,35,521,259,49.71,262,50.29
2736,27,36,265,147,55.47,118,44.53
2737,27,37,353,218,61.76,135,38.24
2738,27,38,510,344,67.45,166,32.55
2739,27,39,252,133,52.78,119,47.22
2740,27,40,533,282,52.91,251,47.09
2741,27,41,252,156,61.9,96,38.1
2742,27,42,248,151,60.89,97,39.11
2743,27,43,300,185,61.67,115,38.33
2744,27,44,257,142,55.25,115,44.75
2745,27,45,1112,583,52.43,529,47.57
2746,27,46,338,203,60.06,135,39.94
2747,27,47,225,156,69.33,69,30.67
2748,27,48,669,386,57.7,283,42.3
2749,27,49,261,163,62.45,98,37.55
2750,27,50,302,196,64.9,106,35.1
2801,28,1,200,124,62.0,76,38.0
2802,28,2,238,134,56.3,104,43.7
2803,28,3,204,119,58.33,85,41.67
2804,28,4,277,163,58.84,114,41.16
2805,28,5,176,100,56.82,76,43.18
2806,28,6,167,103,61.68,64,38.32
2807,28,7,261,176,67.43,85,32.57
2808,28,8,486,239,49.18,247,50.82
2809,28,9,279,186,66.67,93,33.33
2810,28,10,376,204,54.26,172,45.74
2811,28,11,697,359,51.51,338,48.49
2812,28,12,243,168,69.14,75,30.86
2813,28,13,270,178,65.93,92,34.07
2814,28,14,263,175,66.54,88,33.46
2815,28,15,47,34,72.34,13,27.66
2816,28,16,176,115,65.34,61,34.66
2817,28,17,238,160,67.23,78,32.77
2818,28,18,225,144,64.0,81,36.0
2819,28,19,274,157,57.3,117,42.7
2820,28,20,230,142,61.74,88,38.26
2821,28,21,246,152,61.79,94,38.21
2822,28,22,251,145,57.77,106,42.23
2823,28,23,324,214,66.05,110,33.95
2824,28,24,232,150,64.66,82,35.34
2825,28,25,428,267,62.38,161,37.62
2826,28,26,240,162,67.5,78,32.5
2827,28,27,329,180,54.71,149,45.29
2828,28,28,398,226,56.78,172,43.22
2829,28,29,151,92,60.93,59,39.07
2830,28,30,44,27,61.36,17,38.64
2831,28,31,297,207,69.7,90,30.3
2832,28,32,267,163,61.05,104,38.95
2833,28,33,289,181,62.63,108,37.37
2834,28,34,491,297,60.49,194,39.51
2835,28,35,291,182,62.54,109,37.46
2836,28,36,140,91,65.0,49,35.0
2837,28,37,306,209,68.3,97,31.7
2838,28,38,116,87,75.0,29,25.0
2839,28,39,207,129,62.32,78,37.68
2840,28,40,352,235,66.76,117,33.24
2841,28,41,179,109,60.89,70,39.11
2842,28,42,276,178,64.49,98,35.51
2843,28,43,321,213,66.36,108,33.64
2844,28,44,209,123,58.85,86,41.15
2845,28,45,458,226,49.34,232,50.66
2846,28,46,582,315,54.12,267,45.88
2901,29,1,521,301,57.77,220,42.23
2902,29,2,424,295,69.58,129,30.42
2903,29,3,300,186,62.0,114,38.0
2904,29,4,415,294,70.84,121,29.16
2905,29,5,261,155,59.39,106,40.61
2906,29,6,254,172,67.72,82,32.28
2907,29,7,376,227,60.37,149,39.63
2908,29,8,343,226,65.89,117,34.11
2909,29,9,421,259,61.52,162,38.48
2910,29,10,476,292,61.34,184,38.66
2911,29,11,192,135,70.31,57,29.69
2912,29,12,450,295,65.56,155,34.44
2913,29,13,323,190,58.82,133,41.18
2914,29,14,306,211,68.95,95,31.05
2915,29,15,402,258,64.18,144,35.82
2916,29,16,342,230,67.25,112,32.75
2917,29,17,349,257,73.64,92,26.36
2918,29,18,329,201,61.09,128,38.91
2919,29,19,349,217,62.18,132,37.82
2920,29,20,367,219,59.67,148,40.33
2921,29,21,431,252,58.47,179,41.53
2922,29,22,264,162,61.36,102,38.64
2923,29,23,444,293,65.99,151,34.01
2924,29,24,353,222,62.89,131,37.11
2925,29,25,413,291,70.46,122,29.54
2926,29,26,334,223,66.77,111,33.23
2927,29,27,328,227,69.21,101,30.79
2928,29,28,413,280,67.8,133,32.2
2929,29,29,434,280,64.52,154,35.48
2930,29,30,510,318,62.35,192,37.65
2931,29,31,393,237,60.31,156,39.69
2932,29,32,397,253,63.73,144,36.27
2933,29,33,239,155,64.85,84,35.15
2934,29,34,238,129,54.2,109,45.8
2935,29,35,275,166,60.36,109,39.64
2936,29,36,332,215,64.76,117,35.24
2937,29,37,344,201,58.43,143,41.57
2938,29,38,468,314,67.09,154,32.91
2939,29,39,404,262,64.85,142,35.15
2940,29,40,401,271,67.58,130,32.42
2941,29,41,305,202,66.23,103,33.77
2942,29,42,392,251,64.03,141,35.97
2943,29,43,459,293,63.83,166,36.17
2944,29,44,377,226,59.95,151,40.05
3001,30,1,467,277,59.31,190,40.69
3002,30,2,409,262,64.06,147,35.94
3003,30,3,353,182,51.56,171,48.44
3004,30,4,405,247,60.99,158,39.01
3005,30,5,323,203,62.85,120,37.15
3006,30,6,284,183,64.44,101,35.56
3007,30,7,463,256,55.29,207,44.71
3008,30,8,513,223,43.47,290,56.53
3009,30,9,344,207,60.17,137,39.83
3010,30,10,374,248,66.31,126,33.69
3011,30,11,409,269,65.77,140,34.23
3012,30,12,370,239,64.59,131,35.41
3013,30,13,414,269,64.98,145,35.02
3014,30,14,296,193,65.2,103,34.8
3015,30,15,383,189,49.35,194,50.65
3016,30,16,217,135,62.21,82,37.79
3017,30,17,432,260,60.19,172,39.81
3018,30,18,536,262,48.88,274,51.12
3019,30,19,440,280,63.64,160,36.36
3020,30,20,435,228,52.41,207,47.59
3021,30,21,286,195,68.18,91,31.82
3022,30,22,618,297,48.06,321,51.94
3023,30,23,527,271,51.42,256,48.58
3024,30,24,614,254,41.37,360,58.63
3025,30,25,643,279,43.39,364,56.61
3026,30,26,254,150,59.06,104,40.94
3027,30,27,301,176,58.47,125,41.53
3028,30,28,451,231,51.22,220,48.78
3029,30,29,293,184,62.8,109,37.2
3030,30,30,177,107,60.45,70,39.55
3031,30,31,264,146,55.3,118,44.7
3032,30,32,345,188,54.49,157,45.51
3101,31,1,258,145,56.2,113,43.8
3102,31,2,252,163,64.68,89,35.32
3103,31,3,267,166,62.17,101,37.83
3104,31,4,368,149,40.49,219,59.51
3105,31,5,296,179,60.47,117,39.53
3106,31,6,186,119,63.98,67,36.02
3107,31,7,418,179,42.82,239,57.18
3108,31,8,266,159,59.77,107,40.23
3109,31,9,313,191,61.02,122,38.98
3110,31,10,339,194,57.23,145,42.77
3111,31,11,213,126,59.15,87,40.85
3112,31,12,235,142,60.43,93,39.57
3113,31,13,300,190,63.33,110,36.67
3114,31,14,264,176,66.67,88,33.33
3115,31,15,282,169,59.93,113,40.07
3116,31,16,351,139,39.6,212,60.4
3117,31,17,252,170,67.46,82,32.54
3118,31,18,269,170,63.2,99,36.8
3119,31,19,245,146,59.59,99,40.41
3120,31,20,246,145,58.94,101,41.06
3121,31,21,248,169,68.15,79,31.85
3122,31,22,239,126,52.72,113,47.28
3123,31,23,312,174,55.77,138,44.23
3124,31,24,285,167,58.6,118,41.4
3125,31,25,289,182,62.98,107,37.02
3126,31,26,278,165,59.35,113,40.65
3127,31,27,297,192,64.65,105,35.35
3128,31,28,275,181,65.82,94,34.18
3129,31,29,269,170,63.2,99,36.8
3130,31,30,240,152,63.33,88,36.67
3131,31,31,229,140,61.14,89,38.86
3132,31,32,223,133,59.64,90,40.36
3133,31,33,263,177,67.3,86,32.7
3134,31,34,284,160,56.34,124,43.66
3135,31,35,334,208,62.28,126,37.72
3136,31,36,274,162,59.12,112,40.88
3137,31,37,271,166,61.25,105,38.75
3138,31,38,253,171,67.59,82,32.41
3139,31,39,324,152,46.91,172,53.09
3140,31,40,322,154,47.83,168,52.17
3141,31,41,260,167,64.23,93,35.77
3201,32,1,648,322,49.69,326,50.31
3202,32,2,573,277,48.34,296,51.66
3203,32,3,569,239,42.0,330,58.0
3204,32,4,456,221,48.46,235,51.54
3205,32,5,566,286,50.53,280,49.47
3206,32,6,617,279,45.22,338,54.78
3207,32,7,585,273,46.67,312,53.33
3208,32,8,630,316,50.16,314,49.84
3209,32,9,517,285,55.13,232,44.87
3210,32,10,573,298,52.01,275,47.99
3211,32,11,469,159,33.9,310,66.1
3212,32,12,364,121,33.24,243,66.76
3213,32,13,556,307,55.22,249,44.78
3214,32,14,557,207,37.16,350,62.84
3215,32,15,482,238,49.38,244,50.62
3216,32,16,491,238,48.47,253,51.53
3217,32,17,521,180,34.55,341,65.45
3218,32,18,499,282,56.51,217,43.49
3219,32,19,478,228,47.7,250,52.3
3220,32,20,503,185,36.78,318,63.22
3221,32,21,517,277,53.58,240,46.42
3222,32,22,656,242,36.89,414,63.11
3223,32,23,560,276,49.29,284,50.71
3224,32,24,449,248,55.23,201,44.77
3225,32,25,519,294,56.65,225,43.35
3226,32,26,544,192,35.29,352,64.71
3227,32,27,522,286,54.79,236,45.21
3228,32,28,543,191,35.17,352,64.83
3229,32,29,555,251,45.23,304,54.77
3230,32,30,505,269,53.27,236,46.73
3231,32,31,548,264,48.18,284,51.82
3232,32,32,617,288,46.68,329,53.32
3233,32,33,462,220,47.62,242,52.38
3234,32,34,574,273,47.56,301,52.44
3235,32,35,491,260,52.95,231,47.05
3236,32,36,540,278,51.48,262,48.52
3237,32,37,589,301,51.1,288,48.9
3238,32,38,502,256,51.0,246,49.0
3239,32,39,571,314,54.99,257,45.01
3240,32,40,524,269,51.34,255,48.66
3241,32,41,530,276,52.08,254,47.92
3242,32,42,476,242,50.84,234,49.16
3243,32,43,473,158,33.4,315,66.6
3301,33,1,583,271,46.48,312,53.52
3302,33,2,692,324,46.82,368,53.18
3303,33,3,747,342,45.78,405,54.22
3304,33,4,721,347,48.13,374,51.87
3305,33,5,523,272,52.01,251,47.99
3306,33,6,485,262,54.02,223,45.98
3307,33,7,549,280,51.0,269,49.0
3308,33,8,695,281,40.43,414,59.57
3309,33,9,616,331,53.73,285,46.27
3310,33,10,451,260,57.65,191,42.35
3311,33,11,536,294,54.85,242,45.15
3312,33,12,558,322,57.71,236,42.29
3313,33,13,531,222,41.81,309,58.19
3314,33,14,264,124,46.97,140,53.03
3315,33,15,565,284,50.27,281,49.73
3316,33,16,745,422,56.64,323,43.36
3317,33,17,558,274,49.1,284,50.9
3318,33,18,779,353,45.31,426,54.69
3319,33,19,644,306,47.52,338,52.48
3320,33,20,695,314,45.18,381,54.82
3321,33,21,603,282,46.77,321,53.23
3322,33,22,515,285,55.34,230,44.66
3323,33,23,620,279,45.0,341,55.0
3324,33,24,682,297,43.55,385,56.45
3325,33,25,642,345,53.74,297,46.26
3326,33,26,410,168,40.98,242,59.02
3327,33,27,643,296,46.03,347,53.97
3328,33,28,515,207,40.19,308,59.81
3401,34,1,399,201,50.38,198,49.62
3402,34,2,318,185,58.18,133,41.82
3403,34,3,353,196,55.52,157,44.48
3404,34,4,276,154,55.8,122,44.2
3405,34,5,316,179,56.65,137,43.35
3406,34,6,403,222,55.09,181,44.91
3407,34,7,379,208,54.88,171,45.12
3408,34,8,299,166,55.52,133,44.48
3409,34,9,239,133,55.65,106,44.35
3410,34,10,305,154,50.49,151,49.51
3411,34,11,313,181,57.83,132,42.17
3412,34,12,381,202,53.02,179,46.98
3413,34,13,372,206,55.38,166,44.62
3414,34,14,274,171,62.41,103,37.59
3415,34,15,322,204,63.35,118,36.65
3416,34,16,317,181,57.1,136,42.9
3417,34,17,445,254,57.08,191,42.92
3418,34,18,223,138,61.88,85,38.12
3419,34,19,385,234,60.78,151,39.22
3420,34,20,400,221,55.25,179,44.75
3421,34,21,427,207,48.48,220,51.52
3422,34,22,366,198,54.1,168,45.9
3423,34,23,312,172,55.13,140,44.87
3424,34,24,304,172,56.58,132,43.42
3425,34,25,521,280,53.74,241,46.26
3426,34,26,412,227,55.1,185,44.9
3427,34,27,285,165,57.89,120,42.11
3428,34,28,219,129,58.9,90,41.1
3429,34,29,284,156,54.93,128,45.07
3430,34,30,338,193,57.1,145,42.9
3431,34,31,284,177,62.32,107,37.68
3432,34,32,352,200,56.82,152,43.18
3433,34,33,294,174,59.18,120,40.82
3434,34,34,412,229,55.58,183,44.42
3435,34,35,431,230,53.36,201,46.64
3436,34,36,307,165,53.75,142,46.25
3437,34,37,206,118,57.28,88,42.72
3438,34,38,173,93,53.76,80,46.24
3439,34,39,271,148,54.61,123,45.39
3440,34,40,376,186,49.47,190,50.53
3441,34,41,218,112,51.38,106,48.62
3442,34,42,347,195,56.2,152,43.8
3443,34,43,331,156,47.13,175,52.87
3444,34,44,300,156,52.0,144,48.0
3445,34,45,347,187,53.89,160,46.11
3446,34,46,239,130,54.39,109,45.61
3447,34,47,316,200,63.29,116,36.71
3448,34,48,369,184,49.86,185,50.14
3449,34,49,325,174,53.54,151,46.46
3450,34,50,288,173,60.07,115,39.93
3451,34,51,399,217,54.39,182,45.61
3452,34,52,284,156,54.93,128,45.07
3453,34,53,242,150,61.98,92,38.02
3501,35,1,461,199,43.17,262,56.83
3502,35,2,488,194,39.75,294,60.25
3503,35,3,424,200,47.17,224,52.83
3504,35,4,473,254,53.7,219,46.3
3505,35,5,384,174,45.31,210,54.69
3506,35,6,499,229,45.89,270,54.11
3507,35,7,488,172,35.25,316,64.75
3508,35,8,480,191,39.79,289,60.21
3509,35,9,413,240,58.11,173,41.89
3510,35,10,538,210,39.03,328,60.97
3511,35,11,527,239,45.35,288,54.65
3512,35,12,310,185,59.68,125,40.32
3513,35,13,308,175,56.82,133,43.18
3514,35,14,374,218,58.29,156,41.71
3515,35,15,573,231,40.31,342,59.69
3516,35,16,248,154,62.1,94,37.9
3517,35,17,463,197,42.55,266,57.45
3518,35,18,312,182,58.33,130,41.67
3519,35,19,281,176,62.63,105,37.37
3520,35,20,474,270,56.96,204,43.04
3521,35,21,472,216,45.76,256,54.24
3522,35,22,584,280,47.95,304,52.05
3523,35,23,473,247,52.22,226,47.78
3524,35,24,420,202,48.1,218,51.9
3525,35,25,490,179,36.53,311,63.47
3526,35,26,398,215,54.02,183,45.98
3527,35,27,417,233,55.88,184,44.12
3528,35,28,461,202,43.82,259,56.18
3529,35,29,446,244,54.71,202,45.29
3530,35,30,427,245,57.38,182,42.62
3531,35,31,499,271,54.31,228,45.69
3601,36,1,378,248,65.61,130,34.39
3602,36,2,370,235,63.51,135,36.49
3603,36,3,338,210,62.13,128,37.87
3604,36,4,430,289,67.21,141,32.79
3605,36,5,344,225,65.41,119,34.59
3606,36,6,336,211,62.8,125,37.2
3607,36,7,387,250,64.6,137,35.4
3608,36,8,314,206,65.61,108,34.39
3609,36,9,375,220,58.67,155,41.33
3610,36,10,491,323,65.78,168,34.22
3611,36,11,268,166,61.94,102,38.06
3612,36,12,238,148,62.18,90,37.82
3613,36,13,263,159,60.46,104,39.54
3614,36,14,425,252,59.29,173,40.71
3615,36,15,380,240,63.16,140,36.84
3616,36,16,380,225,59.21,155,40.79
3617,36,17,460,297,64.57,163,35.43
3618,36,18,397,231,58.19,166,41.81
3619,36,19,481,289,60.08,192,39.92
3620,36,20,437,259,59.27,178,40.73
3621,36,21,345,205,59.42,140,40.58
3622,36,22,346,204,58.96,142,41.04
3623,36,23,347,205,59.08,142,40.92
3624,36,24,439,269,61.28,170,38.72
3625,36,25,381,234,61.42,147,38.58
3626,36,26,364,226,62.09,138,37.91
3627,36,27,322,209,64.91,113,35.09
3628,36,28,346,216,62.43,130,37.57
3629,36,29,409,256,62.59,153,37.41
3630,36,30,359,223,62.12,136,37.88
3701,37,1,198,139,70.2,59,29.8
3702,37,2,291,191,65.64,100,34.36
3703,37,3,223,139,62.33,84,37.67
3704,37,4,250,150,60.0,100,40.0
3705,37,5,314,212,67.52,102,32.48
3706,37,6,217,142,65.44,75,34.56
3707,37,7,242,162,66.94,80,33.06
3708,37,8,221,134,60.63,87,39.37
3709,37,9,299,196,65.55,103,34.45
3710,37,10,390,263,67.44,127,32.56
3711,37,11,197,122,61.93,75,38.07
3712,37,12,291,177,60.82,114,39.18
3713,37,13,223,144,64.57,79,35.43
3714,37,14,358,240,67.04,118,32.96
3715,37,15,317,216,68.14,101,31.86
3716,37,16,337,219,64.99,118,35.01
3717,37,17,229,159,69.43,70,30.57
3718,37,18,257,167,64.98,90,35.02
3719,37,19,219,138,63.01,81,36.99
3720,37,20,278,185,66.55,93,33.45
3721,37,21,245,164,66.94,81,33.06
3722,37,22,280,186,66.43,94,33.57
3723,37,23,291,189,64.95,102,35.05
3724,37,24,298,210,70.47,88,29.53
3725,37,25,260,154,59.23,106,40.77
3726,37,26,413,249,60.29,164,39.71
3727,37,27,302,184,60.93,118,39.07
3728,37,28,270,170,62.96,100,37.04
3729,37,29,262,178,67.94,84,32.06
3730,37,30,273,169,61.9,104,38.1
3731,37,31,356,247,69.38,109,30.62
3732,37,32,277,201,72.56,76,27.44
3733,37,33,230,166,72.17,64,27.83
3734,37,34,266,177,66.54,89,33.46
3735,37,35,313,205,65.5,108,34.5
3736,37,36,213,134,62.91,79,37.09
3737,37,37,311,209,67.2,102,32.8
3738,37,38,326,211,64.72,115,35.28
3739,37,39,248,162,65.32,86,34.68
3740,37,40,313,228,72.84,85,27.16
3741,37,41,301,200,66.45,101,33.55
3801,38,1,380,217,57.11,163,42.89
3802,38,2,383,243,63.45,140,36.55
3803,38,3,401,260,64.84,141,35.16
3804,38,4,356,225,63.2,131,36.8
3805,38,5,361,233,64.54,128,35.46
3806,38,6,384,246,64.06,138,35.94
3807,38,7,369,241,65.31,128,34.69
3808,38,8,376,236,62.77,140,37.23
3809,38,9,468,291,62.18,177,37.82
3810,38,10,349,206,59.03,143,40.97
3811,38,11,353,228,64.59,125,35.41
3812,38,12,357,233,65.27,124,34.73
3813,38,13,452,292,64.6,160,35.4
3814,38,14,425,242,56.94,183,43.06
3815,38,15,364,222,60.99,142,39.01
3816,38,16,385,239,62.08,146,37.92
3817,38,17,458,278,60.7,180,39.3
3818,38,18,414,244,58.94,170,41.06
3819,38,19,426,299,70.19,127,29.81
3820,38,20,393,243,61.83,150,38.17
3821,38,21,388,227,58.51,161,41.49
3822,38,22,362,216,59.67,146,40.33
3823,38,23,414,225,54.35,189,45.65
3824,38,24,383,252,65.8,131,34.2
3825,38,25,362,228,62.98,134,37.02
3826,38,26,400,267,66.75,133,33.25
3827,38,27,374,220,58.82,154,41.18
3828,38,28,481,290,60.29,191,39.71
3829,38,29,406,271,66.75,135,33.25
3830,38,30,394,258,65.48,136,34.52
3831,38,31,415,238,57.35,177,42.65
3832,38,32,384,216,56.25,168,43.75
3833,38,33,323,203,62.85,120,37.15
3834,38,34,363,201,55.37,162,44.63
3835,38,35,368,221,60.05,147,39.95
3836,38,36,378,234,61.9,144,38.1
3837,38,37,379,214,56.46,165,43.54
3838,38,38,378,228,60.32,150,39.68
3839,38,39,424,253,59.67,171,40.33
3840,38,40,400,224,56.0,176,44.0
3841,38,41,360,201,55.83,159,44.17
3901,39,1,385,222,57.66,163,42.34
3902,39,2,244,175,71.72,69,28.28
3903,39,3,463,244,52.7,219,47.3
3904,39,4,398,241,60.55,157,39.45
3905,39,5,437,250,57.21,187,42.79
3906,39,6,448,249,55.58,199,44.42
3907,39,7,373,228,61.13,145,38.87
3908,39,8,421,262,62.23,159,37.77
3909,39,9,388,247,63.66,141,36.34
3910,39,10,204,103,50.49,101,49.51
3911,39,11,393,244,62.09,149,37.91
3912,39,12,560,280,50.0,280,50.0
3913,39,13,340,192,56.47,148,43.53
3914,39,14,431,235,54.52,196,45.48
3915,39,15,468,303,64.74,165,35.26
3916,39,16,370,229,61.89,141,38.11
3917,39,17,426,233,54.69,193,45.31
3918,39,18,411,238,57.91,173,42.09
3919,39,19,407,232,57.0,175,43.0
3920,39,20,522,299,57.28,223,42.72
3921,39,21,413,223,54.0,190,46.0
3922,39,22,405,232,57.28,173,42.72
3923,39,23,423,247,58.39,176,41.61
3924,39,24,512,291,56.84,221,43.16
3925,39,25,352,205,58.24,147,41.76
3926,39,26,372,214,57.53,158,42.47
3927,39,27,60,33,55.0,27,45.0
3928,39,28,517,267,51.64,250,48.36
3929,39,29,215,118,54.88,97,45.12
3930,39,30,496,267,53.83,229,46.17
3931,39,31,361,199,55.12,162,44.88
3932,39,32,303,182,60.07,121,39.93
3933,39,33,414,222,53.62,192,46.38
3934,39,34,493,243,49.29,250,50.71
3935,39,35,415,220,53.01,195,46.99
3936,39,36,101,63,62.38,38,37.62
3937,39,37,369,235,63.69,134,36.31
3938,39,38,217,139,64.06,78,35.94
3939,39,39,250,154,61.6,96,38.4
3940,39,40,411,239,58.15,172,41.85
3941,39,41,425,232,54.59,193,45.41
3942,39,42,426,290,68.08,136,31.92
3943,39,43,423,222,52.48,201,47.52
3944,39,44,332,195,58.73,137,41.27
3945,39,45,359,220,61.28,139,38.72
4001,40,1,403,273,67.74,130,32.26
4002,40,2,492,301,61.18,191,38.82
4003,40,3,601,283,47.09,318,52.91
4004,40,4,288,171,59.38,117,40.63
4005,40,5,539,286,53.06,253,46.94
4006,40,6,584,230,39.38,354,60.62
4007,40,7,467,226,48.39,241,51.61
4008,40,8,655,277,42.29,378,57.71
4009,40,9,369,237,64.23,132,35.77
4010,40,10,520,300,57.69,220,42.31
4011,40,11,495,228,46.06,267,53.94
4012,40,12,405,198,48.89,207,51.11
4013,40,13,728,301,41.35,427,58.65
4014,40,14,419,254,60.62,165,39.38
4015,40,15,449,277,61.69,172,38.31
4016,40,16,655,246,37.56,409,62.44
4017,40,17,405,213,52.59,192,47.41
4018,40,18,375,241,64.27,134,35.73
4019,40,19,576,335,58.16,241,41.84
4020,40,20,494,269,54.45,225,45.55
4021,40,21,552,312,56.52,240,43.48
4022,40,22,596,298,50.0,298,50.0
4023,40,23,606,275,45.38,331,54.62
4024,40,24,439,283,64.46,156,35.54
4025,40,25,577,244,42.29,333,57.71
4026,40,26,506,219,43.28,287,56.72
4027,40,27,580,299,51.55,281,48.45
4028,40,28,527,245,46.49,282,53.51
4029,40,29,499,290,58.12,209,41.88
4030,40,30,387,219,56.59,168,43.41
4031,40,31,559,246,44.01,313,55.99
4032,40,32,520,266,51.15,254,48.85
4033,40,33,474,190,40.08,284,59.92
4034,40,34,406,257,63.3,149,36.7
4035,40,35,324,205,63.27,119,36.73
4036,40,36,417,216,51.8,201,48.2
4037,40,37,497,274,55.13,223,44.87
4038,40,38,600,264,44.0,336,56.0
4039,40,39,189,127,67.2,62,32.8
4101,41,1,431,250,58.0,181,42.0
4102,41,2,478,298,62.34,180,37.66
4103,41,3,429,259,60.37,170,39.63
4104,41,4,421,261,62.0,160,38.0
4105,41,5,500,309,61.8,191,38.2
4106,41,6,475,309,65.05,166,34.95
4107,41,7,449,264,58.8,185,41.2
4108,41,8,439,259,59.0,180,41.0
4109,41,9,382,226,59.16,156,40.84
4110,41,10,436,277,63.53,159,36.47
4111,41,11,463,264,57.02,199,42.98
4112,41,12,463,299,64.58,164,35.42
4113,41,13,475,283,59.58,192,40.42
4114,41,14,453,247,54.53,206,45.47
4115,41,15,529,331,62.57,198,37.43
4116,41,16,414,255,61.59,159,38.41
4117,41,17,372,229,61.56,143,38.44
4118,41,18,383,234,61.1,149,38.9
4119,41,19,447,260,58.17,187,41.83
4120,41,20,320,184,57.5,136,42.5
4121,41,21,450,258,57.33,192,42.67
4122,41,22,491,276,56.21,215,43.79
4123,41,23,411,268,65.21,143,34.79
4124,41,24,414,261,63.04,153,36.96
4125,41,25,377,243,64.46,134,35.54
4126,41,26,402,228,56.72,174,43.28
4127,41,27,366,227,62.02,139,37.98
4128,41,28,404,253,62.62,151,37.38
4129,41,29,335,206,61.49,129,38.51
4130,41,30,369,225,60.98,144,39.02
4131,41,31,387,262,67.7,125,32.3
4132,41,32,379,222,58.58,157,41.42
4133,41,33,407,249,61.18,158,38.82
4134,41,34,396,229,57.83,167,42.17
4135,41,35,496,302,60.89,194,39.11
4136,41,36,432,238,55.09,194,44.91
4137,41,37,477,298,62.47,179,37.53
4138,41,38,412,225,54.61,187,45.39
4139,41,39,443,249,56.21,194,43.79
4140,41,40,480,281,58.54,199,41.46
4141,41,41,456,273,59.87,183,40.13
4142,41,42,426,253,59.39,173,40.61
4143,41,43,410,247,60.24,163,39.76
4144,41,44,445,251,56.4,194,43.6
4145,41,45,433,254,58.66,179,41.34
4146,41,46,435,261,60.0,174,40.0
4147,41,47,424,241,56.84,183,43.16
4201,42,1,401,261,65.09,140,34.91
4202,42,2,596,370,62.08,226,37.92
4203,42,3,526,289,54.94,237,45.06
4204,42,4,1124,678,60.32,446,39.68
4205,42,5,398,217,54.52,181,45.48
4206,42,6,467,301,64.45,166,35.55
4207,42,7,564,317,56.21,247,43.79
4208,42,8,378,199,52.65,179,47.35
4209,42,9,663,401,60.48,262,39.52
4210,42,10,701,396,56.49,305,43.51
4211,42,11,309,206,66.67,103,33.33
4212,42,12,388,236,60.82,152,39.18
4213,42,13,385,265,68.83,120,31.17
4214,42,14,678,400,59.0,278,41.0
4215,42,15,658,372,56.53,286,43.47
4216,42,16,498,261,52.41,237,47.59
4217,42,17,781,454,58.13,327,41.87
4218,42,18,648,363,56.02,285,43.98
4219,42,19,601,389,64.73,212,35.27
4220,42,20,602,358,59.47,244,40.53
4221,42,21,627,338,53.91,289,46.09
4222,42,22,284,174,61.27,110,38.73
4223,42,23,509,304,59.72,205,40.28
4224,42,24,429,276,64.34,153,35.66
4225,42,25,573,348,60.73,225,39.27
4226,42,26,778,488,62.72,290,37.28
4227,42,27,348,191,54.89,157,45.11
4228,42,28,529,312,58.98,217,41.02
4229,42,29,593,346,58.35,247,41.65
4230,42,30,370,227,61.35,143,38.65
4231,42,31,564,367,65.07,197,34.93
4232,42,32,590,352,59.66,238,40.34
4233,42,33,569,324,56.94,245,43.06
4234,42,34,370,229,61.89,141,38.11
4235,42,35,600,367,61.17,233,38.83
4236,42,36,902,499,55.32,403,44.68
4237,42,37,383,225,58.75,158,41.25
4238,42,38,487,278,57.08,209,42.92
4239,42,39,870,540,62.07,330,37.93
4240,42,40,740,453,61.22,287,38.78
4241,42,41,524,281,53.63,243,46.37
4242,42,42,891,557,62.51,334,37.49
4301,43,1,257,151,58.75,106,41.25
4302,43,2,522,257,49.23,265,50.77
4303,43,3,462,236,51.08,226,48.92
4304,43,4,564,321,56.91,243,43.09
4305,43,5,441,241,54.65,200,45.35
4306,43,6,386,218,56.48,168,43.52
4307,43,7,289,163,56.4,126,43.6
4308,43,8,367,221,60.22,146,39.78
4309,43,9,478,277,57.95,201,42.05
4310,43,10,604,316,52.32,288,47.68
4311,43,11,468,249,53.21,219,46.79
4312,43,12,315,176,55.87,139,44.13
4313,43,13,488,275,56.35,213,43.65
4314,43,14,492,265,53.86,227,46.14
4315,43,15,470,258,54.89,212,45.11
4316,43,16,662,369,55.74,293,44.26
4317,43,17,397,236,59.45,161,40.55
4318,43,18,534,319,59.74,215,40.26
4319,43,19,477,277,58.07,200,41.93
4320,43,20,590,303,51.36,287,48.64
4321,43,21,564,275,48.76,289,51.24
4322,43,22,348,171,49.14,177,50.86
4323,43,23,352,202,57.39,150,42.61
4324,43,24,361,223,61.77,138,38.23
4325,43,25,399,221,55.39,178,44.61
4326,43,26,291,164,56.36,127,43.64
4327,43,27,443,251,56.66,192,43.34
4328,43,28,584,386,66.1,198,33.9
4329,43,29,676,390,57.69,286,42.31
4330,43,30,508,295,58.07,213,41.93
4331,43,31,452,247,54.65,205,45.35
4332,43,32,491,264,53.77,227,46.23
4333,43,33,449,282,62.81,167,37.19
4334,43,34,317,181,57.1,136,42.9
4335,43,35,496,301,60.69,195,39.31
4336,43,36,320,161,50.31,159,49.69
4337,43,37,567,299,52.73,268,47.27
4338,43,38,326,202,61.96,124,38.04
4339,43,39,363,189,52.07,174,47.93
4340,43,40,370,194,52.43,176,47.57
4341,43,41,590,340,57.63,250,42.37
4342,43,42,457,244,53.39,213,46.61
4343,43,43,458,292,63.76,166,36.24
4344,43,44,465,266,57.2,199,42.8
4345,43,45,298,161,54.03,137,45.97
4346,43,46,301,134,44.52,167,55.48
4401,44,1,833,428,51.38,405,48.62
4402,44,2,537,291,54.19,246,45.81
4403,44,3,279,170,60.93,109,39.07
4404,44,4,407,250,61.43,157,38.57
4405,44,5,533,289,54.22,244,45.78
4406,44,6,675,328,48.59,347,51.41
4407,44,7,326,192,58.9,134,41.1
4408,44,8,731,376,51.44,355,48.56
4409,44,9,567,272,47.97,295,52.03
4410,44,10,561,283,50.45,278,49.55
4411,44,11,622,298,47.91,324,52.09
4412,44,12,568,295,51.94,273,48.06
4413,44,13,462,260,56.28,202,43.72
4414,44,14,532,276,51.88,256,48.12
4415,44,15,506,275,54.35,231,45.65
4416,44,16,629,288,45.79,341,54.21
4417,44,17,718,373,51.95,345,48.05
4418,44,18,597,296,49.58,301,50.42
4419,44,19,630,331,52.54,299,47.46
4420,44,20,689,322,46.73,367,53.27
4421,44,21,629,317,50.4,312,49.6
4422,44,22,509,282,55.4,227,44.6
4423,44,23,522,298,57.09,224,42.91
4424,44,24,353,212,60.06,141,39.94
4425,44,25,548,292,53.28,256,46.72
4426,44,26,722,330,45.71,392,54.29
4427,44,27,634,330,52.05,304,47.95
4428,44,28,587,315,53.66,272,46.34
4429,44,29,630,301,47.78,329,52.22
4430,44,30,660,330,50.0,330,50.0
4431,44,31,503,244,48.51,259,51.49
4432,44,32,632,298,47.15,334,52.85
4433,44,33,609,308,50.57,301,49.43
4434,44,34,562,299,53.2,263,46.8
4435,44,35,561,307,54.72,254,45.28
4436,44,36,630,333,52.86,297,47.14
4437,44,37,630,288,45.71,342,54.29
4438,44,38,659,340,51.59,319,48.41
4439,44,39,600,318,53.0,282,47.0
4440,44,40,515,253,49.13,262,50.87
4441,44,41,703,355,50.5,348,49.5
4501,45,1,366,179,48.91,187,51.09
4502,45,2,453,201,44.37,252,55.63
4503,45,3,392,209,53.32,183,46.68
4504,45,4,519,259,49.9,260,50.1
4505,45,5,462,266,57.58,196,42.42
4506,45,6,592,289,48.82,303,51.18
4507,45,7,624,369,59.13,255,40.87
4508,45,8,448,267,59.6,181,40.4
4509,45,9,435,246,56.55,189,43.45
4510,45,10,424,253,59.67,171,40.33
4511,45,11,342,187,54.68,155,45.32
4512,45,12,397,207,52.14,190,47.86
4513,45,13,353,198,56.09,155,43.91
4514,45,14,621,362,58.29,259,41.71
4515,45,15,525,287,54.67,238,45.33
4516,45,16,364,193,53.02,171,46.98
4517,45,17,473,273,57.72,200,42.28
4518,45,18,462,290,62.77,172,37.23
4519,45,19,232,136,58.62,96,41.38
4520,45,20,295,166,56.27,129,43.73
4521,45,21,379,215,56.73,164,43.27
4522,45,22,385,231,60.0,154,40.0
4523,45,23,413,244,59.08,169,40.92
4524,45,24,339,190,56.05,149,43.95
4525,45,25,289,171,59.17,118,40.83
4526,45,26,244,164,67.21,80,32.79
4527,45,27,409,249,60.88,160,39.12
4528,45,28,352,206,58.52,146,41.48
4529,45,29,269,175,65.06,94,34.94
4530,45,30,424,234,55.19,190,44.81
4531,45,31,342,207,60.53,135,39.47
4532,45,32,401,227,56.61,174,43.39
4533,45,33,298,163,54.7,135,45.3
4534,45,34,439,251,57.18,188,42.82
4535,45,35,475,287,60.42,188,39.58
4536,45,36,440,228,51.82,212,48.18
4537,45,37,407,232,57.0,175,43.0
4538,45,38,407,239,58.72,168,41.28
4539,45,39,427,261,61.12,166,38.88
4540,45,40,387,224,57.88,163,42.12
4541,45,41,387,229,59.17,158,40.83
4542,45,42,405,284,70.12,121,29.88
4543,45,43,447,273,61.07,174,38.93
4544,45,44,388,244,62.89,144,37.11
4545,45,45,276,160,57.97,116,42.03
4546,45,46,335,194,57.91,141,42.09
4547,45,47,301,183,60.8,118,39.2
4548,45,48,323,186,57.59,137,42.41
4601,46,1,392,166,42.35,226,57.65
4602,46,2,526,228,43.35,298,56.65
4603,46,3,586,343,58.53,243,41.47
4604,46,4,500,237,47.4,263,52.6
4605,46,5,693,354,51.08,339,48.92
4606,46,6,434,226,52.07,208,47.93
4607,46,7,478,299,62.55,179,37.45
4608,46,8,351,193,54.99,158,45.01
4609,46,9,593,277,46.71,316,53.29
4610,46,10,884,425,48.08,459,51.92
4611,46,11,490,255,52.04,235,47.96
4612,46,12,569,223,39.19,346,60.81
4613,46,13,542,268,49.45,274,50.55
4614,46,14,512,328,64.06,184,35.94
4615,46,15,524,301,57.44,223,42.56
4616,46,16,608,248,40.79,360,59.21
4617,46,17,547,312,57.04,235,42.96
4618,46,18,579,316,54.58,263,45.42
4619,46,19,339,191,56.34,148,43.66
4620,46,20,444,253,56.98,191,43.02
4621,46,21,394,213,54.06,181,45.94
4622,46,22,363,188,51.79,175,48.21
4623,46,23,484,234,48.35,250,51.65
4624,46,24,642,352,54.83,290,45.17
4625,46,25,516,243,47.09,273,52.91
4626,46,26,723,332,45.92,391,54.08
4627,46,27,690,294,42.61,396,57.39
4628,46,28,474,273,57.59,201,42.41
4629,46,29,410,228,55.61,182,44.39
4630,46,30,528,291,55.11,237,44.89
4631,46,31,538,264,49.07,274,50.93
4632,46,32,495,280,56.57,215,43.43
4633,46,33,520,283,54.42,237,45.58
4634,46,34,677,337,49.78,340,50.22
4635,46,35,583,345,59.18,238,40.82
4636,46,36,485,263,54.23,222,45.77
4637,46,37,416,242,58.17,174,41.83
4638,46,38,593,334,56.32,259,43.68
4639,46,39,459,234,50.98,225,49.02
4640,46,40,442,227,51.36,215,48.64
4701,47,1,379,169,44.59,210,55.41
4702,47,2,525,284,54.1,241,45.9
4703,47,3,501,322,64.27,179,35.73
4704,47,4,633,355,56.08,278,43.92
4705,47,5,596,249,41.78,347,58.22
4706,47,6,653,352,53.91,301,46.09
4707,47,7,515,279,54.17,236,45.83
4708,47,8,537,293,54.56,244,45.44
4709,47,9,510,262,51.37,248,48.63
4710,47,10,671,288,42.92,383,57.08
4711,47,11,553,298,53.89,255,46.11
4712,47,12,592,290,48.99,302,51.01
4713,47,13,528,228,43.18,300,56.82
4714,47,14,503,287,57.06,216,42.94
4715,47,15,698,200,28.65,498,71.35
4716,47,16,538,307,57.06,231,42.94
4717,47,17,529,276,52.17,253,47.83
4718,47,18,529,257,48.58,272,51.42
4719,47,19,873,337,38.6,536,61.4
4720,47,20,572,282,49.3,290,50.7
4721,47,21,518,235,45.37,283,54.63
4722,47,22,595,286,48.07,309,51.93
4723,47,23,631,226,35.82,405,64.18
4724,47,24,570,246,43.16,324,56.84
4725,47,25,667,335,50.22,332,49.78
4726,47,26,752,337,44.81,415,55.19
4727,47,27,467,230,49.25,237,50.75
4728,47,28,506,242,47.83,264,52.17
4729,47,29,642,294,45.79,348,54.21
4730,47,30,686,315,45.92,371,54.08
4731,47,31,591,280,47.38,311,52.62
4732,47,32,676,282,41.72,394,58.28
4733,47,33,522,261,50.0,261,50.0
4734,47,34,580,280,48.28,300,51.72
4735,47,35,551,268,48.64,283,51.36
4736,47,36,639,258,40.38,381,59.62
4737,47,37,503,229,45.53,274,54.47
4738,47,38,554,266,48.01,288,51.99
4739,47,39,536,242,45.15,294,54.85
4740,47,40,512,240,46.88,272,53.13
4741,47,41,611,278,45.5,333,54.5
4742,47,42,543,221,40.7,322,59.3
4743,47,43,494,270,54.66,224,45.34
4744,47,44,459,268,58.39,191,41.61
4745,47,45,515,244,47.38,271,52.62
4746,47,46,548,318,58.03,230,41.97
4747,47,47,668,341,51.05,327,48.95
4748,47,48,32,22,68.75,10,31.25
4801,48,1,518,232,44.79,286,55.21
4802,48,2,210,105,50.0,105,50.0
4803,48,3,588,316,53.74,272,46.26
4804,48,4,464,226,48.71,238,51.29
4805,48,5,263,153,58.17,110,41.83
4806,48,6,597,313,52.43,284,47.57
4807,48,7,553,231,41.77,322,58.23
4808,48,8,244,133,54.51,111,45.49
4809,48,9,316,193,61.08,123,38.92
4810,48,10,728,303,41.62,425,58.38
4811,48,11,426,160,37.56,266,62.44
4812,48,12,613,245,39.97,368,60.03
4813,48,13,607,378,62.27,229,37.73
4814,48,14,205,132,64.39,73,35.61
4815,48,15,320,184,57.5,136,42.5
4816,48,16,564,279,49.47,285,50.53
4817,48,17,433,236,54.5,197,45.5
4818,48,18,321,197,61.37,124,38.63
4819,48,19,362,169,46.69,193,53.31
4820,48,20,552,240,43.48,312,56.52
4821,48,21,641,301,46.96,340,53.04
4822,48,22,379,259,68.34,120,31.66
4823,48,23,439,260,59.23,179,40.77
4824,48,24,575,302,52.52,273,47.48
4825,48,25,447,181,40.49,266,59.51
4826,48,26,239,127,53.14,112,46.86
4827,48,27,488,244,50.0,244,50.0
4828,48,28,517,293,56.67,224,43.33
4829,48,29,185,136,73.51,49,26.49
4830,48,30,439,168,38.27,271,61.73
4831,48,31,725,383,52.83,342,47.17
4832,48,32,547,289,52.83,258,47.17
4833,48,33,252,151,59.92,101,40.08
4834,48,34,442,188,42.53,254,57.47
4835,48,35,292,176,60.27,116,39.73
4836,48,36,275,179,65.09,96,34.91
4837,48,37,535,212,39.63,323,60.37
4838,48,38,504,254,50.4,250,49.6
4839,48,39,375,203,54.13,172,45.87
4840,48,40,463,202,43.63,261,56.37
4841,48,41,670,283,42.24,387,57.76
4842,48,42,598,232,38.8,366,61.2
4843,48,43,595,304,51.09,291,48.91
4844,48,44,659,268,40.67,391,59.33
4845,48,45,391,167,42.71,224,57.29
4846,48,46,276,154,55.8,122,44.2
4901,49,1,333,193,57.96,140,42.04
4902,49,2,329,167,50.76,162,49.24
4903,49,3,633,323,51.03,310,48.97
4904,49,4,701,328,46.79,373,53.21
4905,49,5,503,264,52.49,239,47.51
4906,49,6,440,226,51.36,214,48.64
4907,49,7,412,213,51.7,199,48.3
4908,49,8,448,287,64.06,161,35.94
4909,49,9,529,252,47.64,277,52.36
4910,49,10,595,304,51.09,291,48.91
4911,49,11,679,349,51.4,330,48.6
4912,49,12,652,299,45.86,353,54.14
4913,49,13,583,274,47.0,309,53.0
4914,49,14,392,204,52.04,188,47.96
4915,49,15,382,225,58.9,157,41.1
4916,49,16,464,247,53.23,217,46.77
4917,49,17,390,243,62.31,147,37.69
4918,49,18,671,305,45.45,366,54.55
4919,49,19,465,263,56.56,202,43.44
4920,49,20,789,363,46.01,426,53.99
4921,49,21,324,201,62.04,123,37.96
4922,49,22,528,294,55.68,234,44.32
4923,49,23,681,315,46.26,366,53.74
4924,49,24,397,238,59.95,159,40.05
4925,49,25,646,309,47.83,337,52.17
4926,49,26,589,277,47.03,312,52.97
4927,49,27,593,293,49.41,300,50.59
4928,49,28,753,320,42.5,433,57.5
4929,49,29,603,280,46.43,323,53.57
4930,49,30,535,288,53.83,247,46.17
4931,49,31,347,183,52.74,164,47.26
4932,49,32,494,241,48.79,253,51.21
4933,49,33,398,221,55.53,177,44.47
5001,50,1,312,209,66.99,103,33.01
5002,50,2,214,138,64.49,76,35.51
5003,50,3,291,174,59.79,117,40.21
5004,50,4,400,252,63.0,148,37.0
5005,50,5,210,140,66.67,70,33.33
5006,50,6,387,255,65.89,132,34.11
5007,50,7,498,273,54.82,225,45.18
5008,50,8,370,225,60.81,145,39.19
5009,50,9,313,186,59.42,127,40.58
5010,50,10,367,231,62.94,136,37.06
5011,50,11,181,114,62.98,67,37.02
5012,50,12,146,98,67.12,48,32.88
5013,50,13,451,286,63.41,165,36.59
5014,50,14,114,71,62.28,43,37.72
5015,50,15,466,253,54.29,213,45.71
5016,50,16,103,67,65.05,36,34.95
5017,50,17,370,249,67.3,121,32.7
5018,50,18,48,32,66.67,16,33.33
5019,50,19,328,231,70.43,97,29.57
5020,50,20,423,247,58.39,176,41.61
5021,50,21,345,196,56.81,149,43.19
5022,50,22,327,215,65.75,112,34.25
5023,50,23,246,155,63.01,91,36.99
5024,50,24,203,126,62.07,77,37.93
5025,50,25,293,162,55.29,131,44.71
5026,50,26,413,265,64.16,148,35.84
5027,50,27,93,55,59.14,38,40.86
5028,50,28,414,294,71.01,120,28.99
5029,50,29,391,252,64.45,139,35.55
5030,50,30,321,225,70.09,96,29.91
5031,50,31,536,344,64.18,192,35.82
5032,50,32,428,274,64.02,154,35.98
5033,50,33,214,121,56.54,93,43.46
5034,50,34,466,245,52.58,221,47.42
5035,50,35,518,316,61.0,202,39.0
5036,50,36,382,203,53.14,179,46.86
5037,50,37,396,231,58.33,165,41.67
5038,50,38,118,81,68.64,37,31.36
5039,50,39,221,131,59.28,90,40.72
5040,50,40,234,128,54.7,106,45.3
