id,ward,precinct,total,Yes,Yes Percent,No,No Percent
0101,1,1,716,670,93.58,46,6.42
0102,1,2,573,540,94.24,33,5.76
0103,1,3,802,735,91.65,67,8.35
0104,1,4,806,733,90.94,73,9.06
0105,1,5,728,654,89.84,74,10.16
0106,1,6,616,547,88.8,69,11.2
0107,1,7,479,440,91.86,39,8.14
0108,1,8,595,543,91.26,52,8.74
0109,1,9,464,429,92.46,35,7.54
0110,1,10,873,766,87.74,107,12.26
0111,1,11,800,714,89.25,86,10.75
0112,1,12,828,757,91.43,71,8.57
0113,1,13,339,321,94.69,18,5.31
0114,1,14,682,611,89.59,71,10.41
0115,1,15,620,559,90.16,61,9.84
0116,1,16,740,686,92.7,54,7.3
0117,1,17,576,531,92.19,45,7.81
0118,1,18,668,635,95.06,33,4.94
0119,1,19,800,740,92.5,60,7.5
0120,1,20,523,498,95.22,25,4.78
0121,1,21,1013,913,90.13,100,9.87
0122,1,22,464,420,90.52,44,9.48
0123,1,23,868,812,93.55,56,6.45
0124,1,24,617,566,91.73,51,8.27
0125,1,25,664,617,92.92,47,7.08
0126,1,26,452,426,94.25,26,5.75
0127,1,27,779,701,89.99,78,10.01
0128,1,28,225,203,90.22,22,9.78
0129,1,29,893,813,91.04,80,8.96
0130,1,30,763,710,93.05,53,6.95
0131,1,31,629,587,93.32,42,6.68
0132,1,32,673,585,86.92,88,13.08
0133,1,33,780,702,90.0,78,10.0
0134,1,34,531,496,93.41,35,6.59
0135,1,35,864,764,88.43,100,11.57
0136,1,36,798,709,88.85,89,11.15
0137,1,37,724,644,88.95,80,11.05
0138,1,38,660,609,92.27,51,7.73
0139,1,39,561,512,91.27,49,8.73
0140,1,40,607,542,89.29,65,10.71
0141,1,41,396,375,94.7,21,5.3
0142,1,42,217,192,88.48,25,11.52
0143,1,43,437,391,89.47,46,10.53
0144,1,44,637,583,91.52,54,8.48
0201,2,1,784,710,90.56,74,9.44
0202,2,2,479,419,87.47,60,12.53
0203,2,3,799,712,89.11,87,10.89
0204,2,4,695,631,90.79,64,9.21
0205,2,5,830,749,90.24,81,9.76
0206,2,6,739,674,91.2,65,8.8
0207,2,7,649,585,90.14,64,9.86
0208,2,8,890,815,91.57,75,8.43
0209,2,9,667,556,83.36,111,16.64
0210,2,10,491,410,83.5,81,16.5
0211,2,11,684,593,86.7,91,13.3
0212,2,12,549,491,89.44,58,10.56
0213,2,13,553,473,85.53,80,14.47
0214,2,14,707,631,89.25,76,10.75
0215,2,15,631,569,90.17,62,9.83
0216,2,16,666,596,89.49,70,10.51
0217,2,17,774,696,89.92,78,10.08
0218,2,18,617,523,84.76,94,15.24
0219,2,19,436,364,83.49,72,16.51
0220,2,20,902,751,83.26,151,16.74
0221,2,21,746,681,91.29,65,8.71
0222,2,22,720,596,82.78,124,17.22
0223,2,23,439,392,89.29,47,10.71
0224,2,24,620,534,86.13,86,13.87
0225,2,25,795,694,87.3,101,12.7
0226,2,26,607,524,86.33,83,13.67
0227,2,27,594,503,84.68,91,15.32
0228,2,28,770,672,87.27,98,12.73
0229,2,29,757,646,85.34,111,14.66
0230,2,30,567,493,86.95,74,13.05
0231,2,31,732,656,89.62,76,10.38
0232,2,32,590,500,84.75,90,15.25
0233,2,33,930,778,83.66,152,16.34
0234,2,34,487,415,85.22,72,14.78
0235,2,35,890,759,85.28,131,14.72
0236,2,36,761,630,82.79,131,17.21
0237,2,37,559,475,84.97,84,15.03
0238,2,38,598,504,84.28,94,15.72
0239,2,39,460,390,84.78,70,15.22
0240,2,40,952,801,84.14,151,15.86
0241,2,41,811,691,85.2,120,14.8
0242,2,42,753,667,88.58,86,11.42
0243,2,43,920,787,85.54,133,14.46
0244,2,44,404,341,84.41,63,15.59
0245,2,45,781,708,90.65,73,9.35
0246,2,46,394,325,82.49,69,17.51
0301,3,1,768,741,96.48,27,3.52
0302,3,2,601,584,97.17,17,2.83
0303,3,3,504,462,91.67,42,8.33
0304,3,4,629,611,97.14,18,2.86
0305,3,5,328,315,96.04,13,3.96
0306,3,6,907,797,87.87,110,12.13
0307,3,7,345,318,92.17,27,7.83
0308,3,8,443,424,95.71,19,4.29
0309,3,9,659,636,96.51,23,3.49
0310,3,10,269,251,93.31,18,6.69
0311,3,11,621,598,96.3,23,3.7
0312,3,12,545,530,97.25,15,2.75
0313,3,13,746,668,89.54,78,10.46
0314,3,14,735,654,88.98,81,11.02
0315,3,15,518,488,94.21,30,5.79
0316,3,16,460,430,93.48,30,6.52
0317,3,17,915,861,94.1,54,5.9
0318,3,18,776,740,95.36,36,4.64
0319,3,19,789,670,84.92,119,15.08
0320,3,20,607,587,96.71,20,3.29
0321,3,21,676,586,86.69,90,13.31
0322,3,22,909,789,86.8,120,13.2
0323,3,23,487,453,93.02,34,6.98
0324,3,24,488,463,94.88,25,5.12
0325,3,25,1162,1007,86.66,155,13.34
0326,3,26,730,626,85.75,104,14.25
0327,3,27,830,698,84.1,132,15.9
0328,3,28,315,293,93.02,22,6.98
0329,3,29,616,586,95.13,30,4.87
0330,3,30,490,474,96.73,16,3.27
0331,3,31,665,634,95.34,31,4.66
0332,3,32,1041,919,88.28,122,11.72
0333,3,33,805,714,88.7,91,11.3
0334,3,34,976,889,91.09,87,8.91
0335,3,35,299,276,92.31,23,7.69
0336,3,36,270,255,94.44,15,5.56
0337,3,37,502,482,96.02,20,3.98
0338,3,38,398,386,96.98,12,3.02
0339,3,39,1283,1148,89.48,135,10.52
0340,3,40,649,596,91.83,53,8.17
0341,3,41,411,384,93.43,27,6.57
0401,4,1,894,855,95.64,39,4.36
0402,4,2,861,773,89.78,88,10.22
0403,4,3,493,475,96.35,18,3.65
0404,4,4,769,746,97.01,23,2.99
0405,4,5,618,595,96.28,23,3.72
0406,4,6,654,622,95.11,32,4.89
0407,4,7,750,710,94.67,40,5.33
0408,4,8,662,650,98.19,12,1.81
0409,4,9,642,627,97.66,15,2.34
0410,4,10,765,739,96.6,26,3.4
0411,4,11,607,581,95.72,26,4.28
0412,4,12,763,742,97.25,21,2.75
0413,4,13,886,791,89.28,95,10.72
0414,4,14,599,565,94.32,34,5.68
0415,4,15,668,650,97.31,18,2.69
0416,4,16,1156,1044,90.31,112,9.69
0417,4,17,758,691,91.16,67,8.84
0418,4,18,561,533,95.01,28,4.99
0419,4,19,449,413,91.98,36,8.02
0420,4,20,528,476,90.15,52,9.85
0421,4,21,727,651,89.55,76,10.45
0422,4,22,598,565,94.48,33,5.52
0423,4,23,758,728,96.04,30,3.96
0424,4,24,578,546,94.46,32,5.54
0425,4,25,838,745,88.9,93,11.1
0426,4,26,528,508,96.21,20,3.79
0427,4,27,822,793,96.47,29,3.53
0428,4,28,532,515,96.8,17,3.2
0429,4,29,552,536,97.1,16,2.9
0430,4,30,811,785,96.79,26,3.21
0431,4,31,560,551,98.39,9,1.61
0432,4,32,661,634,95.92,27,4.08
0433,4,33,579,559,96.55,20,3.45
0434,4,34,535,514,96.07,21,3.93
0435,4,35,695,674,96.98,21,3.02
0436,4,36,737,709,96.2,28,3.8
0437,4,37,1227,1098,89.49,129,10.51
0438,4,38,654,622,95.11,32,4.89
0501,5,1,527,513,97.34,14,2.66
0502,5,2,403,378,93.8,25,6.2
0503,5,3,592,570,96.28,22,3.72
0504,5,4,746,727,97.45,19,2.55
0505,5,5,503,480,95.43,23,4.57
0506,5,6,438,427,97.49,11,2.51
0507,5,7,565,544,96.28,21,3.72
0508,5,8,610,571,93.61,39,6.39
0509,5,9,672,657,97.77,15,2.23
0510,5,10,459,439,95.64,20,4.36
0511,5,11,562,537,95.55,25,4.45
0512,5,12,350,340,97.14,10,2.86
0513,5,13,492,477,96.95,15,3.05
0514,5,14,440,434,98.64,6,1.36
0515,5,15,568,545,95.95,23,4.05
0516,5,16,528,511,96.78,17,3.22
0517,5,17,454,436,96.04,18,3.96
0518,5,18,534,519,97.19,15,2.81
0519,5,19,539,520,96.47,19,3.53
0520,5,20,622,604,97.11,18,2.89
0521,5,21,581,563,96.9,18,3.1
0522,5,22,686,654,95.34,32,4.66
0523,5,23,1002,940,93.81,62,6.19
0524,5,24,716,689,96.23,27,3.77
0525,5,25,482,469,97.3,13,2.7
0526,5,26,539,518,96.1,21,3.9
0527,5,27,593,556,93.76,37,6.24
0528,5,28,576,554,96.18,22,3.82
0529,5,29,570,551,96.67,19,3.33
0530,5,30,357,340,95.24,17,4.76
0531,5,31,423,408,96.45,15,3.55
0532,5,32,612,598,97.71,14,2.29
0533,5,33,507,487,96.06,20,3.94
0534,5,34,632,592,93.67,40,6.33
0535,5,35,736,704,95.65,32,4.35
0536,5,36,331,313,94.56,18,5.44
0537,5,37,597,582,97.49,15,2.51
0538,5,38,520,499,95.96,21,4.04
0539,5,39,479,448,93.53,31,6.47
0540,5,40,425,408,96.0,17,4.0
0541,5,41,259,250,96.53,9,3.47
0601,6,1,464,453,97.63,11,2.37
0602,6,2,447,432,96.64,15,3.36
0603,6,3,453,442,97.57,11,2.43
0604,6,4,311,290,93.25,21,6.75
0605,6,5,285,273,95.79,12,4.21
0606,6,6,517,494,95.55,23,4.45
0607,6,7,445,424,95.28,21,4.72
0608,6,8,449,438,97.55,11,2.45
0609,6,9,453,433,95.58,20,4.42
0610,6,10,312,298,95.51,14,4.49
0611,6,11,384,368,95.83,16,4.17
0612,6,12,343,319,93.0,24,7.0
0613,6,13,332,318,95.78,14,4.22
0614,6,14,394,382,96.95,12,3.05
0615,6,15,400,377,94.25,23,5.75
0616,6,16,445,428,96.18,17,3.82
0617,6,17,310,296,95.48,14,4.52
0618,6,18,322,312,96.89,10,3.11
0619,6,19,360,341,94.72,19,5.28
0620,6,20,305,290,95.08,15,4.92
0621,6,21,227,221,97.36,6,2.64
0622,6,22,279,269,96.42,10,3.58
0623,6,23,254,243,95.67,11,4.33
0624,6,24,239,215,89.96,24,10.04
0625,6,25,237,226,95.36,11,4.64
0626,6,26,328,310,94.51,18,5.49
0627,6,27,269,244,90.71,25,9.29
0628,6,28,217,207,95.39,10,4.61
0629,6,29,468,448,95.73,20,4.27
0630,6,30,373,357,95.71,16,4.29
0631,6,31,396,385,97.22,11,2.78
0632,6,32,433,418,96.54,15,3.46
0633,6,33,442,422,95.48,20,4.52
0634,6,34,439,424,96.58,15,3.42
0635,6,35,405,391,96.54,14,3.46
0636,6,36,477,459,96.23,18,3.77
0637,6,37,471,453,96.18,18,3.82
0638,6,38,489,476,97.34,13,2.66
0639,6,39,375,354,94.4,21,5.6
0640,6,40,395,380,96.2,15,3.8
0641,6,41,443,425,95.94,18,4.06
0642,6,42,439,424,96.58,15,3.42
0643,6,43,418,408,97.61,10,2.39
0644,6,44,481,467,97.09,14,2.91
0645,6,45,444,429,96.62,15,3.38
0646,6,46,328,313,95.43,15,4.57
0647,6,47,308,301,97.73,7,2.27
0648,6,48,428,414,96.73,14,3.27
0701,7,1,437,418,95.65,19,4.35
0702,7,2,432,417,96.53,15,3.47
0703,7,3,424,408,96.23,16,3.77
0704,7,4,425,411,96.71,14,3.29
0705,7,5,392,373,95.15,19,4.85
0706,7,6,548,523,95.44,25,4.56
0707,7,7,415,395,95.18,20,4.82
0708,7,8,295,284,96.27,11,3.73
0709,7,9,715,680,95.1,35,4.9
0710,7,10,416,396,95.19,20,4.81
0711,7,11,490,471,96.12,19,3.88
0712,7,12,432,417,96.53,15,3.47
0713,7,13,283,279,98.59,4,1.41
0714,7,14,499,475,95.19,24,4.81
0715,7,15,410,395,96.34,15,3.66
0716,7,16,408,386,94.61,22,5.39
0717,7,17,342,327,95.61,15,4.39
0718,7,18,394,383,97.21,11,2.79
0719,7,19,401,388,96.76,13,3.24
0720,7,20,339,331,97.64,8,2.36
0721,7,21,334,318,95.21,16,4.79
0722,7,22,356,336,94.38,20,5.62
0723,7,23,383,370,96.61,13,3.39
0724,7,24,341,329,96.48,12,3.52
0725,7,25,339,316,93.22,23,6.78
0726,7,26,322,308,95.65,14,4.35
0727,7,27,324,315,97.22,9,2.78
0728,7,28,315,296,93.97,19,6.03
0729,7,29,377,365,96.82,12,3.18
0730,7,30,345,333,96.52,12,3.48
0731,7,31,310,292,94.19,18,5.81
0732,7,32,511,500,97.85,11,2.15
0733,7,33,515,497,96.5,18,3.5
0734,7,34,508,491,96.65,17,3.35
0735,7,35,458,443,96.72,15,3.28
0736,7,36,514,499,97.08,15,2.92
0737,7,37,428,409,95.56,19,4.44
0738,7,38,365,352,96.44,13,3.56
0739,7,39,378,361,95.5,17,4.5
0740,7,40,345,333,96.52,12,3.48
0741,7,41,400,376,94.0,24,6.0
0742,7,42,390,385,98.72,5,1.28
0743,7,43,393,375,95.42,18,4.58
0744,7,44,366,359,98.09,7,1.91
0745,7,45,415,395,95.18,20,4.82
0746,7,46,118,109,92.37,9,7.63
0801,8,1,386,368,95.34,18,4.66
0802,8,2,408,387,94.85,21,5.15
0803,8,3,467,460,98.5,7,1.5
0804,8,4,485,472,97.32,13,2.68
0805,8,5,369,360,97.56,9,2.44
0806,8,6,419,407,97.14,12,2.86
0807,8,7,492,485,98.58,7,1.42
0808,8,8,432,418,96.76,14,3.24
0809,8,9,286,280,97.9,6,2.1
0810,8,10,533,518,97.19,15,2.81
0811,8,11,362,345,95.3,17,4.7
0812,8,12,381,366,96.06,15,3.94
0813,8,13,507,484,95.46,23,4.54
0814,8,14,363,344,94.77,19,5.23
0815,8,15,263,258,98.1,5,1.9
0816,8,16,135,130,96.3,5,3.7
0817,8,17,367,352,95.91,15,4.09
0818,8,18,425,410,96.47,15,3.53
0819,8,19,478,463,96.86,15,3.14
0820,8,20,504,485,96.23,19,3.77
0821,8,21,566,548,96.82,18,3.18
0822,8,22,387,377,97.42,10,2.58
0823,8,23,331,316,95.47,15,4.53
0824,8,24,238,227,95.38,11,4.62
0825,8,25,434,413,95.16,21,4.84
0826,8,26,372,357,95.97,15,4.03
0827,8,27,483,462,95.65,21,4.35
0828,8,28,443,426,96.16,17,3.84
0829,8,29,481,466,96.88,15,3.12
0830,8,30,485,469,96.7,16,3.3
0831,8,31,347,333,95.97,14,4.03
0832,8,32,343,335,97.67,8,2.33
0833,8,33,352,332,94.32,20,5.68
0834,8,34,386,369,95.6,17,4.4
0835,8,35,490,469,95.71,21,4.29
0836,8,36,438,419,95.66,19,4.34
0837,8,37,346,336,97.11,10,2.89
0838,8,38,312,299,95.83,13,4.17
0839,8,39,422,413,97.87,9,2.13
0840,8,40,365,355,97.26,10,2.74
0841,8,41,466,445,95.49,21,4.51
0842,8,42,567,548,96.65,19,3.35
0843,8,43,252,242,96.03,10,3.97
0844,8,44,322,313,97.2,9,2.8
0845,8,45,374,361,96.52,13,3.48
0846,8,46,345,336,97.39,9,2.61
0847,8,47,360,341,94.72,19,5.28
0848,8,48,395,383,96.96,12,3.04
0849,8,49,400,383,95.75,17,4.25
0850,8,50,435,426,97.93,9,2.07
0851,8,51,418,406,97.13,12,2.87
0852,8,52,530,517,97.55,13,2.45
0853,8,53,263,258,98.1,5,1.9
0854,8,54,364,344,94.51,20,5.49
0855,8,55,353,341,96.6,12,3.4
0856,8,56,448,428,95.54,20,4.46
0901,9,1,396,385,97.22,11,2.78
0902,9,2,335,325,97.01,10,2.99
0903,9,3,271,258,95.2,13,4.8
0904,9,4,324,314,96.91,10,3.09
0905,9,5,403,393,97.52,10,2.48
0906,9,6,379,357,94.2,22,5.8
0907,9,7,312,295,94.55,17,5.45
0908,9,8,440,419,95.23,21,4.77
0909,9,9,480,466,97.08,14,2.92
0910,9,10,324,307,94.75,17,5.25
0911,9,11,291,269,92.44,22,7.56
0912,9,12,468,454,97.01,14,2.99
0913,9,13,465,455,97.85,10,2.15
0914,9,14,465,448,96.34,17,3.66
0915,9,15,445,410,92.13,35,7.87
0916,9,16,397,382,96.22,15,3.78
0917,9,17,302,291,96.36,11,3.64
0918,9,18,287,271,94.43,16,5.57
0919,9,19,411,400,97.32,11,2.68
0920,9,20,373,353,94.64,20,5.36
0921,9,21,376,357,94.95,19,5.05
0922,9,22,451,432,95.79,19,4.21
0923,9,23,460,444,96.52,16,3.48
0924,9,24,402,386,96.02,16,3.98
0925,9,25,358,347,96.93,11,3.07
0926,9,26,378,361,95.5,17,4.5
0927,9,27,333,324,97.3,9,2.7
0928,9,28,265,249,93.96,16,6.04
0929,9,29,359,341,94.99,18,5.01
0930,9,30,356,342,96.07,14,3.93
0931,9,31,340,317,93.24,23,6.76
0932,9,32,415,393,94.7,22,5.3
0933,9,33,305,291,95.41,14,4.59
0934,9,34,338,321,94.97,17,5.03
0935,9,35,382,367,96.07,15,3.93
0936,9,36,343,328,95.63,15,4.37
0937,9,37,627,574,91.55,53,8.45
0938,9,38,391,377,96.42,14,3.58
0939,9,39,429,403,93.94,26,6.06
0940,9,40,446,429,96.19,17,3.81
0941,9,41,339,326,96.17,13,3.83
0942,9,42,434,421,97.0,13,3.0
0943,9,43,372,350,94.09,22,5.91
0944,9,44,368,347,94.29,21,5.71
0945,9,45,300,289,96.33,11,3.67
0946,9,46,385,363,94.29,22,5.71
0947,9,47,433,423,97.69,10,2.31
0948,9,48,427,417,97.66,10,2.34
0949,9,49,451,427,94.68,24,5.32
0950,9,50,572,551,96.33,21,3.67
0951,9,51,403,392,97.27,11,2.73
1001,10,1,343,320,93.29,23,6.71
1002,10,2,466,389,83.48,77,16.52
1003,10,3,490,409,83.47,81,16.53
1004,10,4,350,339,96.86,11,3.14
1005,10,5,381,324,85.04,57,14.96
1006,10,6,382,334,87.43,48,12.57
1007,10,7,328,296,90.24,32,9.76
1008,10,8,225,208,92.44,17,7.56
1009,10,9,444,362,81.53,82,18.47
1010,10,10,501,442,88.22,59,11.78
1011,10,11,579,532,91.88,47,8.12
1012,10,12,326,306,93.87,20,6.13
1013,10,13,397,361,90.93,36,9.07
1014,10,14,581,521,89.67,60,10.33
1015,10,15,763,730,95.67,33,4.33
1016,10,16,367,322,87.74,45,12.26
1017,10,17,613,509,83.03,104,16.97
1018,10,18,261,244,93.49,17,6.51
1019,10,19,478,414,86.61,64,13.39
1020,10,20,485,436,89.9,49,10.1
1021,10,21,463,418,90.28,45,9.72
1022,10,22,264,247,93.56,17,6.44
1023,10,23,399,376,94.24,23,5.76
1024,10,24,453,370,81.68,83,18.32
1025,10,25,133,125,93.98,8,6.02
1026,10,26,320,300,93.75,20,6.25
1027,10,27,379,351,92.61,28,7.39
1028,10,28,518,476,91.89,42,8.11
1029,10,29,473,438,92.6,35,7.4
1030,10,30,391,368,94.12,23,5.88
1031,10,31,380,363,95.53,17,4.47
1032,10,32,479,430,89.77,49,10.23
1033,10,33,352,328,93.18,24,6.82
1034,10,34,313,294,93.93,19,6.07
1035,10,35,488,411,84.22,77,15.78
1036,10,36,106,100,94.34,6,5.66
1101,11,1,535,463,86.54,72,13.46
1102,11,2,39,35,89.74,4,10.26
1103,11,3,571,530,92.82,41,7.18
1104,11,4,429,382,89.04,47,10.96
1105,11,5,726,657,90.5,69,9.5
1106,11,6,883,786,89.01,97,10.99
1107,11,7,532,485,91.17,47,8.83
1108,11,8,515,446,86.6,69,13.4
1109,11,9,484,420,86.78,64,13.22
1110,11,10,543,468,86.19,75,13.81
1111,11,11,627,544,86.76,83,13.24
1112,11,12,713,507,71.11,206,28.89
1113,11,13,667,480,71.96,187,28.04
1114,11,14,314,262,83.44,52,16.56
1115,11,15,216,191,88.43,25,11.57
1116,11,16,401,343,85.54,58,14.46
1117,11,17,663,566,85.37,97,14.63
1118,11,18,455,378,83.08,77,16.92
1119,11,19,739,656,88.77,83,11.23
1120,11,20,401,333,83.04,68,16.96
1121,11,21,649,486,74.88,163,25.12
1122,11,22,691,587,84.95,104,15.05
1123,11,23,304,237,77.96,67,22.04
1124,11,24,600,460,76.67,140,23.33
1125,11,25,696,603,86.64,93,13.36
1126,11,26,583,489,83.88,94,16.12
1127,11,27,228,209,91.67,19,8.33
1128,11,28,263,208,79.09,55,20.91
1129,11,29,666,509,76.43,157,23.57
1130,11,30,313,261,83.39,52,16.61
1131,11,31,552,418,75.72,134,24.28
1132,11,32,251,190,75.7,61,24.3
1133,11,33,733,644,87.86,89,12.14
1134,11,34,177,139,78.53,38,21.47
1135,11,35,117,100,85.47,17,14.53
1136,11,36,267,232,86.89,35,13.11
1137,11,37,179,165,92.18,14,7.82
1138,11,38,289,268,92.73,21,7.27
1201,12,1,469,433,92.32,36,7.68
1202,12,2,412,385,93.45,27,6.55
1203,12,3,586,525,89.59,61,10.41
1204,12,4,548,500,91.24,48,8.76
1205,12,5,452,398,88.05,54,11.95
1206,12,6,578,528,91.35,50,8.65
1207,12,7,449,428,95.32,21,4.68
1208,12,8,502,448,89.24,54,10.76
1209,12,9,408,367,89.95,41,10.05
1210,12,10,621,597,96.14,24,3.86
1211,12,11,522,485,92.91,37,7.09
1212,12,12,481,433,90.02,48,9.98
1213,12,13,538,494,91.82,44,8.18
1214,12,14,399,385,96.49,14,3.51
1215,12,15,433,403,93.07,30,6.93
1216,12,16,415,393,94.7,22,5.3
1217,12,17,555,521,93.87,34,6.13
1218,12,18,422,402,95.26,20,4.74
1219,12,19,469,436,92.96,33,7.04
1220,12,20,567,530,93.47,37,6.53
1221,12,21,510,476,93.33,34,6.67
1222,12,22,451,425,94.24,26,5.76
1223,12,23,505,466,92.28,39,7.72
1301,13,1,409,327,79.95,82,20.05
1302,13,2,338,242,71.6,96,28.4
1303,13,3,350,321,91.71,29,8.29
1304,13,4,471,359,76.22,112,23.78
1305,13,5,509,452,88.8,57,11.2
1306,13,6,396,273,68.94,123,31.06
1307,13,7,359,321,89.42,38,10.58
1308,13,8,322,255,79.19,67,20.81
1309,13,9,452,404,89.38,48,10.62
1310,13,10,358,230,64.25,128,35.75
1311,13,11,456,361,79.17,95,20.83
1312,13,12,396,348,87.88,48,12.12
1313,13,13,400,358,89.5,42,10.5
1314,13,14,417,359,86.09,58,13.91
1315,13,15,584,524,89.73,60,10.27
1316,13,16,311,287,92.28,24,7.72
1317,13,17,366,291,79.51,75,20.49
1318,13,18,351,266,75.78,85,24.22
1319,13,19,537,493,91.81,44,8.19
1320,13,20,296,216,72.97,80,27.03
1321,13,21,490,336,68.57,154,31.43
1322,13,22,476,347,72.9,129,27.1
1323,13,23,350,316,90.29,34,9.71
1324,13,24,413,355,85.96,58,14.04
1325,13,25,424,376,88.68,48,11.32
1326,13,26,418,342,81.82,76,18.18
1327,13,27,391,316,80.82,75,19.18
1328,13,28,327,296,90.52,31,9.48
1329,13,29,345,294,85.22,51,14.78
1330,13,30,330,301,91.21,29,8.79
1331,13,31,473,344,72.73,129,27.27
1332,13,32,373,267,71.58,106,28.42
1333,13,33,402,313,77.86,89,22.14
1334,13,34,412,387,93.93,25,6.07
1335,13,35,363,327,90.08,36,9.92
1336,13,36,303,279,92.08,24,7.92
1337,13,37,414,373,90.1,41,9.9
1338,13,38,364,252,69.23,112,30.77
1339,13,39,388,354,91.24,34,8.76
1340,13,40,408,353,86.52,55,13.48
1341,13,41,482,449,93.15,33,6.85
1342,13,42,444,288,64.86,156,35.14
1343,13,43,398,338,84.92,60,15.08
1344,13,44,413,377,91.28,36,8.72
1345,13,45,429,340,79.25,89,20.75
1346,13,46,483,428,88.61,55,11.39
1347,13,47,464,428,92.24,36,7.76
1348,13,48,365,274,75.07,91,24.93
1401,14,1,504,346,68.65,158,31.35
1402,14,2,627,589,93.94,38,6.06
1403,14,3,451,425,94.24,26,5.76
1404,14,4,486,324,66.67,162,33.33
1405,14,5,647,609,94.13,38,5.87
1406,14,6,247,234,94.74,13,5.26
1407,14,7,596,535,89.77,61,10.23
1408,14,8,564,515,91.31,49,8.69
1409,14,9,597,455,76.21,142,23.79
1410,14,10,330,296,89.7,34,10.3
1411,14,11,277,264,95.31,13,4.69
1412,14,12,486,430,88.48,56,11.52
1413,14,13,428,392,91.59,36,8.41
1414,14,14,434,414,95.39,20,4.61
1415,14,15,472,443,93.86,29,6.14
1416,14,16,343,311,90.67,32,9.33
1417,14,17,405,378,93.33,27,6.67
1418,14,18,223,186,83.41,37,16.59
1419,14,19,435,415,95.4,20,4.6
1420,14,20,365,344,94.25,21,5.75
1421,14,21,446,423,94.84,23,5.16
1422,14,22,653,573,87.75,80,12.25
1423,14,23,335,293,87.46,42,12.54
1424,14,24,544,404,74.26,140,25.74
1425,14,25,255,243,95.29,12,4.71
1426,14,26,354,341,96.33,13,3.67
1427,14,27,456,406,89.04,50,10.96
1428,14,28,385,351,91.17,34,8.83
1429,14,29,350,328,93.71,22,6.29
1430,14,30,311,293,94.21,18,5.79
1431,14,31,254,244,96.06,10,3.94
1501,15,1,385,365,94.81,20,5.19
1502,15,2,242,231,95.45,11,4.55
1503,15,3,257,243,94.55,14,5.45
1504,15,4,454,439,96.7,15,3.3
1505,15,5,414,382,92.27,32,7.73
1506,15,6,471,445,94.48,26,5.52
1507,15,7,248,232,93.55,16,6.45
1508,15,8,445,413,92.81,32,7.19
1509,15,9,603,576,95.52,27,4.48
1510,15,10,607,561,92.42,46,7.58
1511,15,11,536,493,91.98,43,8.02
1512,15,12,549,504,91.8,45,8.2
1513,15,13,442,424,95.93,18,4.07
1514,15,14,391,371,94.88,20,5.12
1515,15,15,394,365,92.64,29,7.36
1516,15,16,501,470,93.81,31,6.19
1517,15,17,247,231,93.52,16,6.48
1518,15,18,190,181,95.26,9,4.74
1519,15,19,383,366,95.56,17,4.44
1520,15,20,258,243,94.19,15,5.81
1521,15,21,212,195,91.98,17,8.02
1522,15,22,249,232,93.17,17,6.83
1523,15,23,265,251,94.72,14,5.28
1524,15,24,252,240,95.24,12,4.76
1601,16,1,551,533,96.73,18,3.27
1602,16,2,312,283,90.71,29,9.29
1603,16,3,286,275,96.15,11,3.85
1604,16,4,364,341,93.68,23,6.32
1605,16,5,242,223,92.15,19,7.85
1606,16,6,299,288,96.32,11,3.68
1607,16,7,338,323,95.56,15,4.44
1608,16,8,227,215,94.71,12,5.29
1609,16,9,321,311,96.88,10,3.12
1610,16,10,273,260,95.24,13,4.76
1611,16,11,338,325,96.15,13,3.85
1612,16,12,299,282,94.31,17,5.69
1613,16,13,405,387,95.56,18,4.44
1614,16,14,251,242,96.41,9,3.59
1615,16,15,314,298,94.9,16,5.1
1616,16,16,268,255,95.15,13,4.85
1617,16,17,452,436,96.46,16,3.54
1618,16,18,397,385,96.98,12,3.02
1619,16,19,322,306,95.03,16,4.97
1620,16,20,234,216,92.31,18,7.69
1621,16,21,275,262,95.27,13,4.73
1622,16,22,265,252,95.09,13,4.91
1623,16,23,455,434,95.38,21,4.62
1624,16,24,156,146,93.59,10,6.41
1625,16,25,377,362,96.02,15,3.98
1626,16,26,224,211,94.2,13,5.8
1627,16,27,243,230,94.65,13,5.35
1628,16,28,273,259,94.87,14,5.13
1629,16,29,262,252,96.18,10,3.82
1630,16,30,242,224,92.56,18,7.44
1631,16,31,312,292,93.59,20,6.41
1632,16,32,445,412,92.58,33,7.42
1633,16,33,250,243,97.2,7,2.8
1634,16,34,272,247,90.81,25,9.19
1635,16,35,495,463,93.54,32,6.46
1636,16,36,218,210,96.33,8,3.67
1701,17,1,447,416,93.06,31,6.94
1702,17,2,381,369,96.85,12,3.15
1703,17,3,386,367,95.08,19,4.92
1704,17,4,445,422,94.83,23,5.17
1705,17,5,299,286,95.65,13,4.35
1706,17,6,412,394,95.63,18,4.37
1707,17,7,408,389,95.34,19,4.66
1708,17,8,283,269,95.05,14,4.95
1709,17,9,297,286,96.3,11,3.7
1710,17,10,508,488,96.06,20,3.94
1711,17,11,296,281,94.93,15,5.07
1712,17,12,570,528,92.63,42,7.37
1713,17,13,298,284,95.3,14,4.7
1714,17,14,443,425,95.94,18,4.06
1715,17,15,397,387,97.48,10,2.52
1716,17,16,472,452,95.76,20,4.24
1717,17,17,411,385,93.67,26,6.33
1718,17,18,442,430,97.29,12,2.71
1719,17,19,235,219,93.19,16,6.81
1720,17,20,475,462,97.26,13,2.74
1721,17,21,455,438,96.26,17,3.74
1722,17,22,364,344,94.51,20,5.49
1723,17,23,254,242,95.28,12,4.72
1724,17,24,299,289,96.66,10,3.34
1725,17,25,309,298,96.44,11,3.56
1726,17,26,385,372,96.62,13,3.38
1727,17,27,232,225,96.98,7,3.02
1728,17,28,300,288,96.0,12,4.0
1729,17,29,380,358,94.21,22,5.79
1730,17,30,393,365,92.88,28,7.12
1731,17,31,233,222,95.28,11,4.72
1732,17,32,307,295,96.09,12,3.91
1733,17,33,212,193,91.04,19,8.96
1734,17,34,265,253,95.47,12,4.53
1735,17,35,266,264,99.25,2,0.75
1736,17,36,257,244,94.94,13,5.06
1737,17,37,310,296,95.48,14,4.52
1738,17,38,418,403,96.41,15,3.59
1739,17,39,399,384,96.24,15,3.76
1740,17,40,415,400,96.39,15,3.61
1741,17,41,513,500,97.47,13,2.53
1801,18,1,426,407,95.54,19,4.46
1802,18,2,499,460,92.18,39,7.82
1803,18,3,405,338,83.46,67,16.54
1804,18,4,462,440,95.24,22,4.76
1805,18,5,263,250,95.06,13,4.94
1806,18,6,416,352,84.62,64,15.38
1807,18,7,454,407,89.65,47,10.35
1808,18,8,426,398,93.43,28,6.57
1809,18,9,412,393,95.39,19,4.61
1810,18,10,542,517,95.39,25,4.61
1811,18,11,413,381,92.25,32,7.75
1812,18,12,411,394,95.86,17,4.14
1813,18,13,479,446,93.11,33,6.89
1814,18,14,443,432,97.52,11,2.48
1815,18,15,499,452,90.58,47,9.42
1816,18,16,406,385,94.83,21,5.17
1817,18,17,451,418,92.68,33,7.32
1818,18,18,334,328,98.2,6,1.8
1819,18,19,375,356,94.93,19,5.07
1820,18,20,309,300,97.09,9,2.91
1821,18,21,554,533,96.21,21,3.79
1822,18,22,464,450,96.98,14,3.02
1823,18,23,433,408,94.23,25,5.77
1824,18,24,441,387,87.76,54,12.24
1825,18,25,473,406,85.84,67,14.16
1826,18,26,523,499,95.41,24,4.59
1827,18,27,378,358,94.71,20,5.29
1828,18,28,436,349,80.05,87,19.95
1829,18,29,503,477,94.83,26,5.17
1830,18,30,554,494,89.17,60,10.83
1831,18,31,462,433,93.72,29,6.28
1832,18,32,434,419,96.54,15,3.46
1833,18,33,322,310,96.27,12,3.73
1834,18,34,485,459,94.64,26,5.36
1835,18,35,492,472,95.93,20,4.07
1836,18,36,479,434,90.61,45,9.39
1837,18,37,490,477,97.35,13,2.65
1838,18,38,401,386,96.26,15,3.74
1839,18,39,374,349,93.32,25,6.68
1840,18,40,492,441,89.63,51,10.37
1841,18,41,516,488,94.57,28,5.43
1842,18,42,394,364,92.39,30,7.61
1843,18,43,385,337,87.53,48,12.47
1844,18,44,413,333,80.63,80,19.37
1845,18,45,463,427,92.22,36,7.78
1846,18,46,506,429,84.78,77,15.22
1847,18,47,334,302,90.42,32,9.58
1848,18,48,310,293,94.52,17,5.48
1849,18,49,300,281,93.67,19,6.33
1850,18,50,336,308,91.67,28,8.33
1901,19,1,447,287,64.21,160,35.79
1902,19,2,656,586,89.33,70,10.67
1903,19,3,436,217,49.77,219,50.23
1904,19,4,607,345,56.84,262,43.16
1905,19,5,566,488,86.22,78,13.78
1906,19,6,564,348,61.7,216,38.3
1907,19,7,463,338,73.0,125,27.0
1908,19,8,581,313,53.87,268,46.13
1909,19,9,365,237,64.93,128,35.07
1910,19,10,617,545,88.33,72,11.67
1911,19,11,502,269,53.59,233,46.41
1912,19,12,439,229,52.16,210,47.84
1913,19,13,581,547,94.15,34,5.85
1914,19,14,545,475,87.16,70,12.84
1915,19,15,695,428,61.58,267,38.42
1916,19,16,513,298,58.09,215,41.91
1917,19,17,431,279,64.73,152,35.27
1918,19,18,495,400,80.81,95,19.19
1919,19,19,634,543,85.65,91,14.35
1920,19,20,410,368,89.76,42,10.24
1921,19,21,543,308,56.72,235,43.28
1922,19,22,553,434,78.48,119,21.52
1923,19,23,527,357,67.74,170,32.26
1924,19,24,377,198,52.52,179,47.48
1925,19,25,485,388,80.0,97,20.0
1926,19,26,509,393,77.21,116,22.79
1927,19,27,481,433,90.02,48,9.98
1928,19,28,572,549,95.98,23,4.02
1929,19,29,558,360,64.52,198,35.48
1930,19,30,505,289,57.23,216,42.77
1931,19,31,472,373,79.03,99,20.97
1932,19,32,453,305,67.33,148,32.67
1933,19,33,564,340,60.28,224,39.72
1934,19,34,437,354,81.01,83,18.99
1935,19,35,462,371,80.3,91,19.7
1936,19,36,690,632,91.59,58,8.41
1937,19,37,493,458,92.9,35,7.1
1938,19,38,452,413,91.37,39,8.63
1939,19,39,238,228,95.8,10,4.2
1940,19,40,558,473,84.77,85,15.23
1941,19,41,500,276,55.2,224,44.8
1942,19,42,413,368,89.1,45,10.9
1943,19,43,662,631,95.32,31,4.68
1944,19,44,616,333,54.06,283,45.94
1945,19,45,524,355,67.75,169,32.25
1946,19,46,509,334,65.62,175,34.38
1947,19,47,695,633,91.08,62,8.92
1948,19,48,589,561,95.25,28,4.75
1949,19,49,598,559,93.48,39,6.52
1950,19,50,427,295,69.09,132,30.91
1951,19,51,570,393,68.95,177,31.05
1952,19,52,618,391,63.27,227,36.73
1953,19,53,485,354,72.99,131,27.01
1954,19,54,440,248,56.36,192,43.64
1955,19,55,442,270,61.09,172,38.91
1956,19,56,529,449,84.88,80,15.12
1957,19,57,416,360,86.54,56,13.46
2001,20,1,450,433,96.22,17,3.78
2002,20,2,152,135,88.82,17,11.18
2003,20,3,380,356,93.68,24,6.32
2004,20,4,198,189,95.45,9,4.55
2005,20,5,491,476,96.95,15,3.05
2006,20,6,187,179,95.72,8,4.28
2007,20,7,501,483,96.41,18,3.59
2008,20,8,381,360,94.49,21,5.51
2009,20,9,608,592,97.37,16,2.63
2010,20,10,293,286,97.61,7,2.39
2011,20,11,567,539,95.06,28,4.94
2012,20,12,417,401,96.16,16,3.84
2013,20,13,384,354,92.19,30,7.81
2014,20,14,248,236,95.16,12,4.84
2015,20,15,449,420,93.54,29,6.46
2016,20,16,533,510,95.68,23,4.32
2017,20,17,288,272,94.44,16,5.56
2018,20,18,308,297,96.43,11,3.57
2019,20,19,456,441,96.71,15,3.29
2020,20,20,345,320,92.75,25,7.25
2021,20,21,359,341,94.99,18,5.01
2022,20,22,596,576,96.64,20,3.36
2023,20,23,254,240,94.49,14,5.51
2024,20,24,583,560,96.05,23,3.95
2025,20,25,296,280,94.59,16,5.41
2026,20,26,423,405,95.74,18,4.26
2027,20,27,225,213,94.67,12,5.33
2028,20,28,273,261,95.6,12,4.4
2029,20,29,290,279,96.21,11,3.79
2030,20,30,188,182,96.81,6,3.19
2031,20,31,513,491,95.71,22,4.29
2032,20,32,341,327,95.89,14,4.11
2033,20,33,271,259,95.57,12,4.43
2034,20,34,577,555,96.19,22,3.81
2035,20,35,313,290,92.65,23,7.35
2036,20,36,144,137,95.14,7,4.86
2037,20,37,132,129,97.73,3,2.27
2038,20,38,154,145,94.16,9,5.84
2039,20,39,38,37,97.37,1,2.63
2101,21,1,471,458,97.24,13,2.76
2102,21,2,305,283,92.79,22,7.21
2103,21,3,421,402,95.49,19,4.51
2104,21,4,360,347,96.39,13,3.61
2105,21,5,446,430,96.41,16,3.59
2106,21,6,354,339,95.76,15,4.24
2107,21,7,417,399,95.68,18,4.32
2108,21,8,442,415,93.89,27,6.11
2109,21,9,443,424,95.71,19,4.29
2110,21,10,361,348,96.4,13,3.6
2111,21,11,382,365,95.55,17,4.45
2112,21,12,369,352,95.39,17,4.61
2113,21,13,439,426,97.04,13,2.96
2114,21,14,459,451,98.26,8,1.74
2115,21,15,388,374,96.39,14,3.61
2116,21,16,377,362,96.02,15,3.98
2117,21,17,363,342,94.21,21,5.79
2118,21,18,394,377,95.69,17,4.31
2119,21,19,465,452,97.2,13,2.8
2120,21,20,387,376,97.16,11,2.84
2121,21,21,361,345,95.57,16,4.43
2122,21,22,394,375,95.18,19,4.82
2123,21,23,396,387,97.73,9,2.27
2124,21,24,432,411,95.14,21,4.86
2125,21,25,373,343,91.96,30,8.04
2126,21,26,437,417,95.42,20,4.58
2127,21,27,454,442,97.36,12,2.64
2128,21,28,507,484,95.46,23,4.54
2129,21,29,466,451,96.78,15,3.22
2130,21,30,375,363,96.8,12,3.2
2131,21,31,231,227,98.27,4,1.73
2132,21,32,300,290,96.67,10,3.33
2133,21,33,371,349,94.07,22,5.93
2134,21,34,413,400,96.85,13,3.15
2135,21,35,504,479,95.04,25,4.96
2136,21,36,424,402,94.81,22,5.19
2137,21,37,299,287,95.99,12,4.01
2138,21,38,439,421,95.9,18,4.1
2139,21,39,388,364,93.81,24,6.19
2140,21,40,388,368,94.85,20,5.15
2141,21,41,450,437,97.11,13,2.89
2142,21,42,458,437,95.41,21,4.59
2143,21,43,419,412,98.33,7,1.67
2144,21,44,450,431,95.78,19,4.22
2145,21,45,395,377,95.44,18,4.56
2146,21,46,446,425,95.29,21,4.71
2147,21,47,384,361,94.01,23,5.99
2148,21,48,422,401,95.02,21,4.98
2149,21,49,470,453,96.38,17,3.62
2150,21,50,304,290,95.39,14,4.61
2151,21,51,428,415,96.96,13,3.04
2152,21,52,419,402,95.94,17,4.06
2153,21,53,363,342,94.21,21,5.79
2154,21,54,358,345,96.37,13,3.63
2201,22,1,224,213,95.09,11,4.91
2202,22,2,562,478,85.05,84,14.95
2203,22,3,680,634,93.24,46,6.76
2204,22,4,359,343,95.54,16,4.46
2205,22,5,420,399,95.0,21,5.0
2206,22,6,423,406,95.98,17,4.02
2207,22,7,349,329,94.27,20,5.73
2208,22,8,642,578,90.03,64,9.97
2209,22,9,350,333,95.14,17,4.86
2210,22,10,584,554,94.86,30,5.14
2211,22,11,340,315,92.65,25,7.35
2212,22,12,370,326,88.11,44,11.89
2213,22,13,465,443,95.27,22,4.73
2214,22,14,365,350,95.89,15,4.11
2215,22,15,365,349,95.62,16,4.38
2216,22,16,352,322,91.48,30,8.52
2217,22,17,577,537,93.07,40,6.93
2218,22,18,382,364,95.29,18,4.71
2219,22,19,212,205,96.7,7,3.3
2220,22,20,438,426,97.26,12,2.74
2221,22,21,411,393,95.62,18,4.38
2222,22,22,417,392,94.0,25,6.0
2223,22,23,464,444,95.69,20,4.31
2224,22,24,521,504,96.74,17,3.26
2225,22,25,424,405,95.52,19,4.48
2301,23,1,425,286,67.29,139,32.71
2302,23,2,468,372,79.49,96,20.51
2303,23,3,424,299,70.52,125,29.48
2304,23,4,428,320,74.77,108,25.23
2305,23,5,451,417,92.46,34,7.54
2306,23,6,460,421,91.52,39,8.48
2307,23,7,420,383,91.19,37,8.81
2308,23,8,543,455,83.79,88,16.21
2309,23,9,422,384,91.0,38,9.0
2310,23,10,507,451,88.95,56,11.05
2311,23,11,502,467,93.03,35,6.97
2312,23,12,498,337,67.67,161,32.33
2313,23,13,418,397,94.98,21,5.02
2314,23,14,388,277,71.39,111,28.61
2315,23,15,400,367,91.75,33,8.25
2316,23,16,448,295,65.85,153,34.15
2317,23,17,350,321,91.71,29,8.29
2318,23,18,406,308,75.86,98,24.14
2319,23,19,382,354,92.67,28,7.33
2320,23,20,315,284,90.16,31,9.84
2321,23,21,424,269,63.44,155,36.56
2322,23,22,468,372,79.49,96,20.51
2323,23,23,421,336,79.81,85,20.19
2324,23,24,395,360,91.14,35,8.86
2325,23,25,387,347,89.66,40,10.34
2326,23,26,439,392,89.29,47,10.71
2327,23,27,417,277,66.43,140,33.57
2328,23,28,507,381,75.15,126,24.85
2329,23,29,385,308,80.0,77,20.0
2330,23,30,516,459,88.95,57,11.05
2331,23,31,391,354,90.54,37,9.46
2332,23,32,403,364,90.32,39,9.68
2333,23,33,473,435,91.97,38,8.03
2334,23,34,479,443,92.48,36,7.52
2335,23,35,350,260,74.29,90,25.71
2336,23,36,454,307,67.62,147,32.38
2337,23,37,488,338,69.26,150,30.74
2338,23,38,414,323,78.02,91,21.98
2339,23,39,477,446,93.5,31,6.5
2401,24,1,323,312,96.59,11,3.41
2402,24,2,368,346,94.02,22,5.98
2403,24,3,424,411,96.93,13,3.07
2404,24,4,301,287,95.35,14,4.65
2405,24,5,196,185,94.39,11,5.61
2406,24,6,375,358,95.47,17,4.53
2407,24,7,278,265,95.32,13,4.68
2408,24,8,174,165,94.83,9,5.17
2409,24,9,347,328,94.52,19,5.48
2410,24,10,181,174,96.13,7,3.87
2411,24,11,388,365,94.07,23,5.93
2412,24,12,232,215,92.67,17,7.33
2413,24,13,222,206,92.79,16,7.21
2414,24,14,313,295,94.25,18,5.75
2415,24,15,198,183,92.42,15,7.58
2416,24,16,1059,984,92.92,75,7.08
2417,24,17,267,258,96.63,9,3.37
2418,24,18,312,301,96.47,11,3.53
2419,24,19,407,387,95.09,20,4.91
2420,24,20,311,292,93.89,19,6.11
2421,24,21,198,181,91.41,17,8.59
2422,24,22,431,405,93.97,26,6.03
2423,24,23,313,298,95.21,15,4.79
2424,24,24,406,374,92.12,32,7.88
2425,24,25,290,277,95.52,13,4.48
2426,24,26,530,510,96.23,20,3.77
2427,24,27,369,347,94.04,22,5.96
2428,24,28,223,210,94.17,13,5.83
2429,24,29,270,251,92.96,19,7.04
2430,24,30,220,208,94.55,12,5.45
2431,24,31,399,379,94.99,20,5.01
2432,24,32,180,172,95.56,8,4.44
2433,24,33,220,213,96.82,7,3.18
2434,24,34,343,327,95.34,16,4.66
2435,24,35,345,323,93.62,22,6.38
2436,24,36,413,383,92.74,30,7.26
2437,24,37,181,171,94.48,10,5.52
2438,24,38,295,276,93.56,19,6.44
2439,24,39,366,351,95.9,15,4.1
2440,24,40,427,399,93.44,28,6.56
2441,24,41,165,154,93.33,11,6.67
2501,25,1,442,411,92.99,31,7.01
2502,25,2,698,655,93.84,43,6.16
2503,25,3,1051,919,87.44,132,12.56
2504,25,4,440,395,89.77,45,10.23
2505,25,5,581,533,91.74,48,8.26
2506,25,6,209,192,91.87,17,8.13
2507,25,7,602,569,94.52,33,5.48
2508,25,8,640,615,96.09,25,3.91
2509,25,9,565,537,95.04,28,4.96
2510,25,10,875,752,85.94,123,14.06
2511,25,11,596,558,93.62,38,6.38
2512,25,12,546,516,94.51,30,5.49
2513,25,13,681,653,95.89,28,4.11
2514,25,14,444,401,90.32,43,9.68
2515,25,15,490,451,92.04,39,7.96
2516,25,16,1084,893,82.38,191,17.62
2517,25,17,598,567,94.82,31,5.18
2518,25,18,354,318,89.83,36,10.17
2519,25,19,603,569,94.36,34,5.64
2520,25,20,328,299,91.16,29,8.84
2521,25,21,1139,1010,88.67,129,11.33
2522,25,22,577,546,94.63,31,5.37
2523,25,23,647,610,94.28,37,5.72
2524,25,24,594,554,93.27,40,6.73
2525,25,25,520,458,88.08,62,11.92
2526,25,26,566,534,94.35,32,5.65
2527,25,27,798,684,85.71,114,14.29
2528,25,28,610,580,95.08,30,4.92
2529,25,29,446,411,92.15,35,7.85
2530,25,30,564,526,93.26,38,6.74
2531,25,31,1232,1013,82.22,219,17.78
2532,25,32,489,441,90.18,48,9.82
2601,26,1,481,445,92.52,36,7.48
2602,26,2,373,347,93.03,26,6.97
2603,26,3,546,504,92.31,42,7.69
2604,26,4,319,302,94.67,17,5.33
2605,26,5,403,385,95.53,18,4.47
2606,26,6,379,348,91.82,31,8.18
2607,26,7,418,390,93.3,28,6.7
2608,26,8,284,263,92.61,21,7.39
2609,26,9,356,330,92.7,26,7.3
2610,26,10,433,407,94.0,26,6.0
2611,26,11,428,392,91.59,36,8.41
2612,26,12,458,428,93.45,30,6.55
2613,26,13,255,240,94.12,15,5.88
2614,26,14,359,339,94.43,20,5.57
2615,26,15,275,257,93.45,18,6.55
2616,26,16,244,223,91.39,21,8.61
2617,26,17,405,350,86.42,55,13.58
2618,26,18,320,299,93.44,21,6.56
2619,26,19,273,255,93.41,18,6.59
2620,26,20,409,382,93.4,27,6.6
2621,26,21,510,480,94.12,30,5.88
2622,26,22,266,258,96.99,8,3.01
2623,26,23,330,310,93.94,20,6.06
2624,26,24,370,351,94.86,19,5.14
2625,26,25,358,330,92.18,28,7.82
2626,26,26,316,299,94.62,17,5.38
2627,26,27,493,465,94.32,28,5.68
2628,26,28,588,528,89.8,60,10.2
2629,26,29,241,218,90.46,23,9.54
2630,26,30,364,343,94.23,21,5.77
2631,26,31,213,199,93.43,14,6.57
2632,26,32,558,500,89.61,58,10.39
2633,26,33,512,484,94.53,28,5.47
2634,26,34,479,447,93.32,32,6.68
2635,26,35,384,360,93.75,24,6.25
2636,26,36,455,417,91.65,38,8.35
2637,26,37,469,440,93.82,29,6.18
2638,26,38,212,199,93.87,13,6.13
2639,26,39,527,491,93.17,36,6.83
2640,26,40,292,271,92.81,21,7.19
2641,26,41,476,449,94.33,27,5.67
2642,26,42,364,338,92.86,26,7.14
2643,26,43,270,250,92.59,20,7.41
2644,26,44,241,226,93.78,15,6.22
2645,26,45,231,209,90.48,22,9.52
2646,26,46,351,307,87.46,44,12.54
2647,26,47,324,304,93.83,20,6.17
2648,26,48,464,438,94.4,26,5.6
2649,26,49,289,274,94.81,15,5.19
2701,27,1,1294,1130,87.33,164,12.67
2702,27,2,587,521,88.76,66,11.24
2703,27,3,234,223,95.3,11,4.7
2704,27,4,263,251,95.44,12,4.56
2705,27,5,379,359,94.72,20,5.28
2706,27,6,649,575,88.6,74,11.4
2707,27,7,759,690,90.91,69,9.09
2708,27,8,376,356,94.68,20,5.32
2709,27,9,287,242,84.32,45,15.68
2710,27,10,418,389,93.06,29,6.94
2711,27,11,687,580,84.43,107,15.57
2712,27,12,465,419,90.11,46,9.89
2713,27,13,678,635,93.66,43,6.34
2714,27,14,236,215,91.1,21,8.9
2715,27,15,247,231,93.52,16,6.48
2716,27,16,662,561,84.74,101,15.26
2717,27,17,502,475,94.62,27,5.38
2718,27,18,327,299,91.44,28,8.56
2719,27,19,240,220,91.67,20,8.33
2720,27,20,334,310,92.81,24,7.19
2721,27,21,534,467,87.45,67,12.55
2722,27,22,206,189,91.75,17,8.25
2723,27,23,287,269,93.73,18,6.27
2724,27,24,310,294,94.84,16,5.16
2725,27,25,460,433,94.13,27,5.87
2726,27,26,327,310,94.8,17,5.2
2727,27,27,638,595,93.26,43,6.74
2728,27,28,752,633,84.18,119,15.82
2729,27,29,304,289,95.07,15,4.93
2730,27,30,212,202,95.28,10,4.72
2731,27,31,352,333,94.6,19,5.4
2732,27,32,442,402,90.95,40,9.05
2733,27,33,740,659,89.05,81,10.95
2734,27,34,245,224,91.43,21,8.57
2735,27,35,694,609,87.75,85,12.25
2736,27,36,340,320,94.12,20,5.88
2737,27,37,559,502,89.8,57,10.2
2738,27,38,682,629,92.23,53,7.77
2739,27,39,337,310,91.99,27,8.01
2740,27,40,784,686,87.5,98,12.5
2741,27,41,361,334,92.52,27,7.48
2742,27,42,381,344,90.29,37,9.71
2743,27,43,369,354,95.93,15,4.07
2744,27,44,330,308,93.33,22,6.67
2745,27,45,1656,1430,86.35,226,13.65
2746,27,46,503,422,83.9,81,16.1
2747,27,47,311,287,92.28,24,7.72
2748,27,48,996,907,91.06,89,8.94
2749,27,49,328,311,94.82,17,5.18
2750,27,50,425,393,92.47,32,7.53
2801,28,1,265,252,95.09,13,4.91
2802,28,2,350,324,92.57,26,7.43
2803,28,3,276,264,95.65,12,4.35
2804,28,4,429,380,88.58,49,11.42
2805,28,5,246,235,95.53,11,4.47
2806,28,6,226,196,86.73,30,13.27
2807,28,7,381,360,94.49,21,5.51
2808,28,8,649,557,85.82,92,14.18
2809,28,9,348,325,93.39,23,6.61
2810,28,10,550,511,92.91,39,7.09
2811,28,11,916,850,92.79,66,7.21
2812,28,12,330,319,96.67,11,3.33
2813,28,13,406,386,95.07,20,4.93
2814,28,14,352,327,92.9,25,7.1
2815,28,15,66,62,93.94,4,6.06
2816,28,16,229,215,93.89,14,6.11
2817,28,17,301,287,95.35,14,4.65
2818,28,18,293,275,93.86,18,6.14
2819,28,19,336,302,89.88,34,10.12
2820,28,20,300,281,93.67,19,6.33
2821,28,21,299,282,94.31,17,5.69
2822,28,22,337,316,93.77,21,6.23
2823,28,23,447,420,93.96,27,6.04
2824,28,24,303,279,92.08,24,7.92
2825,28,25,525,504,96.0,21,4.0
2826,28,26,341,325,95.31,16,4.69
2827,28,27,454,384,84.58,70,15.42
2828,28,28,549,476,86.7,73,13.3
2829,28,29,186,172,92.47,14,7.53
2830,28,30,51,48,94.12,3,5.88
2831,28,31,415,400,96.39,15,3.61
2832,28,32,349,323,92.55,26,7.45
2833,28,33,371,350,94.34,21,5.66
2834,28,34,643,603,93.78,40,6.22
2835,28,35,430,405,94.19,25,5.81
2836,28,36,189,179,94.71,10,5.29
2837,28,37,412,392,95.15,20,4.85
2838,28,38,139,130,93.53,9,6.47
2839,28,39,283,270,95.41,13,4.59
2840,28,40,459,437,95.21,22,4.79
2841,28,41,232,220,94.83,12,5.17
2842,28,42,367,348,94.82,19,5.18
2843,28,43,432,414,95.83,18,4.17
2844,28,44,261,242,92.72,19,7.28
2845,28,45,626,555,88.66,71,11.34
2846,28,46,764,684,89.53,80,10.47
2901,29,1,636,564,88.68,72,11.32
2902,29,2,533,512,96.06,21,3.94
2903,29,3,424,403,95.05,21,4.95
2904,29,4,515,491,95.34,24,4.66
2905,29,5,341,323,94.72,18,5.28
2906,29,6,345,328,95.07,17,4.93
2907,29,7,474,443,93.46,31,6.54
2908,29,8,435,412,94.71,23,5.29
2909,29,9,539,470,87.2,69,12.8
2910,29,10,619,562,90.79,57,9.21
2911,29,11,255,245,96.08,10,3.92
2912,29,12,558,532,95.34,26,4.66
2913,29,13,435,415,95.4,20,4.6
2914,29,14,400,384,96.0,16,4.0
2915,29,15,480,456,95.0,24,5.0
2916,29,16,416,399,95.91,17,4.09
2917,29,17,408,381,93.38,27,6.62
2918,29,18,420,398,94.76,22,5.24
2919,29,19,431,414,96.06,17,3.94
2920,29,20,466,441,94.64,25,5.36
2921,29,21,570,535,93.86,35,6.14
2922,29,22,398,363,91.21,35,8.79
2923,29,23,571,471,82.49,100,17.51
2924,29,24,418,397,94.98,21,5.02
2925,29,25,489,466,95.3,23,4.7
2926,29,26,423,402,95.04,21,4.96
2927,29,27,403,386,95.78,17,4.22
2928,29,28,556,531,95.5,25,4.5
2929,29,29,627,523,83.41,104,16.59
2930,29,30,648,591,91.2,57,8.8
2931,29,31,557,459,82.41,98,17.59
2932,29,32,574,472,82.23,102,17.77
2933,29,33,323,305,94.43,18,5.57
2934,29,34,331,309,93.35,22,6.65
2935,29,35,317,298,94.01,19,5.99
2936,29,36,378,363,96.03,15,3.97
2937,29,37,426,396,92.96,30,7.04
2938,29,38,604,548,90.73,56,9.27
2939,29,39,566,497,87.81,69,12.19
2940,29,40,493,461,93.51,32,6.49
2941,29,41,381,359,94.23,22,5.77
2942,29,42,496,473,95.36,23,4.64
2943,29,43,586,550,93.86,36,6.14
2944,29,44,492,458,93.09,34,6.91
3001,30,1,601,546,90.85,55,9.15
3002,30,2,576,519,90.1,57,9.9
3003,30,3,431,393,91.18,38,8.82
3004,30,4,536,454,84.7,82,15.3
3005,30,5,417,382,91.61,35,8.39
3006,30,6,366,334,91.26,32,8.74
3007,30,7,583,519,89.02,64,10.98
3008,30,8,649,583,89.83,66,10.17
3009,30,9,489,450,92.02,39,7.98
3010,30,10,521,470,90.21,51,9.79
3011,30,11,536,498,92.91,38,7.09
3012,30,12,511,445,87.08,66,12.92
3013,30,13,544,490,90.07,54,9.93
3014,30,14,401,361,90.02,40,9.98
3015,30,15,487,437,89.73,50,10.27
3016,30,16,316,285,90.19,31,9.81
3017,30,17,559,507,90.7,52,9.3
3018,30,18,662,621,93.81,41,6.19
3019,30,19,555,514,92.61,41,7.39
3020,30,20,604,552,91.39,52,8.61
3021,30,21,408,356,87.25,52,12.75
3022,30,22,779,731,93.84,48,6.16
3023,30,23,667,621,93.1,46,6.9
3024,30,24,798,746,93.48,52,6.52
3025,30,25,793,745,93.95,48,6.05
3026,30,26,344,317,92.15,27,7.85
3027,30,27,398,353,88.69,45,11.31
3028,30,28,555,510,91.89,45,8.11
3029,30,29,385,368,95.58,17,4.42
3030,30,30,225,208,92.44,17,7.56
3031,30,31,350,316,90.29,34,9.71
3032,30,32,458,420,91.7,38,8.3
3101,31,1,350,329,94.0,21,6.0
3102,31,2,314,293,93.31,21,6.69
3103,31,3,363,333,91.74,30,8.26
3104,31,4,468,451,96.37,17,3.63
3105,31,5,377,351,93.1,26,6.9
3106,31,6,259,240,92.66,19,7.34
3107,31,7,543,505,93.0,38,7.0
3108,31,8,324,303,93.52,21,6.48
3109,31,9,388,356,91.75,32,8.25
3110,31,10,433,405,93.53,28,6.47
3111,31,11,315,281,89.21,34,10.79
3112,31,12,318,280,88.05,38,11.95
3113,31,13,398,374,93.97,24,6.03
3114,31,14,348,313,89.94,35,10.06
3115,31,15,374,335,89.57,39,10.43
3116,31,16,440,407,92.5,33,7.5
3117,31,17,345,316,91.59,29,8.41
3118,31,18,340,317,93.24,23,6.76
3119,31,19,346,316,91.33,30,8.67
3120,31,20,318,297,93.4,21,6.6
3121,31,21,330,297,90.0,33,10.0
3122,31,22,304,282,92.76,22,7.24
3123,31,23,395,354,89.62,41,10.38
3124,31,24,376,343,91.22,33,8.78
3125,31,25,347,319,91.93,28,8.07
3126,31,26,374,342,91.44,32,8.56
3127,31,27,417,374,89.69,43,10.31
3128,31,28,325,301,92.62,24,7.38
3129,31,29,348,320,91.95,28,8.05
3130,31,30,299,275,91.97,24,8.03
3131,31,31,311,288,92.6,23,7.4
3132,31,32,297,273,91.92,24,8.08
3133,31,33,356,324,91.01,32,8.99
3134,31,34,375,340,90.67,35,9.33
3135,31,35,438,413,94.29,25,5.71
3136,31,36,389,368,94.6,21,5.4
3137,31,37,343,307,89.5,36,10.5
3138,31,38,331,308,93.05,23,6.95
3139,31,39,420,395,94.05,25,5.95
3140,31,40,415,383,92.29,32,7.71
3141,31,41,342,324,94.74,18,5.26
3201,32,1,865,765,88.44,100,11.56
3202,32,2,790,694,87.85,96,12.15
3203,32,3,723,686,94.88,37,5.12
3204,32,4,657,585,89.04,72,10.96
3205,32,5,740,681,92.03,59,7.97
3206,32,6,848,770,90.8,78,9.2
3207,32,7,814,715,87.84,99,12.16
3208,32,8,915,784,85.68,131,14.32
3209,32,9,740,664,89.73,76,10.27
3210,32,10,830,729,87.83,101,12.17
3211,32,11,599,559,93.32,40,6.68
3212,32,12,476,445,93.49,31,6.51
3213,32,13,827,717,86.7,110,13.3
3214,32,14,727,670,92.16,57,7.84
3215,32,15,677,578,85.38,99,14.62
3216,32,16,686,623,90.82,63,9.18
3217,32,17,653,612,93.72,41,6.28
3218,32,18,708,610,86.16,98,13.84
3219,32,19,688,623,90.55,65,9.45
3220,32,20,626,593,94.73,33,5.27
3221,32,21,721,631,87.52,90,12.48
3222,32,22,798,754,94.49,44,5.51
3223,32,23,751,658,87.62,93,12.38
3224,32,24,651,545,83.72,106,16.28
3225,32,25,696,612,87.93,84,12.07
3226,32,26,690,644,93.33,46,6.67
3227,32,27,781,661,84.64,120,15.36
3228,32,28,665,620,93.23,45,6.77
3229,32,29,728,662,90.93,66,9.07
3230,32,30,746,622,83.38,124,16.62
3231,32,31,787,664,84.37,123,15.63
3232,32,32,810,724,89.38,86,10.62
3233,32,33,701,607,86.59,94,13.41
3234,32,34,800,724,90.5,76,9.5
3235,32,35,714,616,86.27,98,13.73
3236,32,36,765,681,89.02,84,10.98
3237,32,37,825,738,89.45,87,10.55
3238,32,38,737,653,88.6,84,11.4
3239,32,39,855,746,87.25,109,12.75
3240,32,40,733,626,85.4,107,14.6
3241,32,41,774,672,86.82,102,13.18
3242,32,42,700,591,84.43,109,15.57
3243,32,43,599,559,93.32,40,6.68
3301,33,1,711,677,95.22,34,4.78
3302,33,2,882,826,93.65,56,6.35
3303,33,3,945,879,93.02,66,6.98
3304,33,4,938,849,90.51,89,9.49
3305,33,5,700,623,89.0,77,11.0
3306,33,6,609,564,92.61,45,7.39
3307,33,7,717,684,95.4,33,4.6
3308,33,8,858,798,93.01,60,6.99
3309,33,9,790,699,88.48,91,11.52
3310,33,10,604,540,89.4,64,10.6
3311,33,11,704,639,90.77,65,9.23
3312,33,12,715,658,92.03,57,7.97
3313,33,13,668,619,92.66,49,7.34
3314,33,14,328,309,94.21,19,5.79
3315,33,15,710,673,94.79,37,5.21
3316,33,16,946,860,90.91,86,9.09
3317,33,17,718,652,90.81,66,9.19
3318,33,18,1003,942,93.92,61,6.08
3319,33,19,850,771,90.71,79,9.29
3320,33,20,873,833,95.42,40,4.58
3321,33,21,720,679,94.31,41,5.69
3322,33,22,657,577,87.82,80,12.18
3323,33,23,776,713,91.88,63,8.12
3324,33,24,840,775,92.26,65,7.74
3325,33,25,838,767,91.53,71,8.47
3326,33,26,525,493,93.9,32,6.1
3327,33,27,821,752,91.6,69,8.4
3328,33,28,633,607,95.89,26,4.11
3401,34,1,461,444,96.31,17,3.69
3402,34,2,379,355,93.67,24,6.33
3403,34,3,423,400,94.56,23,5.44
3404,34,4,323,307,95.05,16,4.95
3405,34,5,386,371,96.11,15,3.89
3406,34,6,485,464,95.67,21,4.33
3407,34,7,461,440,95.44,21,4.56
3408,34,8,360,348,96.67,12,3.33
3409,34,9,295,273,92.54,22,7.46
3410,34,10,343,325,94.75,18,5.25
3411,34,11,379,364,96.04,15,3.96
3412,34,12,464,446,96.12,18,3.88
3413,34,13,429,413,96.27,16,3.73
3414,34,14,342,324,94.74,18,5.26
3415,34,15,397,378,95.21,19,4.79
3416,34,16,381,366,96.06,15,3.94
3417,34,17,526,501,95.25,25,4.75
3418,34,18,298,279,93.62,19,6.38
3419,34,19,466,448,96.14,18,3.86
3420,34,20,464,447,96.34,17,3.66
3421,34,21,493,475,96.35,18,3.65
3422,34,22,423,408,96.45,15,3.55
3423,34,23,363,354,97.52,9,2.48
3424,34,24,369,356,96.48,13,3.52
3425,34,25,628,597,95.06,31,4.94
3426,34,26,487,467,95.89,20,4.11
3427,34,27,353,343,97.17,10,2.83
3428,34,28,274,261,95.26,13,4.74
3429,34,29,358,341,95.25,17,4.75
3430,34,30,402,388,96.52,14,3.48
3431,34,31,354,337,95.2,17,4.8
3432,34,32,419,407,97.14,12,2.86
3433,34,33,358,340,94.97,18,5.03
3434,34,34,486,464,95.47,22,4.53
3435,34,35,527,511,96.96,16,3.04
3436,34,36,360,343,95.28,17,4.72
3437,34,37,245,231,94.29,14,5.71
3438,34,38,207,197,95.17,10,4.83
3439,34,39,321,297,92.52,24,7.48
3440,34,40,467,452,96.79,15,3.21
3441,34,41,256,245,95.7,11,4.3
3442,34,42,408,400,98.04,8,1.96
3443,34,43,378,363,96.03,15,3.97
3444,34,44,391,373,95.4,18,4.6
3445,34,45,419,406,96.9,13,3.1
3446,34,46,287,280,97.56,7,2.44
3447,34,47,385,371,96.36,14,3.64
3448,34,48,419,406,96.9,13,3.1
3449,34,49,394,383,97.21,11,2.79
3450,34,50,346,332,95.95,14,4.05
3451,34,51,459,440,95.86,19,4.14
3452,34,52,328,314,95.73,14,4.27
3453,34,53,296,285,96.28,11,3.72
3501,35,1,629,579,92.05,50,7.95
3502,35,2,610,562,92.13,48,7.87
3503,35,3,532,507,95.3,25,4.7
3504,35,4,593,535,90.22,58,9.78
3505,35,5,515,482,93.59,33,6.41
3506,35,6,606,571,94.22,35,5.78
3507,35,7,616,575,93.34,41,6.66
3508,35,8,594,562,94.61,32,5.39
3509,35,9,544,498,91.54,46,8.46
3510,35,10,693,656,94.66,37,5.34
3511,35,11,690,649,94.06,41,5.94
3512,35,12,423,401,94.8,22,5.2
3513,35,13,427,403,94.38,24,5.62
3514,35,14,479,450,93.95,29,6.05
3515,35,15,706,660,93.48,46,6.52
3516,35,16,334,320,95.81,14,4.19
3517,35,17,603,570,94.53,33,5.47
3518,35,18,393,365,92.88,28,7.12
3519,35,19,378,353,93.39,25,6.61
3520,35,20,599,561,93.66,38,6.34
3521,35,21,601,567,94.34,34,5.66
3522,35,22,716,681,95.11,35,4.89
3523,35,23,620,576,92.9,44,7.1
3524,35,24,536,486,90.67,50,9.33
3525,35,25,617,570,92.38,47,7.62
3526,35,26,509,457,89.78,52,10.22
3527,35,27,546,517,94.69,29,5.31
3528,35,28,567,519,91.53,48,8.47
3529,35,29,566,534,94.35,32,5.65
3530,35,30,565,526,93.1,39,6.9
3531,35,31,633,579,91.47,54,8.53
3601,36,1,490,443,90.41,47,9.59
3602,36,2,498,470,94.38,28,5.62
3603,36,3,443,410,92.55,33,7.45
3604,36,4,537,497,92.55,40,7.45
3605,36,5,428,399,93.22,29,6.78
3606,36,6,465,432,92.9,33,7.1
3607,36,7,566,462,81.63,104,18.37
3608,36,8,414,383,92.51,31,7.49
3609,36,9,467,433,92.72,34,7.28
3610,36,10,641,583,90.95,58,9.05
3611,36,11,348,320,91.95,28,8.05
3612,36,12,333,310,93.09,23,6.91
3613,36,13,362,345,95.3,17,4.7
3614,36,14,553,479,86.62,74,13.38
3615,36,15,525,440,83.81,85,16.19
3616,36,16,509,452,88.8,57,11.2
3617,36,17,615,535,86.99,80,13.01
3618,36,18,544,458,84.19,86,15.81
3619,36,19,632,577,91.3,55,8.7
3620,36,20,573,497,86.74,76,13.26
3621,36,21,462,431,93.29,31,6.71
3622,36,22,448,401,89.51,47,10.49
3623,36,23,449,418,93.1,31,6.9
3624,36,24,592,527,89.02,65,10.98
3625,36,25,511,479,93.74,32,6.26
3626,36,26,492,414,84.15,78,15.85
3627,36,27,466,422,90.56,44,9.44
3628,36,28,529,450,85.07,79,14.93
3629,36,29,559,462,82.65,97,17.35
3630,36,30,493,428,86.82,65,13.18
3701,37,1,220,207,94.09,13,5.91
3702,37,2,354,336,94.92,18,5.08
3703,37,3,286,270,94.41,16,5.59
3704,37,4,330,308,93.33,22,6.67
3705,37,5,418,397,94.98,21,5.02
3706,37,6,267,262,98.13,5,1.87
3707,37,7,329,307,93.31,22,6.69
3708,37,8,303,278,91.75,25,8.25
3709,37,9,406,390,96.06,16,3.94
3710,37,10,502,465,92.63,37,7.37
3711,37,11,266,254,95.49,12,4.51
3712,37,12,374,356,95.19,18,4.81
3713,37,13,289,276,95.5,13,4.5
3714,37,14,441,419,95.01,22,4.99
3715,37,15,410,383,93.41,27,6.59
3716,37,16,445,422,94.83,23,5.17
3717,37,17,291,279,95.88,12,4.12
3718,37,18,346,320,92.49,26,7.51
3719,37,19,284,276,97.18,8,2.82
3720,37,20,351,331,94.3,20,5.7
3721,37,21,360,338,93.89,22,6.11
3722,37,22,373,351,94.1,22,5.9
3723,37,23,374,362,96.79,12,3.21
3724,37,24,380,361,95.0,19,5.0
3725,37,25,343,326,95.04,17,4.96
3726,37,26,528,499,94.51,29,5.49
3727,37,27,376,359,95.48,17,4.52
3728,37,28,356,343,96.35,13,3.65
3729,37,29,373,343,91.96,30,8.04
3730,37,30,348,334,95.98,14,4.02
3731,37,31,445,421,94.61,24,5.39
3732,37,32,360,336,93.33,24,6.67
3733,37,33,290,282,97.24,8,2.76
3734,37,34,353,336,95.18,17,4.82
3735,37,35,385,367,95.32,18,4.68
3736,37,36,285,277,97.19,8,2.81
3737,37,37,428,397,92.76,31,7.24
3738,37,38,421,404,95.96,17,4.04
3739,37,39,331,317,95.77,14,4.23
3740,37,40,409,382,93.4,27,6.6
3741,37,41,414,395,95.41,19,4.59
3801,38,1,504,454,90.08,50,9.92
3802,38,2,556,353,63.49,203,36.51
3803,38,3,563,449,79.75,114,20.25
3804,38,4,538,426,79.18,112,20.82
3805,38,5,546,441,80.77,105,19.23
3806,38,6,569,453,79.61,116,20.39
3807,38,7,532,391,73.5,141,26.5
3808,38,8,530,438,82.64,92,17.36
3809,38,9,628,498,79.3,130,20.7
3810,38,10,479,391,81.63,88,18.37
3811,38,11,484,414,85.54,70,14.46
3812,38,12,544,361,66.36,183,33.64
3813,38,13,620,465,75.0,155,25.0
3814,38,14,574,473,82.4,101,17.6
3815,38,15,514,418,81.32,96,18.68
3816,38,16,533,416,78.05,117,21.95
3817,38,17,657,498,75.8,159,24.2
3818,38,18,588,466,79.25,122,20.75
3819,38,19,607,497,81.88,110,18.12
3820,38,20,561,402,71.66,159,28.34
3821,38,21,519,452,87.09,67,12.91
3822,38,22,505,435,86.14,70,13.86
3823,38,23,551,470,85.3,81,14.7
3824,38,24,578,429,74.22,149,25.78
3825,38,25,518,427,82.43,91,17.57
3826,38,26,570,484,84.91,86,15.09
3827,38,27,564,437,77.48,127,22.52
3828,38,28,668,499,74.7,169,25.3
3829,38,29,568,470,82.75,98,17.25
3830,38,30,560,434,77.5,126,22.5
3831,38,31,535,447,83.55,88,16.45
3832,38,32,531,448,84.37,83,15.63
3833,38,33,481,423,87.94,58,12.06
3834,38,34,511,454,88.85,57,11.15
3835,38,35,531,464,87.38,67,12.62
3836,38,36,522,442,84.67,80,15.33
3837,38,37,539,460,85.34,79,14.66
3838,38,38,541,433,80.04,108,19.96
3839,38,39,591,505,85.45,86,14.55
3840,38,40,545,461,84.59,84,15.41
3841,38,41,499,441,88.38,58,11.62
3901,39,1,564,451,79.96,113,20.04
3902,39,2,388,338,87.11,50,12.89
3903,39,3,605,536,88.6,69,11.4
3904,39,4,542,430,79.34,112,20.66
3905,39,5,574,497,86.59,77,13.41
3906,39,6,559,502,89.8,57,10.2
3907,39,7,483,426,88.2,57,11.8
3908,39,8,555,496,89.37,59,10.63
3909,39,9,511,439,85.91,72,14.09
3910,39,10,251,236,94.02,15,5.98
3911,39,11,536,467,87.13,69,12.87
3912,39,12,726,682,93.94,44,6.06
3913,39,13,488,421,86.27,67,13.73
3914,39,14,552,481,87.14,71,12.86
3915,39,15,652,498,76.38,154,23.62
3916,39,16,519,478,92.1,41,7.9
3917,39,17,578,486,84.08,92,15.92
3918,39,18,549,483,87.98,66,12.02
3919,39,19,534,465,87.08,69,12.92
3920,39,20,692,520,75.14,172,24.86
3921,39,21,559,419,74.96,140,25.04
3922,39,22,538,491,91.26,47,8.74
3923,39,23,562,425,75.62,137,24.38
3924,39,24,691,518,74.96,173,25.04
3925,39,25,483,443,91.72,40,8.28
3926,39,26,537,447,83.24,90,16.76
3927,39,27,85,66,77.65,19,22.35
3928,39,28,684,618,90.35,66,9.65
3929,39,29,292,272,93.15,20,6.85
3930,39,30,659,627,95.14,32,4.86
3931,39,31,487,437,89.73,50,10.27
3932,39,32,491,417,84.93,74,15.07
3933,39,33,561,505,90.02,56,9.98
3934,39,34,661,567,85.78,94,14.22
3935,39,35,561,510,90.91,51,9.09
3936,39,36,136,128,94.12,8,5.88
3937,39,37,532,434,81.58,98,18.42
3938,39,38,288,251,87.15,37,12.85
3939,39,39,352,297,84.38,55,15.63
3940,39,40,580,471,81.21,109,18.79
3941,39,41,568,443,77.99,125,22.01
3942,39,42,586,431,73.55,155,26.45
3943,39,43,570,437,76.67,133,23.33
3944,39,44,449,339,75.5,110,24.5
3945,39,45,510,392,76.86,118,23.14
4001,40,1,559,491,87.84,68,12.16
4002,40,2,621,555,89.37,66,10.63
4003,40,3,771,716,92.87,55,7.13
4004,40,4,382,347,90.84,35,9.16
4005,40,5,653,597,91.42,56,8.58
4006,40,6,720,671,93.19,49,6.81
4007,40,7,586,538,91.81,48,8.19
4008,40,8,816,775,94.98,41,5.02
4009,40,9,482,449,93.15,33,6.85
4010,40,10,674,632,93.77,42,6.23
4011,40,11,630,571,90.63,59,9.37
4012,40,12,559,506,90.52,53,9.48
4013,40,13,897,839,93.53,58,6.47
4014,40,14,568,515,90.67,53,9.33
4015,40,15,607,552,90.94,55,9.06
4016,40,16,820,772,94.15,48,5.85
4017,40,17,501,457,91.22,44,8.78
4018,40,18,483,449,92.96,34,7.04
4019,40,19,746,678,90.88,68,9.12
4020,40,20,634,588,92.74,46,7.26
4021,40,21,686,633,92.27,53,7.73
4022,40,22,733,677,92.36,56,7.64
4023,40,23,723,680,94.05,43,5.95
4024,40,24,555,488,87.93,67,12.07
4025,40,25,720,675,93.75,45,6.25
4026,40,26,660,617,93.48,43,6.52
4027,40,27,790,737,93.29,53,6.71
4028,40,28,637,594,93.25,43,6.75
4029,40,29,610,543,89.02,67,10.98
4030,40,30,513,442,86.16,71,13.84
4031,40,31,680,639,93.97,41,6.03
4032,40,32,678,630,92.92,48,7.08
4033,40,33,593,561,94.6,32,5.4
4034,40,34,547,478,87.39,69,12.61
4035,40,35,440,405,92.05,35,7.95
4036,40,36,533,489,91.74,44,8.26
4037,40,37,634,598,94.32,36,5.68
4038,40,38,755,695,92.05,60,7.95
4039,40,39,245,236,96.33,9,3.67
4101,41,1,565,349,61.77,216,38.23
4102,41,2,609,380,62.4,229,37.6
4103,41,3,564,420,74.47,144,25.53
4104,41,4,561,383,68.27,178,31.73
4105,41,5,694,516,74.35,178,25.65
4106,41,6,647,461,71.25,186,28.75
4107,41,7,609,403,66.17,206,33.83
4108,41,8,603,402,66.67,201,33.33
4109,41,9,562,415,73.84,147,26.16
4110,41,10,591,417,70.56,174,29.44
4111,41,11,636,405,63.68,231,36.32
4112,41,12,618,462,74.76,156,25.24
4113,41,13,691,490,70.91,201,29.09
4114,41,14,639,480,75.12,159,24.88
4115,41,15,728,533,73.21,195,26.79
4116,41,16,569,394,69.24,175,30.76
4117,41,17,528,397,75.19,131,24.81
4118,41,18,552,372,67.39,180,32.61
4119,41,19,636,486,76.42,150,23.58
4120,41,20,426,305,71.6,121,28.4
4121,41,21,567,416,73.37,151,26.63
4122,41,22,652,479,73.47,173,26.53
4123,41,23,615,415,67.48,200,32.52
4124,41,24,569,392,68.89,177,31.11
4125,41,25,569,483,84.89,86,15.11
4126,41,26,510,341,66.86,169,33.14
4127,41,27,549,430,78.32,119,21.68
4128,41,28,628,545,86.78,83,13.22
4129,41,29,507,416,82.05,91,17.95
4130,41,30,504,368,73.02,136,26.98
4131,41,31,533,404,75.8,129,24.2
4132,41,32,505,351,69.5,154,30.5
4133,41,33,551,397,72.05,154,27.95
4134,41,34,543,375,69.06,168,30.94
4135,41,35,716,488,68.16,228,31.84
4136,41,36,587,446,75.98,141,24.02
4137,41,37,649,451,69.49,198,30.51
4138,41,38,582,429,73.71,153,26.29
4139,41,39,630,431,68.41,199,31.59
4140,41,40,661,424,64.15,237,35.85
4141,41,41,624,425,68.11,199,31.89
4142,41,42,599,391,65.28,208,34.72
4143,41,43,615,450,73.17,165,26.83
4144,41,44,594,374,62.96,220,37.04
4145,41,45,574,423,73.69,151,26.31
4146,41,46,592,429,72.47,163,27.53
4147,41,47,661,480,72.62,181,27.38
4201,42,1,600,518,86.33,82,13.67
4202,42,2,899,782,86.99,117,13.01
4203,42,3,735,632,85.99,103,14.01
4204,42,4,1765,1525,86.4,240,13.6
4205,42,5,621,515,82.93,106,17.07
4206,42,6,641,559,87.21,82,12.79
4207,42,7,839,703,83.79,136,16.21
4208,42,8,576,515,89.41,61,10.59
4209,42,9,924,819,88.64,105,11.36
4210,42,10,989,852,86.15,137,13.85
4211,42,11,475,409,86.11,66,13.89
4212,42,12,593,484,81.62,109,18.38
4213,42,13,525,438,83.43,87,16.57
4214,42,14,1006,847,84.19,159,15.81
4215,42,15,1040,864,83.08,176,16.92
4216,42,16,719,597,83.03,122,16.97
4217,42,17,1198,992,82.8,206,17.2
4218,42,18,945,820,86.77,125,13.23
4219,42,19,911,798,87.6,113,12.4
4220,42,20,934,786,84.15,148,15.85
4221,42,21,895,792,88.49,103,11.51
4222,42,22,416,344,82.69,72,17.31
4223,42,23,812,675,83.13,137,16.87
4224,42,24,669,584,87.29,85,12.71
4225,42,25,854,706,82.67,148,17.33
4226,42,26,1234,1018,82.5,216,17.5
4227,42,27,486,415,85.39,71,14.61
4228,42,28,705,616,87.38,89,12.62
4229,42,29,878,737,83.94,141,16.06
4230,42,30,539,451,83.67,88,16.33
4231,42,31,875,755,86.29,120,13.71
4232,42,32,896,741,82.7,155,17.3
4233,42,33,791,690,87.23,101,12.77
4234,42,34,592,494,83.45,98,16.55
4235,42,35,902,777,86.14,125,13.86
4236,42,36,1280,1091,85.23,189,14.77
4237,42,37,574,459,79.97,115,20.03
4238,42,38,747,627,83.94,120,16.06
4239,42,39,1339,1134,84.69,205,15.31
4240,42,40,1081,942,87.14,139,12.86
4241,42,41,740,647,87.43,93,12.57
4242,42,42,1266,1125,88.86,141,11.14
4301,43,1,374,335,89.57,39,10.43
4302,43,2,759,638,84.06,121,15.94
4303,43,3,667,571,85.61,96,14.39
4304,43,4,887,770,86.81,117,13.19
4305,43,5,658,569,86.47,89,13.53
4306,43,6,552,485,87.86,67,12.14
4307,43,7,394,340,86.29,54,13.71
4308,43,8,529,457,86.39,72,13.61
4309,43,9,690,596,86.38,94,13.62
4310,43,10,856,725,84.7,131,15.3
4311,43,11,669,556,83.11,113,16.89
4312,43,12,446,385,86.32,61,13.68
4313,43,13,664,587,88.4,77,11.6
4314,43,14,679,584,86.01,95,13.99
4315,43,15,709,602,84.91,107,15.09
4316,43,16,1008,861,85.42,147,14.58
4317,43,17,540,435,80.56,105,19.44
4318,43,18,816,684,83.82,132,16.18
4319,43,19,702,626,89.17,76,10.83
4320,43,20,859,765,89.06,94,10.94
4321,43,21,816,704,86.27,112,13.73
4322,43,22,516,452,87.6,64,12.4
4323,43,23,489,415,84.87,74,15.13
4324,43,24,521,439,84.26,82,15.74
4325,43,25,565,493,87.26,72,12.74
4326,43,26,423,367,86.76,56,13.24
4327,43,27,627,542,86.44,85,13.56
4328,43,28,868,772,88.94,96,11.06
4329,43,29,991,856,86.38,135,13.62
4330,43,30,715,635,88.81,80,11.19
4331,43,31,653,570,87.29,83,12.71
4332,43,32,711,640,90.01,71,9.99
4333,43,33,683,577,84.48,106,15.52
4334,43,34,446,388,87.0,58,13.0
4335,43,35,730,637,87.26,93,12.74
4336,43,36,467,402,86.08,65,13.92
4337,43,37,790,705,89.24,85,10.76
4338,43,38,512,436,85.16,76,14.84
4339,43,39,541,474,87.62,67,12.38
4340,43,40,519,452,87.09,67,12.91
4341,43,41,829,712,85.89,117,14.11
4342,43,42,661,576,87.14,85,12.86
4343,43,43,730,601,82.33,129,17.67
4344,43,44,696,580,83.33,116,16.67
4345,43,45,407,356,87.47,51,12.53
4346,43,46,449,391,87.08,58,12.92
4401,44,1,1098,994,90.53,104,9.47
4402,44,2,770,676,87.79,94,12.21
4403,44,3,389,349,89.72,40,10.28
4404,44,4,595,536,90.08,59,9.92
4405,44,5,730,660,90.41,70,9.59
4406,44,6,958,843,88.0,115,12.0
4407,44,7,481,409,85.03,72,14.97
4408,44,8,1003,915,91.23,88,8.77
4409,44,9,750,654,87.2,96,12.8
4410,44,10,806,694,86.1,112,13.9
4411,44,11,848,749,88.33,99,11.67
4412,44,12,762,683,89.63,79,10.37
4413,44,13,652,556,85.28,96,14.72
4414,44,14,708,621,87.71,87,12.29
4415,44,15,686,622,90.67,64,9.33
4416,44,16,879,758,86.23,121,13.77
4417,44,17,958,867,90.5,91,9.5
4418,44,18,845,753,89.11,92,10.89
4419,44,19,873,802,91.87,71,8.13
4420,44,20,899,795,88.43,104,11.57
4421,44,21,874,790,90.39,84,9.61
4422,44,22,688,632,91.86,56,8.14
4423,44,23,694,643,92.65,51,7.35
4424,44,24,515,455,88.35,60,11.65
4425,44,25,774,694,89.66,80,10.34
4426,44,26,905,828,91.49,77,8.51
4427,44,27,856,747,87.27,109,12.73
4428,44,28,768,698,90.89,70,9.11
4429,44,29,873,767,87.86,106,12.14
4430,44,30,912,807,88.49,105,11.51
4431,44,31,665,593,89.17,72,10.83
4432,44,32,866,760,87.76,106,12.24
4433,44,33,771,719,93.26,52,6.74
4434,44,34,768,702,91.41,66,8.59
4435,44,35,837,739,88.29,98,11.71
4436,44,36,840,747,88.93,93,11.07
4437,44,37,804,736,91.54,68,8.46
4438,44,38,943,833,88.34,110,11.66
4439,44,39,814,722,88.7,92,11.3
4440,44,40,754,646,85.68,108,14.32
4441,44,41,971,885,91.14,86,8.86
4501,45,1,478,429,89.75,49,10.25
4502,45,2,571,534,93.52,37,6.48
4503,45,3,531,468,88.14,63,11.86
4504,45,4,691,613,88.71,78,11.29
4505,45,5,602,527,87.54,75,12.46
4506,45,6,772,683,88.47,89,11.53
4507,45,7,820,709,86.46,111,13.54
4508,45,8,590,520,88.14,70,11.86
4509,45,9,593,524,88.36,69,11.64
4510,45,10,582,503,86.43,79,13.57
4511,45,11,456,402,88.16,54,11.84
4512,45,12,544,474,87.13,70,12.87
4513,45,13,481,423,87.94,58,12.06
4514,45,14,809,718,88.75,91,11.25
4515,45,15,664,576,86.75,88,13.25
4516,45,16,467,409,87.58,58,12.42
4517,45,17,634,550,86.75,84,13.25
4518,45,18,630,538,85.4,92,14.6
4519,45,19,329,286,86.93,43,13.07
4520,45,20,416,364,87.5,52,12.5
4521,45,21,519,428,82.47,91,17.53
4522,45,22,550,474,86.18,76,13.82
4523,45,23,541,432,79.85,109,20.15
4524,45,24,446,348,78.03,98,21.97
4525,45,25,376,299,79.52,77,20.48
4526,45,26,319,240,75.24,79,24.76
4527,45,27,572,455,79.55,117,20.45
4528,45,28,488,402,82.38,86,17.62
4529,45,29,372,304,81.72,68,18.28
4530,45,30,536,483,90.11,53,9.89
4531,45,31,465,411,88.39,54,11.61
4532,45,32,522,429,82.18,93,17.82
4533,45,33,407,356,87.47,51,12.53
4534,45,34,567,485,85.54,82,14.46
4535,45,35,611,500,81.83,111,18.17
4536,45,36,601,486,80.87,115,19.13
4537,45,37,551,427,77.5,124,22.5
4538,45,38,566,459,81.1,107,18.9
4539,45,39,564,458,81.21,106,18.79
4540,45,40,513,393,76.61,120,23.39
4541,45,41,517,396,76.6,121,23.4
4542,45,42,532,403,75.75,129,24.25
4543,45,43,574,425,74.04,149,25.96
4544,45,44,540,412,76.3,128,23.7
4545,45,45,381,271,71.13,110,28.87
4546,45,46,439,322,73.35,117,26.65
4547,45,47,422,305,72.27,117,27.73
4548,45,48,460,344,74.78,116,25.22
4601,46,1,494,452,91.5,42,8.5
4602,46,2,647,603,93.2,44,6.8
4603,46,3,786,719,91.48,67,8.52
4604,46,4,643,600,93.31,43,6.69
4605,46,5,912,834,91.45,78,8.55
4606,46,6,590,553,93.73,37,6.27
4607,46,7,678,631,93.07,47,6.93
4608,46,8,462,437,94.59,25,5.41
4609,46,9,728,676,92.86,52,7.14
4610,46,10,1201,1101,91.67,100,8.33
4611,46,11,672,629,93.6,43,6.4
4612,46,12,715,675,94.41,40,5.59
4613,46,13,708,647,91.38,61,8.62
4614,46,14,688,654,95.06,34,4.94
4615,46,15,721,653,90.57,68,9.43
4616,46,16,732,664,90.71,68,9.29
4617,46,17,730,644,88.22,86,11.78
4618,46,18,791,711,89.89,80,10.11
4619,46,19,465,415,89.25,50,10.75
4620,46,20,562,532,94.66,30,5.34
4621,46,21,484,453,93.6,31,6.4
4622,46,22,481,462,96.05,19,3.95
4623,46,23,592,553,93.41,39,6.59
4624,46,24,849,766,90.22,83,9.78
4625,46,25,648,617,95.22,31,4.78
4626,46,26,955,888,92.98,67,7.02
4627,46,27,883,828,93.77,55,6.23
4628,46,28,626,560,89.46,66,10.54
4629,46,29,567,511,90.12,56,9.88
4630,46,30,704,642,91.19,62,8.81
4631,46,31,708,668,94.35,40,5.65
4632,46,32,652,612,93.87,40,6.13
4633,46,33,740,673,90.95,67,9.05
4634,46,34,847,796,93.98,51,6.02
4635,46,35,756,707,93.52,49,6.48
4636,46,36,650,571,87.85,79,12.15
4637,46,37,530,504,95.09,26,4.91
4638,46,38,791,736,93.05,55,6.95
4639,46,39,650,593,91.23,57,8.77
4640,46,40,553,513,92.77,40,7.23
4701,47,1,481,441,91.68,40,8.32
4702,47,2,696,610,87.64,86,12.36
4703,47,3,652,596,91.41,56,8.59
4704,47,4,817,741,90.7,76,9.3
4705,47,5,737,679,92.13,58,7.87
4706,47,6,854,770,90.16,84,9.84
4707,47,7,668,595,89.07,73,10.93
4708,47,8,688,611,88.81,77,11.19
4709,47,9,703,623,88.62,80,11.38
4710,47,10,833,778,93.4,55,6.6
4711,47,11,730,647,88.63,83,11.37
4712,47,12,762,692,90.81,70,9.19
4713,47,13,674,624,92.58,50,7.42
4714,47,14,639,570,89.2,69,10.8
4715,47,15,817,768,94.0,49,6.0
4716,47,16,678,600,88.5,78,11.5
4717,47,17,711,640,90.01,71,9.99
4718,47,18,684,607,88.74,77,11.26
4719,47,19,1068,1008,94.38,60,5.62
4720,47,20,706,648,91.78,58,8.22
4721,47,21,658,595,90.43,63,9.57
4722,47,22,741,685,92.44,56,7.56
4723,47,23,770,728,94.55,42,5.45
4724,47,24,761,700,91.98,61,8.02
4725,47,25,865,794,91.79,71,8.21
4726,47,26,917,862,94.0,55,6.0
4727,47,27,628,558,88.85,70,11.15
4728,47,28,645,591,91.63,54,8.37
4729,47,29,802,717,89.4,85,10.6
4730,47,30,847,806,95.16,41,4.84
4731,47,31,724,676,93.37,48,6.63
4732,47,32,836,779,93.18,57,6.82
4733,47,33,724,643,88.81,81,11.19
4734,47,34,705,648,91.91,57,8.09
4735,47,35,704,618,87.78,86,12.22
4736,47,36,784,736,93.88,48,6.12
4737,47,37,668,611,91.47,57,8.53
4738,47,38,711,655,92.12,56,7.88
4739,47,39,692,637,92.05,55,7.95
4740,47,40,651,604,92.78,47,7.22
4741,47,41,763,718,94.1,45,5.9
4742,47,42,666,621,93.24,45,6.76
4743,47,43,650,553,85.08,97,14.92
4744,47,44,651,585,89.86,66,10.14
4745,47,45,625,580,92.8,45,7.2
4746,47,46,737,650,88.2,87,11.8
4747,47,47,858,752,87.65,106,12.35
4748,47,48,42,34,80.95,8,19.05
4801,48,1,637,605,94.98,32,5.02
4802,48,2,293,259,88.4,34,11.6
4803,48,3,734,696,94.82,38,5.18
4804,48,4,628,598,95.22,30,4.78
4805,48,5,357,332,93.0,25,7.0
4806,48,6,764,722,94.5,42,5.5
4807,48,7,684,641,93.71,43,6.29
4808,48,8,326,292,89.57,34,10.43
4809,48,9,448,403,89.96,45,10.04
4810,48,10,891,848,95.17,43,4.83
4811,48,11,534,503,94.19,31,5.81
4812,48,12,742,700,94.34,42,5.66
4813,48,13,810,742,91.6,68,8.4
4814,48,14,310,275,88.71,35,11.29
4815,48,15,420,391,93.1,29,6.9
4816,48,16,697,664,95.27,33,4.73
4817,48,17,572,532,93.01,40,6.99
4818,48,18,437,418,95.65,19,4.35
4819,48,19,440,411,93.41,29,6.59
4820,48,20,673,629,93.46,44,6.54
4821,48,21,834,787,94.36,47,5.64
4822,48,22,514,468,91.05,46,8.95
4823,48,23,610,556,91.15,54,8.85
4824,48,24,774,685,88.5,89,11.5
4825,48,25,536,496,92.54,40,7.46
4826,48,26,319,289,90.6,30,9.4
4827,48,27,637,603,94.66,34,5.34
4828,48,28,735,672,91.43,63,8.57
4829,48,29,289,273,94.46,16,5.54
4830,48,30,538,498,92.57,40,7.43
4831,48,31,913,860,94.19,53,5.81
4832,48,32,706,678,96.03,28,3.97
4833,48,33,343,322,93.88,21,6.12
4834,48,34,546,512,93.77,34,6.23
4835,48,35,383,353,92.17,30,7.83
4836,48,36,355,323,90.99,32,9.01
4837,48,37,685,643,93.87,42,6.13
4838,48,38,658,600,91.19,58,8.81
4839,48,39,510,462,90.59,48,9.41
4840,48,40,568,520,91.55,48,8.45
4841,48,41,830,794,95.66,36,4.34
4842,48,42,705,677,96.03,28,3.97
4843,48,43,747,705,94.38,42,5.62
4844,48,44,799,760,95.12,39,4.88
4845,48,45,468,443,94.66,25,5.34
4846,48,46,411,376,91.48,35,8.52
4901,49,1,417,400,95.92,17,4.08
4902,49,2,400,383,95.75,17,4.25
4903,49,3,788,752,95.43,36,4.57
4904,49,4,841,796,94.65,45,5.35
4905,49,5,607,581,95.72,26,4.28
4906,49,6,569,539,94.73,30,5.27
4907,49,7,529,493,93.19,36,6.81
4908,49,8,575,550,95.65,25,4.35
4909,49,9,674,639,94.81,35,5.19
4910,49,10,726,682,93.94,44,6.06
4911,49,11,832,801,96.27,31,3.73
4912,49,12,787,738,93.77,49,6.23
4913,49,13,746,690,92.49,56,7.51
4914,49,14,511,479,93.74,32,6.26
4915,49,15,483,468,96.89,15,3.11
4916,49,16,602,550,91.36,52,8.64
4917,49,17,496,465,93.75,31,6.25
4918,49,18,811,777,95.81,34,4.19
4919,49,19,619,590,95.32,29,4.68
4920,49,20,963,921,95.64,42,4.36
4921,49,21,410,391,95.37,19,4.63
4922,49,22,678,631,93.07,47,6.93
4923,49,23,838,806,96.18,32,3.82
4924,49,24,525,498,94.86,27,5.14
4925,49,25,830,781,94.1,49,5.9
4926,49,26,754,710,94.16,44,5.84
4927,49,27,751,722,96.14,29,3.86
4928,49,28,915,866,94.64,49,5.36
4929,49,29,757,722,95.38,35,4.62
4930,49,30,674,626,92.88,48,7.12
4931,49,31,476,447,93.91,29,6.09
4932,49,32,611,584,95.58,27,4.42
4933,49,33,503,477,94.83,26,5.17
5001,50,1,503,378,75.15,125,24.85
5002,50,2,329,262,79.64,67,20.36
5003,50,3,456,360,78.95,96,21.05
5004,50,4,582,516,88.66,66,11.34
5005,50,5,379,303,79.95,76,20.05
5006,50,6,536,494,92.16,42,7.84
5007,50,7,587,542,92.33,45,7.67
5008,50,8,515,486,94.37,29,5.63
5009,50,9,413,366,88.62,47,11.38
5010,50,10,570,460,80.7,110,19.3
5011,50,11,354,220,62.15,134,37.85
5012,50,12,233,193,82.83,40,17.17
5013,50,13,595,552,92.77,43,7.23
5014,50,14,176,149,84.66,27,15.34
5015,50,15,588,522,88.78,66,11.22
5016,50,16,167,136,81.44,31,18.56
5017,50,17,542,455,83.95,87,16.05
5018,50,18,96,72,75.0,24,25.0
5019,50,19,407,383,94.1,24,5.9
5020,50,20,554,509,91.88,45,8.12
5021,50,21,461,401,86.98,60,13.02
5022,50,22,478,391,81.8,87,18.2
5023,50,23,391,323,82.61,68,17.39
5024,50,24,413,273,66.1,140,33.9
5025,50,25,514,378,73.54,136,26.46
5026,50,26,549,512,93.26,37,6.74
5027,50,27,176,145,82.39,31,17.61
5028,50,28,555,525,94.59,30,5.41
5029,50,29,520,494,95.0,26,5.0
5030,50,30,405,370,91.36,35,8.64
5031,50,31,683,658,96.34,25,3.66
5032,50,32,572,536,93.71,36,6.29
5033,50,33,383,271,70.76,112,29.24
5034,50,34,692,589,85.12,103,14.88
5035,50,35,664,628,94.58,36,5.42
5036,50,36,514,462,89.88,52,10.12
5037,50,37,528,487,92.23,41,7.77
5038,50,38,206,185,89.81,21,10.19
5039,50,39,350,293,83.71,57,16.29
5040,50,40,512,316,61.72,196,38.28
