id,ward,precinct,total,George A. Cardenas,George A. Cardenas Percent,Tammy Wendt,Tammy Wendt Percent
0126,1,26,109,74,67.89,35,32.11
1101,11,1,134,89,66.42,45,33.58
1102,11,2,5,0,0.0,5,100.0
1103,11,3,152,109,71.71,43,28.29
1104,11,4,108,82,75.93,26,24.07
1105,11,5,156,112,71.79,44,28.21
1106,11,6,186,124,66.67,62,33.33
1107,11,7,53,29,54.72,24,45.28
1108,11,8,114,67,58.77,47,41.23
1109,11,9,95,57,60.0,38,40.0
1110,11,10,93,61,65.59,32,34.41
1111,11,11,114,70,61.4,44,38.6
1114,11,14,41,28,68.29,13,31.71
1115,11,15,51,38,74.51,13,25.49
1116,11,16,76,54,71.05,22,28.95
1117,11,17,184,128,69.57,56,30.43
1118,11,18,97,68,70.1,29,29.9
1119,11,19,193,138,71.5,55,28.5
1125,11,25,168,106,63.1,62,36.9
1127,11,27,40,28,70.0,12,30.0
1130,11,30,71,47,66.2,24,33.8
1133,11,33,140,83,59.29,57,40.71
1136,11,36,46,37,80.43,9,19.57
1137,11,37,35,22,62.86,13,37.14
1138,11,38,70,56,80.0,14,20.0
1201,12,1,130,95,73.08,35,26.92
1202,12,2,72,50,69.44,22,30.56
1203,12,3,177,101,57.06,76,42.94
1204,12,4,135,82,60.74,53,39.26
1205,12,5,119,82,68.91,37,31.09
1206,12,6,126,77,61.11,49,38.89
1207,12,7,73,51,69.86,22,30.14
1208,12,8,128,89,69.53,39,30.47
1209,12,9,86,58,67.44,28,32.56
1210,12,10,101,72,71.29,29,28.71
1211,12,11,67,53,79.1,14,20.9
1212,12,12,83,66,79.52,17,20.48
1213,12,13,94,71,75.53,23,24.47
1214,12,14,77,53,68.83,24,31.17
1215,12,15,75,54,72.0,21,28.0
1216,12,16,43,30,69.77,13,30.23
1217,12,17,78,48,61.54,30,38.46
1218,12,18,51,34,66.67,17,33.33
1219,12,19,92,66,71.74,26,28.26
1220,12,20,87,70,80.46,17,19.54
1221,12,21,107,67,62.62,40,37.38
1222,12,22,75,46,61.33,29,38.67
1223,12,23,135,88,65.19,47,34.81
1301,13,1,92,71,77.17,21,22.83
1302,13,2,87,57,65.52,30,34.48
1303,13,3,41,32,78.05,9,21.95
1304,13,4,85,55,64.71,30,35.29
1305,13,5,60,40,66.67,20,33.33
1306,13,6,101,62,61.39,39,38.61
1307,13,7,45,36,80.0,9,20.0
1308,13,8,61,36,59.02,25,40.98
1309,13,9,65,48,73.85,17,26.15
1310,13,10,81,42,51.85,39,48.15
1311,13,11,102,65,63.73,37,36.27
1312,13,12,68,51,75.0,17,25.0
1313,13,13,79,57,72.15,22,27.85
1314,13,14,80,56,70.0,24,30.0
1315,13,15,84,63,75.0,21,25.0
1316,13,16,42,29,69.05,13,30.95
1317,13,17,80,54,67.5,26,32.5
1318,13,18,74,46,62.16,28,37.84
1319,13,19,63,46,73.02,17,26.98
1320,13,20,50,26,52.0,24,48.0
1321,13,21,111,65,58.56,46,41.44
1322,13,22,97,60,61.86,37,38.14
1323,13,23,63,51,80.95,12,19.05
1324,13,24,66,53,80.3,13,19.7
1325,13,25,56,43,76.79,13,23.21
1326,13,26,86,61,70.93,25,29.07
1327,13,27,77,52,67.53,25,32.47
1328,13,28,59,45,76.27,14,23.73
1329,13,29,47,34,72.34,13,27.66
1330,13,30,38,28,73.68,10,26.32
1331,13,31,107,63,58.88,44,41.12
1332,13,32,76,46,60.53,30,39.47
1333,13,33,102,65,63.73,37,36.27
1334,13,34,70,48,68.57,22,31.43
1335,13,35,64,46,71.88,18,28.13
1336,13,36,30,24,80.0,6,20.0
1337,13,37,137,75,54.74,62,45.26
1338,13,38,59,35,59.32,24,40.68
1339,13,39,71,53,74.65,18,25.35
1340,13,40,46,28,60.87,18,39.13
1341,13,41,85,65,76.47,20,23.53
1342,13,42,106,73,68.87,33,31.13
1343,13,43,85,57,67.06,28,32.94
1344,13,44,58,46,79.31,12,20.69
1345,13,45,77,49,63.64,28,36.36
1346,13,46,64,45,70.31,19,29.69
1347,13,47,84,67,79.76,17,20.24
1348,13,48,78,44,56.41,34,43.59
1401,14,1,132,84,63.64,48,36.36
1402,14,2,80,56,70.0,24,30.0
1403,14,3,49,36,73.47,13,26.53
1404,14,4,70,43,61.43,27,38.57
1405,14,5,64,51,79.69,13,20.31
1406,14,6,24,20,83.33,4,16.67
1407,14,7,81,63,77.78,18,22.22
1408,14,8,70,63,90.0,7,10.0
1409,14,9,84,59,70.24,25,29.76
1410,14,10,48,43,89.58,5,10.42
1411,14,11,26,16,61.54,10,38.46
1412,14,12,77,47,61.04,30,38.96
1413,14,13,68,47,69.12,21,30.88
1414,14,14,70,49,70.0,21,30.0
1415,14,15,47,38,80.85,9,19.15
1416,14,16,60,45,75.0,15,25.0
1417,14,17,36,32,88.89,4,11.11
1418,14,18,36,27,75.0,9,25.0
1419,14,19,65,49,75.38,16,24.62
1420,14,20,50,37,74.0,13,26.0
1421,14,21,40,34,85.0,6,15.0
1422,14,22,90,65,72.22,25,27.78
1423,14,23,63,43,68.25,20,31.75
1424,14,24,104,61,58.65,43,41.35
1425,14,25,31,20,64.52,11,35.48
1426,14,26,60,48,80.0,12,20.0
1427,14,27,63,47,74.6,16,25.4
1428,14,28,46,35,76.09,11,23.91
1429,14,29,47,35,74.47,12,25.53
1430,14,30,41,31,75.61,10,24.39
1431,14,31,41,32,78.05,9,21.95
1501,15,1,76,56,73.68,20,26.32
1504,15,4,47,37,78.72,10,21.28
1505,15,5,49,32,65.31,17,34.69
1506,15,6,55,39,70.91,16,29.09
1508,15,8,62,49,79.03,13,20.97
1509,15,9,77,52,67.53,25,32.47
1510,15,10,121,89,73.55,32,26.45
1511,15,11,72,58,80.56,14,19.44
1512,15,12,61,40,65.57,21,34.43
1513,15,13,66,49,74.24,17,25.76
1516,15,16,62,42,67.74,20,32.26
1519,15,19,79,48,60.76,31,39.24
1601,16,1,80,59,73.75,21,26.25
1604,16,4,62,21,33.87,41,66.13
1611,16,11,52,31,59.62,21,40.38
1613,16,13,25,10,40.0,15,60.0
1617,16,17,59,36,61.02,23,38.98
1618,16,18,63,35,55.56,28,44.44
1619,16,19,71,45,63.38,26,36.62
1622,16,22,51,32,62.75,19,37.25
1623,16,23,48,33,68.75,15,31.25
1632,16,32,60,37,61.67,23,38.33
1635,16,35,52,38,73.08,14,26.92
1706,17,6,66,30,45.45,36,54.55
1707,17,7,65,38,58.46,27,41.54
1714,17,14,61,28,45.9,33,54.1
1716,17,16,77,51,66.23,26,33.77
1901,19,1,114,61,53.51,53,46.49
1902,19,2,285,144,50.53,141,49.47
1903,19,3,64,38,59.38,26,40.63
1904,19,4,125,53,42.4,72,57.6
1905,19,5,221,121,54.75,100,45.25
1906,19,6,119,55,46.22,64,53.78
1907,19,7,129,60,46.51,69,53.49
1908,19,8,82,37,45.12,45,54.88
1909,19,9,97,54,55.67,43,44.33
1910,19,10,241,130,53.94,111,46.06
1911,19,11,98,55,56.12,43,43.88
1912,19,12,80,35,43.75,45,56.25
1913,19,13,216,113,52.31,103,47.69
1914,19,14,182,98,53.85,84,46.15
1915,19,15,115,56,48.7,59,51.3
1916,19,16,136,56,41.18,80,58.82
1917,19,17,127,64,50.39,63,49.61
1918,19,18,205,105,51.22,100,48.78
1919,19,19,280,137,48.93,143,51.07
1920,19,20,171,83,48.54,88,51.46
1921,19,21,97,47,48.45,50,51.55
1922,19,22,197,95,48.22,102,51.78
1923,19,23,159,65,40.88,94,59.12
1924,19,24,74,29,39.19,45,60.81
1925,19,25,180,94,52.22,86,47.78
1926,19,26,165,91,55.15,74,44.85
1927,19,27,176,95,53.98,81,46.02
1928,19,28,208,93,44.71,115,55.29
1929,19,29,92,31,33.7,61,66.3
1930,19,30,88,50,56.82,38,43.18
1931,19,31,146,88,60.27,58,39.73
1932,19,32,125,68,54.4,57,45.6
1933,19,33,99,42,42.42,57,57.58
1934,19,34,147,88,59.86,59,40.14
1935,19,35,181,101,55.8,80,44.2
1936,19,36,208,115,55.29,93,44.71
1937,19,37,216,138,63.89,78,36.11
1938,19,38,178,102,57.3,76,42.7
1939,19,39,37,16,43.24,21,56.76
1940,19,40,192,123,64.06,69,35.94
1941,19,41,87,32,36.78,55,63.22
1942,19,42,141,82,58.16,59,41.84
1943,19,43,203,100,49.26,103,50.74
1944,19,44,116,53,45.69,63,54.31
1945,19,45,127,64,50.39,63,49.61
1946,19,46,134,70,52.24,64,47.76
1947,19,47,298,150,50.34,148,49.66
1948,19,48,160,73,45.63,87,54.38
1949,19,49,230,138,60.0,92,40.0
1950,19,50,116,42,36.21,74,63.79
1951,19,51,170,89,52.35,81,47.65
1952,19,52,119,61,51.26,58,48.74
1953,19,53,123,63,51.22,60,48.78
1954,19,54,70,35,50.0,35,50.0
1955,19,55,70,28,40.0,42,60.0
1956,19,56,213,116,54.46,97,45.54
1957,19,57,164,91,55.49,73,44.51
2015,20,15,63,44,69.84,19,30.16
2201,22,1,54,27,50.0,27,50.0
2202,22,2,96,71,73.96,25,26.04
2203,22,3,105,89,84.76,16,15.24
2204,22,4,48,39,81.25,9,18.75
2205,22,5,69,57,82.61,12,17.39
2206,22,6,66,55,83.33,11,16.67
2207,22,7,71,51,71.83,20,28.17
2208,22,8,114,78,68.42,36,31.58
2209,22,9,59,43,72.88,16,27.12
2210,22,10,113,93,82.3,20,17.7
2211,22,11,48,37,77.08,11,22.92
2212,22,12,71,45,63.38,26,36.62
2213,22,13,58,48,82.76,10,17.24
2214,22,14,70,47,67.14,23,32.86
2215,22,15,50,39,78.0,11,22.0
2216,22,16,52,44,84.62,8,15.38
2217,22,17,84,71,84.52,13,15.48
2218,22,18,53,46,86.79,7,13.21
2219,22,19,39,25,64.1,14,35.9
2220,22,20,64,54,84.38,10,15.63
2221,22,21,86,64,74.42,22,25.58
2222,22,22,46,34,73.91,12,26.09
2223,22,23,134,68,50.75,66,49.25
2224,22,24,97,79,81.44,18,18.56
2225,22,25,55,46,83.64,9,16.36
2301,23,1,79,47,59.49,32,40.51
2302,23,2,97,64,65.98,33,34.02
2303,23,3,81,47,58.02,34,41.98
2304,23,4,78,50,64.1,28,35.9
2305,23,5,55,37,67.27,18,32.73
2306,23,6,66,44,66.67,22,33.33
2307,23,7,49,36,73.47,13,26.53
2308,23,8,88,64,72.73,24,27.27
2309,23,9,39,29,74.36,10,25.64
2310,23,10,81,56,69.14,25,30.86
2311,23,11,66,50,75.76,16,24.24
2312,23,12,86,51,59.3,35,40.7
2313,23,13,52,43,82.69,9,17.31
2314,23,14,66,44,66.67,22,33.33
2315,23,15,48,34,70.83,14,29.17
2316,23,16,108,61,56.48,47,43.52
2317,23,17,33,26,78.79,7,21.21
2318,23,18,79,50,63.29,29,36.71
2320,23,20,36,28,77.78,8,22.22
2321,23,21,89,55,61.8,34,38.2
2322,23,22,67,42,62.69,25,37.31
2323,23,23,101,68,67.33,33,32.67
2324,23,24,60,42,70.0,18,30.0
2325,23,25,55,39,70.91,16,29.09
2326,23,26,71,56,78.87,15,21.13
2327,23,27,88,50,56.82,38,43.18
2328,23,28,71,52,73.24,19,26.76
2329,23,29,71,51,71.83,20,28.17
2330,23,30,71,60,84.51,11,15.49
2331,23,31,45,39,86.67,6,13.33
2332,23,32,62,44,70.97,18,29.03
2333,23,33,65,53,81.54,12,18.46
2334,23,34,58,42,72.41,16,27.59
2335,23,35,47,28,59.57,19,40.43
2336,23,36,90,46,51.11,44,48.89
2337,23,37,117,75,64.1,42,35.9
2338,23,38,80,52,65.0,28,35.0
2339,23,39,85,69,81.18,16,18.82
2402,24,2,62,35,56.45,27,43.55
2403,24,3,72,43,59.72,29,40.28
2406,24,6,83,40,48.19,43,51.81
2407,24,7,48,35,72.92,13,27.08
2409,24,9,70,40,57.14,30,42.86
2410,24,10,62,38,61.29,24,38.71
2412,24,12,43,21,48.84,22,51.16
2413,24,13,37,22,59.46,15,40.54
2414,24,14,44,18,40.91,26,59.09
2416,24,16,397,179,45.09,218,54.91
2423,24,23,65,33,50.77,32,49.23
2434,24,34,62,34,54.84,28,45.16
2438,24,38,80,40,50.0,40,50.0
2439,24,39,101,61,60.4,40,39.6
2501,25,1,99,70,70.71,29,29.29
2502,25,2,152,108,71.05,44,28.95
2504,25,4,52,28,53.85,24,46.15
2505,25,5,117,87,74.36,30,25.64
2506,25,6,39,29,74.36,10,25.64
2507,25,7,114,90,78.95,24,21.05
2508,25,8,127,102,80.31,25,19.69
2509,25,9,92,68,73.91,24,26.09
2511,25,11,133,99,74.44,34,25.56
2512,25,12,123,90,73.17,33,26.83
2513,25,13,171,128,74.85,43,25.15
2514,25,14,87,58,66.67,29,33.33
2515,25,15,106,75,70.75,31,29.25
2517,25,17,149,110,73.83,39,26.17
2518,25,18,56,41,73.21,15,26.79
2519,25,19,127,83,65.35,44,34.65
2520,25,20,55,29,52.73,26,47.27
2522,25,22,111,90,81.08,21,18.92
2523,25,23,168,132,78.57,36,21.43
2524,25,24,94,72,76.6,22,23.4
2526,25,26,108,81,75.0,27,25.0
2527,25,27,19,13,68.42,6,31.58
2528,25,28,119,91,76.47,28,23.53
2529,25,29,100,56,56.0,44,44.0
2530,25,30,103,72,69.9,31,30.1
2532,25,32,93,53,56.99,40,43.01
2608,26,8,46,31,67.39,15,32.61
2611,26,11,97,73,75.26,24,24.74
2613,26,13,41,33,80.49,8,19.51
2615,26,15,45,30,66.67,15,33.33
2616,26,16,36,26,72.22,10,27.78
2618,26,18,60,44,73.33,16,26.67
2622,26,22,22,20,90.91,2,9.09
2623,26,23,51,35,68.63,16,31.37
2624,26,24,77,51,66.23,26,33.77
2638,26,38,46,29,63.04,17,36.96
2643,26,43,51,41,80.39,10,19.61
2644,26,44,46,38,82.61,8,17.39
2645,26,45,41,28,68.29,13,31.71
2647,26,47,46,34,73.91,12,26.09
2649,26,49,42,27,64.29,15,35.71
2805,28,5,55,30,54.55,25,45.45
2819,28,19,14,12,85.71,2,14.29
2834,28,34,56,40,71.43,16,28.57
2901,29,1,203,104,51.23,99,48.77
2907,29,7,144,86,59.72,58,40.28
2909,29,9,173,100,57.8,73,42.2
2910,29,10,205,120,58.54,85,41.46
2912,29,12,142,76,53.52,66,46.48
2915,29,15,142,68,47.89,74,52.11
2917,29,17,89,55,61.8,34,38.2
2923,29,23,119,65,54.62,54,45.38
2924,29,24,104,53,50.96,51,49.04
2930,29,30,186,106,56.99,80,43.01
2936,29,36,109,58,53.21,51,46.79
2938,29,38,100,59,59.0,41,41.0
2943,29,43,188,104,55.32,84,44.68
3005,30,5,51,38,74.51,13,25.49
3006,30,6,92,59,64.13,33,35.87
3010,30,10,107,77,71.96,30,28.04
3011,30,11,74,53,71.62,21,28.38
3012,30,12,57,41,71.93,16,28.07
3013,30,13,103,74,71.84,29,28.16
3014,30,14,54,39,72.22,15,27.78
3016,30,16,45,33,73.33,12,26.67
3018,30,18,175,136,77.71,39,22.29
3019,30,19,71,52,73.24,19,26.76
3022,30,22,206,164,79.61,42,20.39
3024,30,24,202,156,77.23,46,22.77
3025,30,25,197,141,71.57,56,28.43
3029,30,29,58,43,74.14,15,25.86
3030,30,30,44,33,75.0,11,25.0
3101,31,1,54,45,83.33,9,16.67
3102,31,2,50,34,68.0,16,32.0
3103,31,3,47,37,78.72,10,21.28
3104,31,4,110,75,68.18,35,31.82
3105,31,5,87,59,67.82,28,32.18
3107,31,7,156,109,69.87,47,30.13
3110,31,10,83,54,65.06,29,34.94
3113,31,13,76,67,88.16,9,11.84
3115,31,15,52,38,73.08,14,26.92
3116,31,16,131,95,72.52,36,27.48
3117,31,17,57,47,82.46,10,17.54
3118,31,18,75,63,84.0,12,16.0
3119,31,19,63,46,73.02,17,26.98
3120,31,20,60,43,71.67,17,28.33
3121,31,21,51,38,74.51,13,25.49
3122,31,22,54,39,72.22,15,27.78
3124,31,24,94,65,69.15,29,30.85
3126,31,26,97,66,68.04,31,31.96
3127,31,27,75,63,84.0,12,16.0
3128,31,28,37,35,94.59,2,5.41
3129,31,29,65,45,69.23,20,30.77
3130,31,30,56,33,58.93,23,41.07
3132,31,32,28,20,71.43,8,28.57
3137,31,37,51,38,74.51,13,25.49
3138,31,38,39,24,61.54,15,38.46
3139,31,39,75,57,76.0,18,24.0
3140,31,40,79,61,77.22,18,22.78
3141,31,41,68,50,73.53,18,26.47
3503,35,3,128,92,71.88,36,28.13
3512,35,12,73,53,72.6,20,27.4
3513,35,13,73,52,71.23,21,28.77
3514,35,14,100,63,63.0,37,37.0
3515,35,15,187,152,81.28,35,18.72
3516,35,16,38,31,81.58,7,18.42
3518,35,18,86,58,67.44,28,32.56
3519,35,19,59,45,76.27,14,23.73
3521,35,21,162,114,70.37,48,29.63
3528,35,28,179,131,73.18,48,26.82
3601,36,1,95,70,73.68,25,26.32
3602,36,2,78,56,71.79,22,28.21
3603,36,3,80,63,78.75,17,21.25
3604,36,4,78,49,62.82,29,37.18
3605,36,5,78,46,58.97,32,41.03
3606,36,6,63,46,73.02,17,26.98
3608,36,8,55,39,70.91,16,29.09
3609,36,9,68,42,61.76,26,38.24
3611,36,11,60,43,71.67,17,28.33
3612,36,12,57,49,85.96,8,14.04
3613,36,13,69,57,82.61,12,17.39
3621,36,21,72,56,77.78,16,22.22
3622,36,22,49,33,67.35,16,32.65
3623,36,23,44,31,70.45,13,29.55
3625,36,25,77,60,77.92,17,22.08
3627,36,27,86,50,58.14,36,41.86
3706,37,6,97,50,51.55,47,48.45
3710,37,10,112,66,58.93,46,41.07
3716,37,16,113,62,54.87,51,45.13
3722,37,22,62,38,61.29,24,38.71
3724,37,24,109,54,49.54,55,50.46
3726,37,26,133,67,50.38,66,49.62
3741,37,41,107,47,43.93,60,56.07
