id,ward,precinct,total,Yes,Yes Percent,No,No Percent
0101,1,1,736,649,88.18,87,11.82
0102,1,2,693,616,88.89,77,11.11
0103,1,3,786,677,86.13,109,13.87
0104,1,4,695,624,89.78,71,10.22
0105,1,5,723,632,87.41,91,12.59
0106,1,6,622,541,86.98,81,13.02
0107,1,7,760,677,89.08,83,10.92
0108,1,8,676,604,89.35,72,10.65
0109,1,9,345,294,85.22,51,14.78
0110,1,10,885,784,88.59,101,11.41
0111,1,11,682,604,88.56,78,11.44
0112,1,12,305,252,82.62,53,17.38
0113,1,13,464,411,88.58,53,11.42
0114,1,14,410,357,87.07,53,12.93
0115,1,15,706,634,89.8,72,10.2
0116,1,16,681,589,86.49,92,13.51
0117,1,17,437,382,87.41,55,12.59
0118,1,18,643,564,87.71,79,12.29
0119,1,19,598,519,86.79,79,13.21
0120,1,20,562,509,90.57,53,9.43
0121,1,21,571,494,86.51,77,13.49
0122,1,22,773,684,88.49,89,11.51
0123,1,23,393,333,84.73,60,15.27
0124,1,24,875,762,87.09,113,12.91
0125,1,25,721,626,86.82,95,13.18
0126,1,26,637,538,84.46,99,15.54
0201,2,1,665,549,82.56,116,17.44
0202,2,2,788,674,85.53,114,14.47
0203,2,3,495,417,84.24,78,15.76
0204,2,4,531,445,83.8,86,16.2
0205,2,5,512,435,84.96,77,15.04
0206,2,6,739,603,81.6,136,18.4
0207,2,7,664,549,82.68,115,17.32
0208,2,8,513,417,81.29,96,18.71
0209,2,9,757,598,79.0,159,21.0
0210,2,10,334,269,80.54,65,19.46
0211,2,11,556,467,83.99,89,16.01
0212,2,12,521,425,81.57,96,18.43
0213,2,13,692,554,80.06,138,19.94
0214,2,14,392,329,83.93,63,16.07
0215,2,15,574,473,82.4,101,17.6
0216,2,16,646,538,83.28,108,16.72
0217,2,17,927,796,85.87,131,14.13
0218,2,18,546,456,83.52,90,16.48
0219,2,19,311,272,87.46,39,12.54
0220,2,20,402,309,76.87,93,23.13
0221,2,21,128,100,78.13,28,21.88
0222,2,22,455,375,82.42,80,17.58
0223,2,23,504,430,85.32,74,14.68
0224,2,24,419,346,82.58,73,17.42
0225,2,25,609,498,81.77,111,18.23
0301,3,1,590,464,78.64,126,21.36
0302,3,2,542,462,85.24,80,14.76
0303,3,3,410,324,79.02,86,20.98
0304,3,4,429,359,83.68,70,16.32
0305,3,5,109,91,83.49,18,16.51
0306,3,6,592,472,79.73,120,20.27
0307,3,7,261,214,81.99,47,18.01
0308,3,8,441,345,78.23,96,21.77
0309,3,9,367,327,89.1,40,10.9
0310,3,10,393,320,81.42,73,18.58
0311,3,11,618,509,82.36,109,17.64
0312,3,12,459,365,79.52,94,20.48
0313,3,13,682,567,83.14,115,16.86
0314,3,14,791,650,82.17,141,17.83
0315,3,15,455,384,84.4,71,15.6
0316,3,16,270,235,87.04,35,12.96
0317,3,17,157,122,77.71,35,22.29
0318,3,18,173,132,76.3,41,23.7
0319,3,19,792,657,82.95,135,17.05
0320,3,20,504,423,83.93,81,16.07
0321,3,21,515,443,86.02,72,13.98
0322,3,22,385,327,84.94,58,15.06
0323,3,23,271,209,77.12,62,22.88
0324,3,24,105,88,83.81,17,16.19
0325,3,25,787,646,82.08,141,17.92
0326,3,26,266,211,79.32,55,20.68
0327,3,27,661,514,77.76,147,22.24
0401,4,1,712,634,89.04,78,10.96
0402,4,2,254,216,85.04,38,14.96
0403,4,3,471,428,90.87,43,9.13
0404,4,4,574,470,81.88,104,18.12
0405,4,5,287,235,81.88,52,18.12
0406,4,6,416,358,86.06,58,13.94
0407,4,7,287,251,87.46,36,12.54
0408,4,8,417,362,86.81,55,13.19
0409,4,9,460,369,80.22,91,19.78
0410,4,10,404,344,85.15,60,14.85
0411,4,11,546,462,84.62,84,15.38
0412,4,12,347,301,86.74,46,13.26
0413,4,13,358,290,81.01,68,18.99
0414,4,14,314,260,82.8,54,17.2
0415,4,15,335,287,85.67,48,14.33
0416,4,16,455,379,83.3,76,16.7
0417,4,17,583,481,82.5,102,17.5
0418,4,18,183,136,74.32,47,25.68
0419,4,19,393,331,84.22,62,15.78
0420,4,20,576,478,82.99,98,17.01
0421,4,21,361,311,86.15,50,13.85
0422,4,22,188,155,82.45,33,17.55
0423,4,23,339,276,81.42,63,18.58
0424,4,24,627,513,81.82,114,18.18
0425,4,25,786,672,85.5,114,14.5
0426,4,26,673,587,87.22,86,12.78
0427,4,27,755,641,84.9,114,15.1
0428,4,28,762,659,86.48,103,13.52
0501,5,1,522,436,83.52,86,16.48
0502,5,2,626,521,83.23,105,16.77
0503,5,3,573,481,83.94,92,16.06
0504,5,4,459,368,80.17,91,19.83
0505,5,5,246,202,82.11,44,17.89
0506,5,6,224,192,85.71,32,14.29
0507,5,7,141,111,78.72,30,21.28
0508,5,8,179,131,73.18,48,26.82
0509,5,9,165,134,81.21,31,18.79
0510,5,10,266,223,83.83,43,16.17
0511,5,11,337,265,78.64,72,21.36
0512,5,12,606,554,91.42,52,8.58
0513,5,13,268,223,83.21,45,16.79
0514,5,14,289,243,84.08,46,15.92
0515,5,15,883,789,89.35,94,10.65
0516,5,16,554,492,88.81,62,11.19
0517,5,17,384,349,90.89,35,9.11
0518,5,18,815,712,87.36,103,12.64
0519,5,19,352,314,89.2,38,10.8
0520,5,20,607,543,89.46,64,10.54
0521,5,21,527,479,90.89,48,9.11
0522,5,22,612,550,89.87,62,10.13
0523,5,23,332,298,89.76,34,10.24
0524,5,24,328,302,92.07,26,7.93
0525,5,25,808,760,94.06,48,5.94
0601,6,1,160,126,78.75,34,21.25
0602,6,2,204,165,80.88,39,19.12
0603,6,3,67,50,74.63,17,25.37
0604,6,4,167,128,76.65,39,23.35
0605,6,5,287,239,83.28,48,16.72
0606,6,6,263,202,76.81,61,23.19
0607,6,7,344,273,79.36,71,20.64
0608,6,8,259,210,81.08,49,18.92
0609,6,9,538,451,83.83,87,16.17
0610,6,10,126,106,84.13,20,15.87
0611,6,11,149,114,76.51,35,23.49
0612,6,12,355,278,78.31,77,21.69
0613,6,13,447,359,80.31,88,19.69
0614,6,14,441,363,82.31,78,17.69
0615,6,15,463,367,79.27,96,20.73
0616,6,16,293,237,80.89,56,19.11
0617,6,17,531,425,80.04,106,19.96
0618,6,18,599,501,83.64,98,16.36
0619,6,19,380,301,79.21,79,20.79
0620,6,20,652,551,84.51,101,15.49
0621,6,21,469,371,79.1,98,20.9
0622,6,22,652,537,82.36,115,17.64
0623,6,23,615,515,83.74,100,16.26
0624,6,24,545,459,84.22,86,15.78
0625,6,25,411,359,87.35,52,12.65
0626,6,26,702,594,84.62,108,15.38
0627,6,27,627,512,81.66,115,18.34
0701,7,1,468,371,79.27,97,20.73
0702,7,2,603,505,83.75,98,16.25
0703,7,3,325,256,78.77,69,21.23
0704,7,4,380,303,79.74,77,20.26
0705,7,5,534,433,81.09,101,18.91
0706,7,6,145,118,81.38,27,18.62
0707,7,7,323,253,78.33,70,21.67
0708,7,8,216,179,82.87,37,17.13
0709,7,9,361,275,76.18,86,23.82
0710,7,10,510,430,84.31,80,15.69
0711,7,11,424,348,82.08,76,17.92
0712,7,12,525,434,82.67,91,17.33
0713,7,13,358,281,78.49,77,21.51
0714,7,14,316,261,82.59,55,17.41
0715,7,15,473,386,81.61,87,18.39
0716,7,16,165,134,81.21,31,18.79
0717,7,17,130,102,78.46,28,21.54
0718,7,18,62,58,93.55,4,6.45
0719,7,19,608,513,84.38,95,15.63
0720,7,20,341,281,82.4,60,17.6
0721,7,21,259,215,83.01,44,16.99
0722,7,22,299,259,86.62,40,13.38
0723,7,23,214,176,82.24,38,17.76
0724,7,24,61,41,67.21,20,32.79
0725,7,25,329,274,83.28,55,16.72
0726,7,26,469,390,83.16,79,16.84
0727,7,27,273,228,83.52,45,16.48
0728,7,28,182,148,81.32,34,18.68
0729,7,29,262,211,80.53,51,19.47
0730,7,30,248,197,79.44,51,20.56
0731,7,31,110,91,82.73,19,17.27
0801,8,1,498,407,81.73,91,18.27
0802,8,2,243,197,81.07,46,18.93
0803,8,3,196,170,86.73,26,13.27
0804,8,4,460,370,80.43,90,19.57
0805,8,5,320,278,86.88,42,13.13
0806,8,6,573,477,83.25,96,16.75
0807,8,7,327,281,85.93,46,14.07
0808,8,8,695,600,86.33,95,13.67
0809,8,9,436,355,81.42,81,18.58
0810,8,10,511,399,78.08,112,21.92
0811,8,11,412,343,83.25,69,16.75
0812,8,12,467,411,88.01,56,11.99
0813,8,13,453,397,87.64,56,12.36
0814,8,14,497,437,87.93,60,12.07
0815,8,15,379,319,84.17,60,15.83
0816,8,16,360,297,82.5,63,17.5
0817,8,17,583,504,86.45,79,13.55
0818,8,18,752,661,87.9,91,12.1
0819,8,19,615,504,81.95,111,18.05
0820,8,20,271,215,79.34,56,20.66
0821,8,21,236,191,80.93,45,19.07
0822,8,22,223,190,85.2,33,14.8
0823,8,23,582,482,82.82,100,17.18
0824,8,24,419,358,85.44,61,14.56
0825,8,25,169,141,83.43,28,16.57
0826,8,26,338,269,79.59,69,20.41
0827,8,27,457,386,84.46,71,15.54
0828,8,28,311,239,76.85,72,23.15
0829,8,29,304,260,85.53,44,14.47
0830,8,30,396,321,81.06,75,18.94
0901,9,1,492,391,79.47,101,20.53
0902,9,2,333,254,76.28,79,23.72
0903,9,3,164,123,75.0,41,25.0
0904,9,4,357,295,82.63,62,17.37
0905,9,5,356,294,82.58,62,17.42
0906,9,6,606,505,83.33,101,16.67
0907,9,7,459,364,79.3,95,20.7
0908,9,8,468,384,82.05,84,17.95
0909,9,9,283,225,79.51,58,20.49
0910,9,10,589,495,84.04,94,15.96
0911,9,11,196,154,78.57,42,21.43
0912,9,12,529,445,84.12,84,15.88
0913,9,13,509,423,83.1,86,16.9
0914,9,14,282,243,86.17,39,13.83
0915,9,15,398,325,81.66,73,18.34
0916,9,16,522,418,80.08,104,19.92
0917,9,17,169,142,84.02,27,15.98
0918,9,18,276,223,80.8,53,19.2
0919,9,19,236,195,82.63,41,17.37
0920,9,20,414,322,77.78,92,22.22
0921,9,21,477,406,85.12,71,14.88
0922,9,22,322,272,84.47,50,15.53
0923,9,23,273,226,82.78,47,17.22
0924,9,24,403,332,82.38,71,17.62
0925,9,25,320,269,84.06,51,15.94
0926,9,26,433,365,84.3,68,15.7
0927,9,27,248,193,77.82,55,22.18
0928,9,28,205,160,78.05,45,21.95
0929,9,29,596,490,82.21,106,17.79
0930,9,30,475,387,81.47,88,18.53
1001,10,1,132,109,82.58,23,17.42
1002,10,2,148,112,75.68,36,24.32
1003,10,3,257,191,74.32,66,25.68
1004,10,4,290,222,76.55,68,23.45
1005,10,5,114,81,71.05,33,28.95
1006,10,6,146,116,79.45,30,20.55
1007,10,7,273,193,70.7,80,29.3
1008,10,8,256,187,73.05,69,26.95
1009,10,9,293,220,75.09,73,24.91
1010,10,10,312,231,74.04,81,25.96
1011,10,11,111,81,72.97,30,27.03
1012,10,12,286,224,78.32,62,21.68
1013,10,13,318,241,75.79,77,24.21
1014,10,14,415,288,69.4,127,30.6
1015,10,15,368,270,73.37,98,26.63
1016,10,16,442,300,67.87,142,32.13
1017,10,17,398,273,68.59,125,31.41
1018,10,18,480,295,61.46,185,38.54
1019,10,19,287,189,65.85,98,34.15
1020,10,20,192,134,69.79,58,30.21
1021,10,21,239,151,63.18,88,36.82
1022,10,22,415,261,62.89,154,37.11
1023,10,23,290,213,73.45,77,26.55
1024,10,24,130,94,72.31,36,27.69
1025,10,25,211,156,73.93,55,26.07
1101,11,1,148,119,80.41,29,19.59
1102,11,2,76,63,82.89,13,17.11
1103,11,3,406,301,74.14,105,25.86
1104,11,4,314,227,72.29,87,27.71
1105,11,5,336,247,73.51,89,26.49
1106,11,6,426,316,74.18,110,25.82
1107,11,7,219,169,77.17,50,22.83
1108,11,8,376,248,65.96,128,34.04
1109,11,9,413,294,71.19,119,28.81
1110,11,10,75,46,61.33,29,38.67
1111,11,11,62,51,82.26,11,17.74
1112,11,12,127,90,70.87,37,29.13
1113,11,13,369,266,72.09,103,27.91
1114,11,14,703,527,74.96,176,25.04
1115,11,15,516,406,78.68,110,21.32
1116,11,16,619,483,78.03,136,21.97
1117,11,17,282,209,74.11,73,25.89
1118,11,18,389,295,75.84,94,24.16
1119,11,19,130,87,66.92,43,33.08
1120,11,20,384,294,76.56,90,23.44
1121,11,21,654,485,74.16,169,25.84
1122,11,22,429,295,68.76,134,31.24
1123,11,23,458,322,70.31,136,29.69
1201,12,1,235,171,72.77,64,27.23
1202,12,2,171,129,75.44,42,24.56
1203,12,3,331,255,77.04,76,22.96
1204,12,4,272,200,73.53,72,26.47
1205,12,5,271,195,71.96,76,28.04
1206,12,6,233,172,73.82,61,26.18
1207,12,7,244,168,68.85,76,31.15
1208,12,8,232,180,77.59,52,22.41
1209,12,9,131,92,70.23,39,29.77
1210,12,10,268,187,69.78,81,30.22
1211,12,11,201,150,74.63,51,25.37
1212,12,12,175,116,66.29,59,33.71
1213,12,13,189,143,75.66,46,24.34
1214,12,14,114,84,73.68,30,26.32
1215,12,15,234,172,73.5,62,26.5
1216,12,16,271,196,72.32,75,27.68
1217,12,17,223,169,75.78,54,24.22
1218,12,18,244,188,77.05,56,22.95
1219,12,19,149,110,73.83,39,26.17
1220,12,20,202,160,79.21,42,20.79
1221,12,21,203,145,71.43,58,28.57
1222,12,22,195,141,72.31,54,27.69
1301,13,1,219,170,77.63,49,22.37
1302,13,2,274,185,67.52,89,32.48
1303,13,3,378,190,50.26,188,49.74
1304,13,4,297,221,74.41,76,25.59
1305,13,5,268,172,64.18,96,35.82
1306,13,6,281,169,60.14,112,39.86
1307,13,7,223,137,61.43,86,38.57
1308,13,8,338,227,67.16,111,32.84
1309,13,9,398,235,59.05,163,40.95
1310,13,10,383,225,58.75,158,41.25
1311,13,11,217,132,60.83,85,39.17
1312,13,12,204,141,69.12,63,30.88
1313,13,13,272,163,59.93,109,40.07
1314,13,14,242,139,57.44,103,42.56
1315,13,15,195,114,58.46,81,41.54
1316,13,16,309,212,68.61,97,31.39
1317,13,17,329,243,73.86,86,26.14
1318,13,18,227,161,70.93,66,29.07
1319,13,19,217,113,52.07,104,47.93
1320,13,20,325,191,58.77,134,41.23
1321,13,21,278,170,61.15,108,38.85
1322,13,22,345,256,74.2,89,25.8
1323,13,23,358,182,50.84,176,49.16
1324,13,24,267,186,69.66,81,30.34
1325,13,25,257,179,69.65,78,30.35
1326,13,26,208,150,72.12,58,27.88
1327,13,27,177,136,76.84,41,23.16
1328,13,28,220,145,65.91,75,34.09
1329,13,29,212,157,74.06,55,25.94
1330,13,30,328,183,55.79,145,44.21
1331,13,31,228,125,54.82,103,45.18
1332,13,32,232,144,62.07,88,37.93
1333,13,33,281,177,62.99,104,37.01
1334,13,34,350,201,57.43,149,42.57
1335,13,35,415,269,64.82,146,35.18
1336,13,36,170,132,77.65,38,22.35
1337,13,37,351,191,54.42,160,45.58
1338,13,38,191,130,68.06,61,31.94
1339,13,39,342,210,61.4,132,38.6
1340,13,40,278,163,58.63,115,41.37
1401,14,1,372,275,73.92,97,26.08
1402,14,2,262,192,73.28,70,26.72
1403,14,3,176,129,73.3,47,26.7
1404,14,4,86,62,72.09,24,27.91
1405,14,5,294,225,76.53,69,23.47
1406,14,6,375,272,72.53,103,27.47
1407,14,7,332,233,70.18,99,29.82
1408,14,8,349,255,73.07,94,26.93
1409,14,9,369,268,72.63,101,27.37
1410,14,10,321,225,70.09,96,29.91
1411,14,11,381,278,72.97,103,27.03
1412,14,12,246,177,71.95,69,28.05
1413,14,13,400,300,75.0,100,25.0
1414,14,14,208,151,72.6,57,27.4
1415,14,15,214,159,74.3,55,25.7
1501,15,1,243,157,64.61,86,35.39
1502,15,2,354,233,65.82,121,34.18
1503,15,3,127,89,70.08,38,29.92
1504,15,4,156,113,72.44,43,27.56
1505,15,5,101,70,69.31,31,30.69
1506,15,6,233,162,69.53,71,30.47
1507,15,7,179,116,64.8,63,35.2
1508,15,8,197,143,72.59,54,27.41
1509,15,9,227,169,74.45,58,25.55
1510,15,10,181,139,76.8,42,23.2
1511,15,11,183,126,68.85,57,31.15
1512,15,12,237,182,76.79,55,23.21
1513,15,13,181,132,72.93,49,27.07
1514,15,14,189,141,74.6,48,25.4
1515,15,15,192,148,77.08,44,22.92
1516,15,16,296,225,76.01,71,23.99
1517,15,17,327,254,77.68,73,22.32
1518,15,18,228,181,79.39,47,20.61
1519,15,19,142,111,78.17,31,21.83
1520,15,20,212,154,72.64,58,27.36
1601,16,1,295,225,76.27,70,23.73
1602,16,2,185,138,74.59,47,25.41
1603,16,3,238,185,77.73,53,22.27
1604,16,4,151,122,80.79,29,19.21
1605,16,5,331,262,79.15,69,20.85
1606,16,6,305,236,77.38,69,22.62
1607,16,7,184,144,78.26,40,21.74
1608,16,8,134,106,79.1,28,20.9
1609,16,9,306,244,79.74,62,20.26
1610,16,10,229,180,78.6,49,21.4
1611,16,11,198,153,77.27,45,22.73
1612,16,12,79,62,78.48,17,21.52
1613,16,13,125,103,82.4,22,17.6
1614,16,14,317,248,78.23,69,21.77
1615,16,15,255,187,73.33,68,26.67
1616,16,16,194,143,73.71,51,26.29
1617,16,17,370,293,79.19,77,20.81
1618,16,18,349,260,74.5,89,25.5
1619,16,19,263,200,76.05,63,23.95
1620,16,20,259,202,77.99,57,22.01
1621,16,21,171,128,74.85,43,25.15
1622,16,22,273,204,74.73,69,25.27
1623,16,23,189,136,71.96,53,28.04
1624,16,24,219,177,80.82,42,19.18
1625,16,25,103,83,80.58,20,19.42
1701,17,1,354,272,76.84,82,23.16
1702,17,2,219,166,75.8,53,24.2
1703,17,3,258,208,80.62,50,19.38
1704,17,4,265,208,78.49,57,21.51
1705,17,5,172,133,77.33,39,22.67
1706,17,6,248,201,81.05,47,18.95
1707,17,7,146,112,76.71,34,23.29
1708,17,8,206,170,82.52,36,17.48
1709,17,9,201,155,77.11,46,22.89
1710,17,10,381,294,77.17,87,22.83
1711,17,11,238,177,74.37,61,25.63
1712,17,12,152,123,80.92,29,19.08
1713,17,13,159,128,80.5,31,19.5
1714,17,14,171,144,84.21,27,15.79
1715,17,15,490,389,79.39,101,20.61
1716,17,16,215,162,75.35,53,24.65
1717,17,17,190,161,84.74,29,15.26
1718,17,18,560,459,81.96,101,18.04
1719,17,19,373,300,80.43,73,19.57
1720,17,20,384,316,82.29,68,17.71
1721,17,21,420,347,82.62,73,17.38
1722,17,22,422,321,76.07,101,23.93
1723,17,23,278,212,76.26,66,23.74
1724,17,24,448,373,83.26,75,16.74
1725,17,25,199,156,78.39,43,21.61
1726,17,26,390,334,85.64,56,14.36
1727,17,27,461,375,81.34,86,18.66
1728,17,28,540,431,79.81,109,20.19
1729,17,29,485,400,82.47,85,17.53
1801,18,1,575,459,79.83,116,20.17
1802,18,2,623,517,82.99,106,17.01
1803,18,3,258,210,81.4,48,18.6
1804,18,4,445,368,82.7,77,17.3
1805,18,5,363,311,85.67,52,14.33
1806,18,6,572,490,85.66,82,14.34
1807,18,7,499,411,82.36,88,17.64
1808,18,8,756,606,80.16,150,19.84
1809,18,9,595,497,83.53,98,16.47
1810,18,10,681,546,80.18,135,19.82
1811,18,11,377,321,85.15,56,14.85
1812,18,12,605,506,83.64,99,16.36
1813,18,13,507,413,81.46,94,18.54
1814,18,14,382,315,82.46,67,17.54
1815,18,15,286,231,80.77,55,19.23
1816,18,16,443,362,81.72,81,18.28
1817,18,17,328,225,68.6,103,31.4
1818,18,18,407,307,75.43,100,24.57
1819,18,19,360,281,78.06,79,21.94
1820,18,20,333,259,77.78,74,22.22
1821,18,21,461,377,81.78,84,18.22
1822,18,22,442,305,69.0,137,31.0
1823,18,23,516,343,66.47,173,33.53
1824,18,24,559,391,69.95,168,30.05
1825,18,25,302,214,70.86,88,29.14
1826,18,26,523,360,68.83,163,31.17
1901,19,1,721,467,64.77,254,35.23
1902,19,2,663,534,80.54,129,19.46
1903,19,3,488,224,45.9,264,54.1
1904,19,4,479,239,49.9,240,50.1
1905,19,5,554,453,81.77,101,18.23
1906,19,6,517,250,48.36,267,51.64
1907,19,7,692,403,58.24,289,41.76
1908,19,8,492,402,81.71,90,18.29
1909,19,9,459,368,80.17,91,19.83
1910,19,10,518,426,82.24,92,17.76
1911,19,11,441,221,50.11,220,49.89
1912,19,12,673,333,49.48,340,50.52
1913,19,13,463,385,83.15,78,16.85
1914,19,14,607,496,81.71,111,18.29
1915,19,15,400,179,44.75,221,55.25
1916,19,16,487,234,48.05,253,51.95
1917,19,17,466,280,60.09,186,39.91
1918,19,18,449,206,45.88,243,54.12
1919,19,19,548,445,81.2,103,18.8
1920,19,20,430,356,82.79,74,17.21
1921,19,21,690,338,48.99,352,51.01
1922,19,22,472,354,75.0,118,25.0
1923,19,23,487,298,61.19,189,38.81
1924,19,24,495,221,44.65,274,55.35
1925,19,25,465,385,82.8,80,17.2
1926,19,26,437,321,73.46,116,26.54
1927,19,27,685,532,77.66,153,22.34
1928,19,28,850,676,79.53,174,20.47
1929,19,29,603,307,50.91,296,49.09
1930,19,30,493,217,44.02,276,55.98
1931,19,31,752,568,75.53,184,24.47
1932,19,32,449,362,80.62,87,19.38
1933,19,33,356,164,46.07,192,53.93
1934,19,34,792,519,65.53,273,34.47
1935,19,35,551,429,77.86,122,22.14
1936,19,36,445,333,74.83,112,25.17
2001,20,1,210,150,71.43,60,28.57
2002,20,2,129,102,79.07,27,20.93
2003,20,3,139,105,75.54,34,24.46
2004,20,4,108,87,80.56,21,19.44
2005,20,5,198,154,77.78,44,22.22
2006,20,6,131,105,80.15,26,19.85
2007,20,7,158,129,81.65,29,18.35
2008,20,8,199,146,73.37,53,26.63
2009,20,9,387,312,80.62,75,19.38
2010,20,10,427,352,82.44,75,17.56
2011,20,11,343,253,73.76,90,26.24
2012,20,12,73,50,68.49,23,31.51
2013,20,13,614,521,84.85,93,15.15
2014,20,14,386,322,83.42,64,16.58
2015,20,15,339,254,74.93,85,25.07
2016,20,16,390,328,84.1,62,15.9
2017,20,17,468,379,80.98,89,19.02
2018,20,18,557,474,85.1,83,14.9
2019,20,19,317,270,85.17,47,14.83
2020,20,20,358,295,82.4,63,17.6
2021,20,21,519,408,78.61,111,21.39
2022,20,22,462,376,81.39,86,18.61
2023,20,23,153,122,79.74,31,20.26
2101,21,1,556,467,83.99,89,16.01
2102,21,2,170,144,84.71,26,15.29
2103,21,3,584,487,83.39,97,16.61
2104,21,4,492,408,82.93,84,17.07
2105,21,5,519,424,81.7,95,18.3
2106,21,6,444,363,81.76,81,18.24
2107,21,7,626,502,80.19,124,19.81
2108,21,8,467,387,82.87,80,17.13
2109,21,9,169,139,82.25,30,17.75
2110,21,10,566,466,82.33,100,17.67
2111,21,11,574,489,85.19,85,14.81
2112,21,12,253,209,82.61,44,17.39
2113,21,13,422,340,80.57,82,19.43
2114,21,14,633,532,84.04,101,15.96
2115,21,15,628,515,82.01,113,17.99
2116,21,16,556,456,82.01,100,17.99
2117,21,17,397,341,85.89,56,14.11
2118,21,18,593,491,82.8,102,17.2
2119,21,19,475,400,84.21,75,15.79
2120,21,20,324,256,79.01,68,20.99
2121,21,21,583,465,79.76,118,20.24
2122,21,22,617,502,81.36,115,18.64
2123,21,23,444,345,77.7,99,22.3
2124,21,24,431,354,82.13,77,17.87
2125,21,25,356,278,78.09,78,21.91
2126,21,26,393,322,81.93,71,18.07
2127,21,27,565,448,79.29,117,20.71
2128,21,28,503,397,78.93,106,21.07
2129,21,29,531,428,80.6,103,19.4
2201,22,1,179,144,80.45,35,19.55
2202,22,2,111,83,74.77,28,25.23
2203,22,3,226,173,76.55,53,23.45
2204,22,4,129,99,76.74,30,23.26
2205,22,5,361,273,75.62,88,24.38
2206,22,6,190,151,79.47,39,20.53
2207,22,7,201,134,66.67,67,33.33
2208,22,8,224,159,70.98,65,29.02
2209,22,9,187,145,77.54,42,22.46
2210,22,10,252,197,78.17,55,21.83
2211,22,11,310,239,77.1,71,22.9
2212,22,12,197,142,72.08,55,27.92
2213,22,13,255,209,81.96,46,18.04
2214,22,14,195,150,76.92,45,23.08
2215,22,15,125,92,73.6,33,26.4
2216,22,16,286,196,68.53,90,31.47
2217,22,17,122,92,75.41,30,24.59
2218,22,18,239,197,82.43,42,17.57
2219,22,19,401,282,70.32,119,29.68
2301,23,1,241,135,56.02,106,43.98
2302,23,2,407,206,50.61,201,49.39
2303,23,3,263,136,51.71,127,48.29
2304,23,4,210,102,48.57,108,51.43
2305,23,5,355,187,52.68,168,47.32
2306,23,6,196,84,42.86,112,57.14
2307,23,7,259,148,57.14,111,42.86
2308,23,8,245,145,59.18,100,40.82
2309,23,9,399,245,61.4,154,38.6
2310,23,10,437,278,63.62,159,36.38
2311,23,11,185,129,69.73,56,30.27
2312,23,12,259,179,69.11,80,30.89
2313,23,13,421,307,72.92,114,27.08
2314,23,14,313,221,70.61,92,29.39
2315,23,15,354,251,70.9,103,29.1
2316,23,16,185,137,74.05,48,25.95
2317,23,17,250,201,80.4,49,19.6
2318,23,18,213,147,69.01,66,30.99
2319,23,19,184,130,70.65,54,29.35
2320,23,20,171,126,73.68,45,26.32
2321,23,21,160,127,79.38,33,20.63
2322,23,22,168,133,79.17,35,20.83
2323,23,23,165,127,76.97,38,23.03
2324,23,24,153,114,74.51,39,25.49
2325,23,25,136,104,76.47,32,23.53
2326,23,26,116,88,75.86,28,24.14
2327,23,27,137,102,74.45,35,25.55
2328,23,28,217,163,75.12,54,24.88
2329,23,29,290,198,68.28,92,31.72
2330,23,30,168,127,75.6,41,24.4
2331,23,31,192,153,79.69,39,20.31
2332,23,32,176,140,79.55,36,20.45
2333,23,33,378,272,71.96,106,28.04
2401,24,1,145,115,79.31,30,20.69
2402,24,2,150,119,79.33,31,20.67
2403,24,3,339,263,77.58,76,22.42
2404,24,4,278,211,75.9,67,24.1
2405,24,5,447,357,79.87,90,20.13
2406,24,6,296,223,75.34,73,24.66
2407,24,7,148,123,83.11,25,16.89
2408,24,8,193,147,76.17,46,23.83
2409,24,9,363,279,76.86,84,23.14
2410,24,10,277,226,81.59,51,18.41
2411,24,11,322,262,81.37,60,18.63
2412,24,12,380,303,79.74,77,20.26
2413,24,13,345,276,80.0,69,20.0
2414,24,14,249,205,82.33,44,17.67
2415,24,15,313,246,78.59,67,21.41
2416,24,16,430,333,77.44,97,22.56
2417,24,17,257,190,73.93,67,26.07
2418,24,18,404,322,79.7,82,20.3
2419,24,19,978,633,64.72,345,35.28
2501,25,1,285,203,71.23,82,28.77
2502,25,2,209,147,70.33,62,29.67
2503,25,3,292,227,77.74,65,22.26
2504,25,4,345,247,71.59,98,28.41
2505,25,5,422,348,82.46,74,17.54
2506,25,6,472,356,75.42,116,24.58
2507,25,7,448,351,78.35,97,21.65
2508,25,8,433,343,79.21,90,20.79
2509,25,9,467,361,77.3,106,22.7
2510,25,10,513,401,78.17,112,21.83
2511,25,11,455,379,83.3,76,16.7
2512,25,12,416,343,82.45,73,17.55
2513,25,13,605,469,77.52,136,22.48
2514,25,14,584,465,79.62,119,20.38
2515,25,15,474,381,80.38,93,19.62
2516,25,16,584,478,81.85,106,18.15
2517,25,17,255,213,83.53,42,16.47
2601,26,1,178,138,77.53,40,22.47
2602,26,2,248,201,81.05,47,18.95
2603,26,3,435,387,88.97,48,11.03
2604,26,4,243,184,75.72,59,24.28
2605,26,5,335,283,84.48,52,15.52
2606,26,6,210,168,80.0,42,20.0
2607,26,7,309,253,81.88,56,18.12
2608,26,8,225,184,81.78,41,18.22
2609,26,9,225,169,75.11,56,24.89
2610,26,10,263,210,79.85,53,20.15
2611,26,11,246,203,82.52,43,17.48
2612,26,12,97,82,84.54,15,15.46
2613,26,13,198,163,82.32,35,17.68
2614,26,14,145,111,76.55,34,23.45
2615,26,15,169,117,69.23,52,30.77
2616,26,16,398,332,83.42,66,16.58
2617,26,17,357,313,87.68,44,12.32
2618,26,18,166,121,72.89,45,27.11
2619,26,19,407,366,89.93,41,10.07
2620,26,20,436,370,84.86,66,15.14
2621,26,21,191,145,75.92,46,24.08
2622,26,22,150,98,65.33,52,34.67
2623,26,23,342,282,82.46,60,17.54
2624,26,24,166,134,80.72,32,19.28
2625,26,25,370,320,86.49,50,13.51
2626,26,26,386,328,84.97,58,15.03
2627,26,27,463,385,83.15,78,16.85
2628,26,28,407,364,89.43,43,10.57
2629,26,29,401,323,80.55,78,19.45
2630,26,30,230,206,89.57,24,10.43
2631,26,31,234,181,77.35,53,22.65
2632,26,32,333,275,82.58,58,17.42
2701,27,1,450,370,82.22,80,17.78
2702,27,2,593,485,81.79,108,18.21
2703,27,3,254,215,84.65,39,15.35
2704,27,4,411,346,84.18,65,15.82
2705,27,5,249,189,75.9,60,24.1
2706,27,6,524,422,80.53,102,19.47
2707,27,7,668,558,83.53,110,16.47
2708,27,8,161,128,79.5,33,20.5
2709,27,9,465,376,80.86,89,19.14
2710,27,10,264,212,80.3,52,19.7
2711,27,11,503,413,82.11,90,17.89
2712,27,12,368,294,79.89,74,20.11
2713,27,13,396,319,80.56,77,19.44
2714,27,14,309,255,82.52,54,17.48
2715,27,15,409,330,80.68,79,19.32
2716,27,16,577,480,83.19,97,16.81
2717,27,17,212,174,82.08,38,17.92
2718,27,18,487,395,81.11,92,18.89
2719,27,19,149,115,77.18,34,22.82
2720,27,20,263,201,76.43,62,23.57
2721,27,21,205,173,84.39,32,15.61
2722,27,22,287,238,82.93,49,17.07
2723,27,23,255,210,82.35,45,17.65
2724,27,24,141,121,85.82,20,14.18
2725,27,25,374,304,81.28,70,18.72
2726,27,26,426,353,82.86,73,17.14
2727,27,27,303,231,76.24,72,23.76
2728,27,28,355,286,80.56,69,19.44
2729,27,29,704,583,82.81,121,17.19
2801,28,1,226,175,77.43,51,22.57
2802,28,2,232,193,83.19,39,16.81
2803,28,3,71,60,84.51,11,15.49
2804,28,4,186,144,77.42,42,22.58
2805,28,5,170,135,79.41,35,20.59
2806,28,6,329,262,79.64,67,20.36
2807,28,7,149,126,84.56,23,15.44
2808,28,8,287,230,80.14,57,19.86
2809,28,9,155,122,78.71,33,21.29
2810,28,10,110,79,71.82,31,28.18
2811,28,11,468,366,78.21,102,21.79
2812,28,12,600,474,79.0,126,21.0
2813,28,13,461,384,83.3,77,16.7
2814,28,14,363,288,79.34,75,20.66
2815,28,15,215,172,80.0,43,20.0
2816,28,16,457,347,75.93,110,24.07
2817,28,17,243,187,76.95,56,23.05
2818,28,18,286,228,79.72,58,20.28
2819,28,19,295,255,86.44,40,13.56
2820,28,20,234,173,73.93,61,26.07
2821,28,21,247,197,79.76,50,20.24
2822,28,22,209,162,77.51,47,22.49
2823,28,23,284,233,82.04,51,17.96
2824,28,24,233,192,82.4,41,17.6
2825,28,25,417,350,83.93,67,16.07
2826,28,26,149,121,81.21,28,18.79
2901,29,1,482,312,64.73,170,35.27
2902,29,2,388,265,68.3,123,31.7
2903,29,3,340,240,70.59,100,29.41
2904,29,4,364,241,66.21,123,33.79
2905,29,5,376,290,77.13,86,22.87
2906,29,6,307,235,76.55,72,23.45
2907,29,7,588,457,77.72,131,22.28
2908,29,8,743,603,81.16,140,18.84
2909,29,9,333,274,82.28,59,17.72
2910,29,10,480,404,84.17,76,15.83
2911,29,11,393,298,75.83,95,24.17
2912,29,12,490,401,81.84,89,18.16
2913,29,13,493,404,81.95,89,18.05
2914,29,14,405,314,77.53,91,22.47
2915,29,15,399,299,74.94,100,25.06
2916,29,16,456,379,83.11,77,16.89
2917,29,17,284,238,83.8,46,16.2
2918,29,18,416,329,79.09,87,20.91
2919,29,19,484,382,78.93,102,21.07
2920,29,20,276,225,81.52,51,18.48
2921,29,21,323,245,75.85,78,24.15
2922,29,22,444,360,81.08,84,18.92
2923,29,23,429,357,83.22,72,16.78
2924,29,24,350,284,81.14,66,18.86
3001,30,1,453,318,70.2,135,29.8
3002,30,2,322,219,68.01,103,31.99
3003,30,3,434,369,85.02,65,14.98
3004,30,4,330,237,71.82,93,28.18
3005,30,5,343,249,72.59,94,27.41
3006,30,6,422,351,83.18,71,16.82
3007,30,7,293,234,79.86,59,20.14
3008,30,8,496,410,82.66,86,17.34
3009,30,9,429,327,76.22,102,23.78
3010,30,10,342,271,79.24,71,20.76
3011,30,11,306,219,71.57,87,28.43
3012,30,12,403,290,71.96,113,28.04
3013,30,13,320,221,69.06,99,30.94
3014,30,14,370,273,73.78,97,26.22
3015,30,15,541,444,82.07,97,17.93
3016,30,16,299,214,71.57,85,28.43
3017,30,17,398,311,78.14,87,21.86
3018,30,18,349,283,81.09,66,18.91
3019,30,19,221,175,79.19,46,20.81
3020,30,20,289,217,75.09,72,24.91
3021,30,21,477,348,72.96,129,27.04
3022,30,22,454,382,84.14,72,15.86
3023,30,23,497,404,81.29,93,18.71
3024,30,24,409,310,75.79,99,24.21
3025,30,25,262,191,72.9,71,27.1
3026,30,26,517,416,80.46,101,19.54
3101,31,1,280,205,73.21,75,26.79
3102,31,2,454,378,83.26,76,16.74
3103,31,3,252,192,76.19,60,23.81
3104,31,4,317,264,83.28,53,16.72
3105,31,5,283,213,75.27,70,24.73
3106,31,6,227,171,75.33,56,24.67
3107,31,7,282,227,80.5,55,19.5
3108,31,8,375,295,78.67,80,21.33
3109,31,9,248,169,68.15,79,31.85
3110,31,10,399,338,84.71,61,15.29
3111,31,11,374,290,77.54,84,22.46
3112,31,12,451,348,77.16,103,22.84
3113,31,13,328,259,78.96,69,21.04
3114,31,14,311,221,71.06,90,28.94
3115,31,15,139,106,76.26,33,23.74
3116,31,16,202,138,68.32,64,31.68
3117,31,17,264,190,71.97,74,28.03
3118,31,18,214,165,77.1,49,22.9
3119,31,19,279,218,78.14,61,21.86
3120,31,20,274,193,70.44,81,29.56
3121,31,21,273,206,75.46,67,24.54
3122,31,22,120,91,75.83,29,24.17
3123,31,23,162,106,65.43,56,34.57
3201,32,1,1020,896,87.84,124,12.16
3202,32,2,788,690,87.56,98,12.44
3203,32,3,549,469,85.43,80,14.57
3204,32,4,559,488,87.3,71,12.7
3205,32,5,436,375,86.01,61,13.99
3206,32,6,258,220,85.27,38,14.73
3207,32,7,576,479,83.16,97,16.84
3208,32,8,415,355,85.54,60,14.46
3209,32,9,406,342,84.24,64,15.76
3210,32,10,728,626,85.99,102,14.01
3211,32,11,466,390,83.69,76,16.31
3212,32,12,277,224,80.87,53,19.13
3213,32,13,190,148,77.89,42,22.11
3214,32,14,844,721,85.43,123,14.57
3215,32,15,814,693,85.14,121,14.86
3216,32,16,402,348,86.57,54,13.43
3217,32,17,765,617,80.65,148,19.35
3218,32,18,293,239,81.57,54,18.43
3219,32,19,355,302,85.07,53,14.93
3220,32,20,772,643,83.29,129,16.71
3221,32,21,775,670,86.45,105,13.55
3222,32,22,757,655,86.53,102,13.47
3223,32,23,514,435,84.63,79,15.37
3224,32,24,268,220,82.09,48,17.91
3225,32,25,558,476,85.3,82,14.7
3226,32,26,741,647,87.31,94,12.69
3227,32,27,733,653,89.09,80,10.91
3228,32,28,214,178,83.18,36,16.82
3229,32,29,578,503,87.02,75,12.98
3230,32,30,728,638,87.64,90,12.36
3301,33,1,784,652,83.16,132,16.84
3302,33,2,837,718,85.78,119,14.22
3303,33,3,593,490,82.63,103,17.37
3304,33,4,808,667,82.55,141,17.45
3305,33,5,658,536,81.46,122,18.54
3306,33,6,715,604,84.48,111,15.52
3307,33,7,663,558,84.16,105,15.84
3308,33,8,478,402,84.1,76,15.9
3309,33,9,480,375,78.13,105,21.88
3310,33,10,499,427,85.57,72,14.43
3311,33,11,408,350,85.78,58,14.22
3312,33,12,608,510,83.88,98,16.12
3313,33,13,537,449,83.61,88,16.39
3314,33,14,734,648,88.28,86,11.72
3315,33,15,529,456,86.2,73,13.8
3316,33,16,687,619,90.1,68,9.9
3317,33,17,643,543,84.45,100,15.55
3401,34,1,512,412,80.47,100,19.53
3402,34,2,319,257,80.56,62,19.44
3403,34,3,705,599,84.96,106,15.04
3404,34,4,411,335,81.51,76,18.49
3405,34,5,695,586,84.32,109,15.68
3406,34,6,490,417,85.1,73,14.9
3407,34,7,226,194,85.84,32,14.16
3408,34,8,386,310,80.31,76,19.69
3409,34,9,724,593,81.91,131,18.09
3410,34,10,288,248,86.11,40,13.89
3411,34,11,483,397,82.19,86,17.81
3412,34,12,492,423,85.98,69,14.02
3413,34,13,611,515,84.29,96,15.71
3414,34,14,579,468,80.83,111,19.17
3415,34,15,455,375,82.42,80,17.58
3416,34,16,747,636,85.14,111,14.86
3417,34,17,654,559,85.47,95,14.53
3418,34,18,615,522,84.88,93,15.12
3419,34,19,478,397,83.05,81,16.95
3420,34,20,621,526,84.7,95,15.3
3501,35,1,175,138,78.86,37,21.14
3502,35,2,427,339,79.39,88,20.61
3503,35,3,320,258,80.63,62,19.38
3504,35,4,491,421,85.74,70,14.26
3505,35,5,673,583,86.63,90,13.37
3506,35,6,970,849,87.53,121,12.47
3507,35,7,664,576,86.75,88,13.25
3508,35,8,457,377,82.49,80,17.51
3509,35,9,780,685,87.82,95,12.18
3510,35,10,493,422,85.6,71,14.4
3511,35,11,652,560,85.89,92,14.11
3512,35,12,832,713,85.7,119,14.3
3513,35,13,549,471,85.79,78,14.21
3514,35,14,493,424,86.0,69,14.0
3515,35,15,646,544,84.21,102,15.79
3516,35,16,860,731,85.0,129,15.0
3517,35,17,548,458,83.58,90,16.42
3518,35,18,363,296,81.54,67,18.46
3519,35,19,541,451,83.36,90,16.64
3520,35,20,314,251,79.94,63,20.06
3521,35,21,494,384,77.73,110,22.27
3522,35,22,651,525,80.65,126,19.35
3601,36,1,269,174,64.68,95,35.32
3602,36,2,331,237,71.6,94,28.4
3603,36,3,270,176,65.19,94,34.81
3604,36,4,331,245,74.02,86,25.98
3605,36,5,259,182,70.27,77,29.73
3606,36,6,212,148,69.81,64,30.19
3607,36,7,183,141,77.05,42,22.95
3608,36,8,141,98,69.5,43,30.5
3609,36,9,395,304,76.96,91,23.04
3610,36,10,289,206,71.28,83,28.72
3611,36,11,203,140,68.97,63,31.03
3612,36,12,153,101,66.01,52,33.99
3613,36,13,82,53,64.63,29,35.37
3614,36,14,263,183,69.58,80,30.42
3615,36,15,132,102,77.27,30,22.73
3616,36,16,104,84,80.77,20,19.23
3617,36,17,388,325,83.76,63,16.24
3618,36,18,441,361,81.86,80,18.14
3619,36,19,573,497,86.74,76,13.26
3620,36,20,653,554,84.84,99,15.16
3621,36,21,435,348,80.0,87,20.0
3622,36,22,547,487,89.03,60,10.97
3623,36,23,495,405,81.82,90,18.18
3624,36,24,506,434,85.77,72,14.23
3625,36,25,598,509,85.12,89,14.88
3626,36,26,527,456,86.53,71,13.47
3627,36,27,595,522,87.73,73,12.27
3701,37,1,360,278,77.22,82,22.78
3702,37,2,297,217,73.06,80,26.94
3703,37,3,332,264,79.52,68,20.48
3704,37,4,365,271,74.25,94,25.75
3705,37,5,255,196,76.86,59,23.14
3706,37,6,470,367,78.09,103,21.91
3707,37,7,306,242,79.08,64,20.92
3708,37,8,443,356,80.36,87,19.64
3709,37,9,173,141,81.5,32,18.5
3710,37,10,295,242,82.03,53,17.97
3711,37,11,325,267,82.15,58,17.85
3712,37,12,416,330,79.33,86,20.67
3713,37,13,258,202,78.29,56,21.71
3714,37,14,399,331,82.96,68,17.04
3715,37,15,355,284,80.0,71,20.0
3716,37,16,429,341,79.49,88,20.51
3717,37,17,251,193,76.89,58,23.11
3718,37,18,321,248,77.26,73,22.74
3719,37,19,269,213,79.18,56,20.82
3720,37,20,448,369,82.37,79,17.63
3721,37,21,243,196,80.66,47,19.34
3722,37,22,309,236,76.38,73,23.62
3801,38,1,644,329,51.09,315,48.91
3802,38,2,334,183,54.79,151,45.21
3803,38,3,477,275,57.65,202,42.35
3804,38,4,339,208,61.36,131,38.64
3805,38,5,553,325,58.77,228,41.23
3806,38,6,380,222,58.42,158,41.58
3807,38,7,436,276,63.3,160,36.7
3808,38,8,377,217,57.56,160,42.44
3809,38,9,385,257,66.75,128,33.25
3810,38,10,360,221,61.39,139,38.61
3811,38,11,425,298,70.12,127,29.88
3812,38,12,577,366,63.43,211,36.57
3813,38,13,295,194,65.76,101,34.24
3814,38,14,401,259,64.59,142,35.41
3815,38,15,354,227,64.12,127,35.88
3816,38,16,588,376,63.95,212,36.05
3817,38,17,499,352,70.54,147,29.46
3818,38,18,589,426,72.33,163,27.67
3819,38,19,605,433,71.57,172,28.43
3820,38,20,503,362,71.97,141,28.03
3821,38,21,637,474,74.41,163,25.59
3822,38,22,439,325,74.03,114,25.97
3823,38,23,616,451,73.21,165,26.79
3824,38,24,578,431,74.57,147,25.43
3825,38,25,674,530,78.64,144,21.36
3901,39,1,473,361,76.32,112,23.68
3902,39,2,238,181,76.05,57,23.95
3903,39,3,396,322,81.31,74,18.69
3904,39,4,514,355,69.07,159,30.93
3905,39,5,358,285,79.61,73,20.39
3906,39,6,294,221,75.17,73,24.83
3907,39,7,263,213,80.99,50,19.01
3908,39,8,270,207,76.67,63,23.33
3909,39,9,247,182,73.68,65,26.32
3910,39,10,350,292,83.43,58,16.57
3911,39,11,218,171,78.44,47,21.56
3912,39,12,446,343,76.91,103,23.09
3913,39,13,658,519,78.88,139,21.12
3914,39,14,652,448,68.71,204,31.29
3915,39,15,544,438,80.51,106,19.49
3916,39,16,301,239,79.4,62,20.6
3917,39,17,727,483,66.44,244,33.56
3918,39,18,322,193,59.94,129,40.06
3919,39,19,676,566,83.73,110,16.27
3920,39,20,441,272,61.68,169,38.32
3921,39,21,569,461,81.02,108,18.98
3922,39,22,293,201,68.6,92,31.4
3923,39,23,68,48,70.59,20,29.41
3924,39,24,428,348,81.31,80,18.69
3925,39,25,302,246,81.46,56,18.54
3926,39,26,262,216,82.44,46,17.56
3927,39,27,264,189,71.59,75,28.41
3928,39,28,276,227,82.25,49,17.75
3929,39,29,136,105,77.21,31,22.79
3930,39,30,249,173,69.48,76,30.52
3931,39,31,316,223,70.57,93,29.43
3932,39,32,762,547,71.78,215,28.22
3933,39,33,266,197,74.06,69,25.94
3934,39,34,311,212,68.17,99,31.83
3935,39,35,542,429,79.15,113,20.85
4001,40,1,512,442,86.33,70,13.67
4002,40,2,535,454,84.86,81,15.14
4003,40,3,466,391,83.91,75,16.09
4004,40,4,503,398,79.13,105,20.87
4005,40,5,405,337,83.21,68,16.79
4006,40,6,451,371,82.26,80,17.74
4007,40,7,495,422,85.25,73,14.75
4008,40,8,333,269,80.78,64,19.22
4009,40,9,608,475,78.13,133,21.88
4010,40,10,901,800,88.79,101,11.21
4011,40,11,570,444,77.89,126,22.11
4012,40,12,610,523,85.74,87,14.26
4013,40,13,633,562,88.78,71,11.22
4014,40,14,821,734,89.4,87,10.6
4015,40,15,624,574,91.99,50,8.01
4016,40,16,609,548,89.98,61,10.02
4017,40,17,645,570,88.37,75,11.63
4018,40,18,699,610,87.27,89,12.73
4019,40,19,619,546,88.21,73,11.79
4020,40,20,699,629,89.99,70,10.01
4021,40,21,645,585,90.7,60,9.3
4022,40,22,878,754,85.88,124,14.12
4023,40,23,921,812,88.17,109,11.83
4101,41,1,389,233,59.9,156,40.1
4102,41,2,257,172,66.93,85,33.07
4103,41,3,276,167,60.51,109,39.49
4104,41,4,385,203,52.73,182,47.27
4105,41,5,416,233,56.01,183,43.99
4106,41,6,394,247,62.69,147,37.31
4107,41,7,344,186,54.07,158,45.93
4108,41,8,339,204,60.18,135,39.82
4109,41,9,662,402,60.73,260,39.27
4110,41,10,534,321,60.11,213,39.89
4111,41,11,412,272,66.02,140,33.98
4112,41,12,266,151,56.77,115,43.23
4113,41,13,582,377,64.78,205,35.22
4114,41,14,667,386,57.87,281,42.13
4115,41,15,865,492,56.88,373,43.12
4116,41,16,300,184,61.33,116,38.67
4117,41,17,197,120,60.91,77,39.09
4118,41,18,627,404,64.43,223,35.57
4119,41,19,326,211,64.72,115,35.28
4120,41,20,356,203,57.02,153,42.98
4121,41,21,343,204,59.48,139,40.52
4122,41,22,284,168,59.15,116,40.85
4123,41,23,395,226,57.22,169,42.78
4124,41,24,626,359,57.35,267,42.65
4125,41,25,550,292,53.09,258,46.91
4126,41,26,688,444,64.53,244,35.47
4127,41,27,481,296,61.54,185,38.46
4128,41,28,789,500,63.37,289,36.63
4129,41,29,830,543,65.42,287,34.58
4130,41,30,656,343,52.29,313,47.71
4131,41,31,575,303,52.7,272,47.3
4201,42,1,266,211,79.32,55,20.68
4202,42,2,245,197,80.41,48,19.59
4203,42,3,678,561,82.74,117,17.26
4204,42,4,573,456,79.58,117,20.42
4205,42,5,804,636,79.1,168,20.9
4206,42,6,348,280,80.46,68,19.54
4207,42,7,540,441,81.67,99,18.33
4208,42,8,370,300,81.08,70,18.92
4209,42,9,616,488,79.22,128,20.78
4210,42,10,399,307,76.94,92,23.06
4211,42,11,453,392,86.53,61,13.47
4212,42,12,360,282,78.33,78,21.67
4213,42,13,269,214,79.55,55,20.45
4214,42,14,213,184,86.38,29,13.62
4215,42,15,198,159,80.3,39,19.7
4216,42,16,666,525,78.83,141,21.17
4217,42,17,737,594,80.6,143,19.4
4218,42,18,415,339,81.69,76,18.31
4219,42,19,606,521,85.97,85,14.03
4220,42,20,605,489,80.83,116,19.17
4221,42,21,680,575,84.56,105,15.44
4222,42,22,672,552,82.14,120,17.86
4223,42,23,696,579,83.19,117,16.81
4224,42,24,682,569,83.43,113,16.57
4301,43,1,679,567,83.51,112,16.49
4302,43,2,782,656,83.89,126,16.11
4303,43,3,253,212,83.79,41,16.21
4304,43,4,517,436,84.33,81,15.67
4305,43,5,834,731,87.65,103,12.35
4306,43,6,971,838,86.3,133,13.7
4307,43,7,871,732,84.04,139,15.96
4308,43,8,716,622,86.87,94,13.13
4309,43,9,967,854,88.31,113,11.69
4310,43,10,619,516,83.36,103,16.64
4311,43,11,406,332,81.77,74,18.23
4312,43,12,785,678,86.37,107,13.63
4313,43,13,613,523,85.32,90,14.68
4314,43,14,367,312,85.01,55,14.99
4315,43,15,763,644,84.4,119,15.6
4316,43,16,318,261,82.08,57,17.92
4317,43,17,729,629,86.28,100,13.72
4318,43,18,886,750,84.65,136,15.35
4319,43,19,822,691,84.06,131,15.94
4320,43,20,707,601,85.01,106,14.99
4321,43,21,368,307,83.42,61,16.58
4322,43,22,855,741,86.67,114,13.33
4323,43,23,580,492,84.83,88,15.17
4401,44,1,830,739,89.04,91,10.96
4402,44,2,569,483,84.89,86,15.11
4403,44,3,747,649,86.88,98,13.12
4404,44,4,956,842,88.08,114,11.92
4405,44,5,738,663,89.84,75,10.16
4406,44,6,674,588,87.24,86,12.76
4407,44,7,704,617,87.64,87,12.36
4408,44,8,725,639,88.14,86,11.86
4409,44,9,985,857,87.01,128,12.99
4410,44,10,919,802,87.27,117,12.73
4411,44,11,764,638,83.51,126,16.49
4412,44,12,900,788,87.56,112,12.44
4413,44,13,871,748,85.88,123,14.12
4414,44,14,837,740,88.41,97,11.59
4415,44,15,933,822,88.1,111,11.9
4416,44,16,943,819,86.85,124,13.15
4417,44,17,964,848,87.97,116,12.03
4418,44,18,675,597,88.44,78,11.56
4419,44,19,898,766,85.3,132,14.7
4420,44,20,564,508,90.07,56,9.93
4421,44,21,935,844,90.27,91,9.73
4501,45,1,817,515,63.04,302,36.96
4502,45,2,428,296,69.16,132,30.84
4503,45,3,240,158,65.83,82,34.17
4504,45,4,309,217,70.23,92,29.77
4505,45,5,457,333,72.87,124,27.13
4506,45,6,525,343,65.33,182,34.67
4507,45,7,515,341,66.21,174,33.79
4508,45,8,427,278,65.11,149,34.89
4509,45,9,460,310,67.39,150,32.61
4510,45,10,479,308,64.3,171,35.7
4511,45,11,639,414,64.79,225,35.21
4512,45,12,415,304,73.25,111,26.75
4513,45,13,605,435,71.9,170,28.1
4514,45,14,360,262,72.78,98,27.22
4515,45,15,431,324,75.17,107,24.83
4516,45,16,513,401,78.17,112,21.83
4517,45,17,574,395,68.82,179,31.18
4518,45,18,561,411,73.26,150,26.74
4519,45,19,368,268,72.83,100,27.17
4520,45,20,488,372,76.23,116,23.77
4521,45,21,419,311,74.22,108,25.78
4522,45,22,533,423,79.36,110,20.64
4523,45,23,536,408,76.12,128,23.88
4524,45,24,463,332,71.71,131,28.29
4525,45,25,638,481,75.39,157,24.61
4526,45,26,481,373,77.55,108,22.45
4527,45,27,597,485,81.24,112,18.76
4528,45,28,525,394,75.05,131,24.95
4529,45,29,528,444,84.09,84,15.91
4601,46,1,661,572,86.54,89,13.46
4602,46,2,637,563,88.38,74,11.62
4603,46,3,732,631,86.2,101,13.8
4604,46,4,852,725,85.09,127,14.91
4605,46,5,686,579,84.4,107,15.6
4606,46,6,1032,891,86.34,141,13.66
4607,46,7,637,564,88.54,73,11.46
4608,46,8,806,693,85.98,113,14.02
4609,46,9,787,681,86.53,106,13.47
4610,46,10,717,644,89.82,73,10.18
4611,46,11,832,717,86.18,115,13.82
4612,46,12,1002,889,88.72,113,11.28
4613,46,13,902,807,89.47,95,10.53
4614,46,14,489,432,88.34,57,11.66
4615,46,15,948,819,86.39,129,13.61
4616,46,16,684,621,90.79,63,9.21
4617,46,17,885,789,89.15,96,10.85
4618,46,18,832,737,88.58,95,11.42
4619,46,19,655,562,85.8,93,14.2
4620,46,20,592,518,87.5,74,12.5
4621,46,21,455,400,87.91,55,12.09
4622,46,22,560,487,86.96,73,13.04
4623,46,23,481,437,90.85,44,9.15
4701,47,1,671,584,87.03,87,12.97
4702,47,2,631,562,89.06,69,10.94
4703,47,3,637,574,90.11,63,9.89
4704,47,4,818,742,90.71,76,9.29
4705,47,5,927,852,91.91,75,8.09
4706,47,6,794,736,92.7,58,7.3
4707,47,7,1156,1036,89.62,120,10.38
4708,47,8,723,644,89.07,79,10.93
4709,47,9,917,813,88.66,104,11.34
4710,47,10,793,714,90.04,79,9.96
4711,47,11,690,623,90.29,67,9.71
4712,47,12,515,474,92.04,41,7.96
4713,47,13,553,499,90.24,54,9.76
4714,47,14,674,568,84.27,106,15.73
4715,47,15,702,602,85.75,100,14.25
4716,47,16,717,618,86.19,99,13.81
4717,47,17,641,557,86.9,84,13.1
4718,47,18,798,720,90.23,78,9.77
4719,47,19,793,719,90.67,74,9.33
4720,47,20,769,681,88.56,88,11.44
4721,47,21,779,686,88.06,93,11.94
4722,47,22,623,523,83.95,100,16.05
4723,47,23,761,665,87.39,96,12.61
4724,47,24,878,756,86.1,122,13.9
4725,47,25,683,597,87.41,86,12.59
4726,47,26,866,752,86.84,114,13.16
4727,47,27,781,693,88.73,88,11.27
4728,47,28,570,480,84.21,90,15.79
4801,48,1,797,726,91.09,71,8.91
4802,48,2,251,221,88.05,30,11.95
4803,48,3,421,358,85.04,63,14.96
4804,48,4,467,410,87.79,57,12.21
4805,48,5,264,243,92.05,21,7.95
4806,48,6,633,572,90.36,61,9.64
4807,48,7,628,570,90.76,58,9.24
4808,48,8,402,337,83.83,65,16.17
4809,48,9,298,241,80.87,57,19.13
4810,48,10,760,700,92.11,60,7.89
4811,48,11,472,442,93.64,30,6.36
4812,48,12,667,574,86.06,93,13.94
4813,48,13,498,413,82.93,85,17.07
4814,48,14,580,517,89.14,63,10.86
4815,48,15,450,387,86.0,63,14.0
4816,48,16,361,324,89.75,37,10.25
4817,48,17,189,158,83.6,31,16.4
4818,48,18,635,544,85.67,91,14.33
4819,48,19,330,285,86.36,45,13.64
4820,48,20,235,204,86.81,31,13.19
4821,48,21,549,470,85.61,79,14.39
4822,48,22,308,260,84.42,48,15.58
4823,48,23,385,354,91.95,31,8.05
4824,48,24,764,629,82.33,135,17.67
4825,48,25,645,578,89.61,67,10.39
4826,48,26,339,289,85.25,50,14.75
4827,48,27,396,332,83.84,64,16.16
4828,48,28,533,486,91.18,47,8.82
4829,48,29,181,153,84.53,28,15.47
4830,48,30,566,507,89.58,59,10.42
4831,48,31,590,534,90.51,56,9.49
4832,48,32,469,409,87.21,60,12.79
4833,48,33,226,195,86.28,31,13.72
4834,48,34,446,401,89.91,45,10.09
4835,48,35,709,647,91.26,62,8.74
4901,49,1,681,574,84.29,107,15.71
4902,49,2,582,503,86.43,79,13.57
4903,49,3,788,676,85.79,112,14.21
4904,49,4,797,723,90.72,74,9.28
4905,49,5,847,756,89.26,91,10.74
4906,49,6,77,64,83.12,13,16.88
4907,49,7,815,711,87.24,104,12.76
4908,49,8,977,887,90.79,90,9.21
4909,49,9,883,765,86.64,118,13.36
4910,49,10,584,501,85.79,83,14.21
4911,49,11,629,541,86.01,88,13.99
4912,49,12,581,500,86.06,81,13.94
4913,49,13,723,638,88.24,85,11.76
4914,49,14,870,766,88.05,104,11.95
4915,49,15,794,695,87.53,99,12.47
4916,49,16,732,647,88.39,85,11.61
4917,49,17,846,737,87.12,109,12.88
5001,50,1,324,257,79.32,67,20.68
5002,50,2,380,288,75.79,92,24.21
5003,50,3,292,232,79.45,60,20.55
5004,50,4,360,285,79.17,75,20.83
5005,50,5,524,411,78.44,113,21.56
5006,50,6,253,210,83.0,43,17.0
5007,50,7,660,559,84.7,101,15.3
5008,50,8,449,383,85.3,66,14.7
5009,50,9,124,109,87.9,15,12.1
5010,50,10,269,210,78.07,59,21.93
5011,50,11,327,242,74.01,85,25.99
5012,50,12,120,91,75.83,29,24.17
5013,50,13,457,372,81.4,85,18.6
5014,50,14,89,62,69.66,27,30.34
5015,50,15,460,370,80.43,90,19.57
5016,50,16,86,55,63.95,31,36.05
5017,50,17,210,162,77.14,48,22.86
5018,50,18,37,23,62.16,14,37.84
5019,50,19,199,163,81.91,36,18.09
5020,50,20,186,154,82.8,32,17.2
5021,50,21,412,340,82.52,72,17.48
5022,50,22,370,279,75.41,91,24.59
5023,50,23,311,222,71.38,89,28.62
5024,50,24,380,273,71.84,107,28.16
5025,50,25,115,86,74.78,29,25.22
5026,50,26,183,144,78.69,39,21.31
5027,50,27,82,56,68.29,26,31.71
5028,50,28,472,397,84.11,75,15.89
