id,ward,precinct,total,Yes,Yes Percent,No,No Percent
0101,1,1,740,660,89.19,80,10.81
0102,1,2,701,633,90.3,68,9.7
0103,1,3,794,698,87.91,96,12.09
0104,1,4,697,632,90.67,65,9.33
0105,1,5,724,644,88.95,80,11.05
0106,1,6,617,545,88.33,72,11.67
0107,1,7,759,681,89.72,78,10.28
0108,1,8,681,607,89.13,74,10.87
0109,1,9,348,308,88.51,40,11.49
0110,1,10,892,795,89.13,97,10.87
0111,1,11,681,602,88.4,79,11.6
0112,1,12,309,265,85.76,44,14.24
0113,1,13,478,430,89.96,48,10.04
0114,1,14,410,362,88.29,48,11.71
0115,1,15,712,652,91.57,60,8.43
0116,1,16,687,601,87.48,86,12.52
0117,1,17,443,388,87.58,55,12.42
0118,1,18,640,572,89.38,68,10.63
0119,1,19,601,526,87.52,75,12.48
0120,1,20,558,508,91.04,50,8.96
0121,1,21,575,498,86.61,77,13.39
0122,1,22,773,688,89.0,85,11.0
0123,1,23,393,335,85.24,58,14.76
0124,1,24,873,778,89.12,95,10.88
0125,1,25,722,632,87.53,90,12.47
0126,1,26,642,544,84.74,98,15.26
0201,2,1,663,554,83.56,109,16.44
0202,2,2,791,674,85.21,117,14.79
0203,2,3,503,430,85.49,73,14.51
0204,2,4,536,457,85.26,79,14.74
0205,2,5,512,434,84.77,78,15.23
0206,2,6,742,620,83.56,122,16.44
0207,2,7,658,542,82.37,116,17.63
0208,2,8,514,429,83.46,85,16.54
0209,2,9,747,604,80.86,143,19.14
0210,2,10,332,277,83.43,55,16.57
0211,2,11,555,473,85.23,82,14.77
0212,2,12,524,433,82.63,91,17.37
0213,2,13,689,556,80.7,133,19.3
0214,2,14,400,342,85.5,58,14.5
0215,2,15,572,476,83.22,96,16.78
0216,2,16,649,550,84.75,99,15.25
0217,2,17,930,810,87.1,120,12.9
0218,2,18,548,470,85.77,78,14.23
0219,2,19,309,275,89.0,34,11.0
0220,2,20,404,318,78.71,86,21.29
0221,2,21,127,97,76.38,30,23.62
0222,2,22,459,389,84.75,70,15.25
0223,2,23,498,437,87.75,61,12.25
0224,2,24,417,347,83.21,70,16.79
0225,2,25,615,508,82.6,107,17.4
0301,3,1,590,451,76.44,139,23.56
0302,3,2,543,468,86.19,75,13.81
0303,3,3,401,327,81.55,74,18.45
0304,3,4,433,352,81.29,81,18.71
0305,3,5,112,87,77.68,25,22.32
0306,3,6,593,480,80.94,113,19.06
0307,3,7,264,226,85.61,38,14.39
0308,3,8,447,339,75.84,108,24.16
0309,3,9,370,326,88.11,44,11.89
0310,3,10,394,333,84.52,61,15.48
0311,3,11,622,498,80.06,124,19.94
0312,3,12,452,362,80.09,90,19.91
0313,3,13,687,575,83.7,112,16.3
0314,3,14,794,665,83.75,129,16.25
0315,3,15,453,367,81.02,86,18.98
0316,3,16,276,240,86.96,36,13.04
0317,3,17,157,121,77.07,36,22.93
0318,3,18,171,129,75.44,42,24.56
0319,3,19,792,668,84.34,124,15.66
0320,3,20,503,421,83.7,82,16.3
0321,3,21,516,437,84.69,79,15.31
0322,3,22,386,334,86.53,52,13.47
0323,3,23,274,217,79.2,57,20.8
0324,3,24,109,90,82.57,19,17.43
0325,3,25,791,663,83.82,128,16.18
0326,3,26,266,206,77.44,60,22.56
0327,3,27,666,540,81.08,126,18.92
0401,4,1,713,633,88.78,80,11.22
0402,4,2,250,217,86.8,33,13.2
0403,4,3,473,429,90.7,44,9.3
0404,4,4,567,463,81.66,104,18.34
0405,4,5,286,233,81.47,53,18.53
0406,4,6,413,347,84.02,66,15.98
0407,4,7,289,257,88.93,32,11.07
0408,4,8,419,362,86.4,57,13.6
0409,4,9,461,363,78.74,98,21.26
0410,4,10,402,343,85.32,59,14.68
0411,4,11,547,456,83.36,91,16.64
0412,4,12,351,291,82.91,60,17.09
0413,4,13,356,291,81.74,65,18.26
0414,4,14,317,258,81.39,59,18.61
0415,4,15,332,286,86.14,46,13.86
0416,4,16,456,382,83.77,74,16.23
0417,4,17,585,481,82.22,104,17.78
0418,4,18,185,142,76.76,43,23.24
0419,4,19,396,330,83.33,66,16.67
0420,4,20,578,471,81.49,107,18.51
0421,4,21,359,305,84.96,54,15.04
0422,4,22,189,158,83.6,31,16.4
0423,4,23,339,272,80.24,67,19.76
0424,4,24,629,526,83.62,103,16.38
0425,4,25,786,681,86.64,105,13.36
0426,4,26,673,597,88.71,76,11.29
0427,4,27,758,633,83.51,125,16.49
0428,4,28,773,677,87.58,96,12.42
0501,5,1,526,431,81.94,95,18.06
0502,5,2,631,525,83.2,106,16.8
0503,5,3,582,485,83.33,97,16.67
0504,5,4,458,358,78.17,100,21.83
0505,5,5,248,205,82.66,43,17.34
0506,5,6,224,185,82.59,39,17.41
0507,5,7,139,108,77.7,31,22.3
0508,5,8,176,139,78.98,37,21.02
0509,5,9,166,135,81.33,31,18.67
0510,5,10,268,218,81.34,50,18.66
0511,5,11,345,272,78.84,73,21.16
0512,5,12,610,559,91.64,51,8.36
0513,5,13,269,215,79.93,54,20.07
0514,5,14,291,248,85.22,43,14.78
0515,5,15,884,795,89.93,89,10.07
0516,5,16,556,495,89.03,61,10.97
0517,5,17,380,344,90.53,36,9.47
0518,5,18,821,716,87.21,105,12.79
0519,5,19,355,318,89.58,37,10.42
0520,5,20,612,534,87.25,78,12.75
0521,5,21,523,478,91.4,45,8.6
0522,5,22,615,553,89.92,62,10.08
0523,5,23,334,301,90.12,33,9.88
0524,5,24,330,303,91.82,27,8.18
0525,5,25,811,768,94.7,43,5.3
0601,6,1,157,126,80.25,31,19.75
0602,6,2,206,162,78.64,44,21.36
0603,6,3,68,49,72.06,19,27.94
0604,6,4,170,140,82.35,30,17.65
0605,6,5,285,225,78.95,60,21.05
0606,6,6,267,209,78.28,58,21.72
0607,6,7,343,279,81.34,64,18.66
0608,6,8,262,201,76.72,61,23.28
0609,6,9,536,429,80.04,107,19.96
0610,6,10,127,105,82.68,22,17.32
0611,6,11,149,116,77.85,33,22.15
0612,6,12,356,284,79.78,72,20.22
0613,6,13,449,372,82.85,77,17.15
0614,6,14,432,358,82.87,74,17.13
0615,6,15,463,374,80.78,89,19.22
0616,6,16,299,240,80.27,59,19.73
0617,6,17,536,429,80.04,107,19.96
0618,6,18,603,509,84.41,94,15.59
0619,6,19,378,304,80.42,74,19.58
0620,6,20,656,547,83.38,109,16.62
0621,6,21,473,374,79.07,99,20.93
0622,6,22,652,535,82.06,117,17.94
0623,6,23,614,519,84.53,95,15.47
0624,6,24,549,459,83.61,90,16.39
0625,6,25,411,350,85.16,61,14.84
0626,6,26,702,575,81.91,127,18.09
0627,6,27,625,512,81.92,113,18.08
0701,7,1,473,380,80.34,93,19.66
0702,7,2,607,515,84.84,92,15.16
0703,7,3,329,249,75.68,80,24.32
0704,7,4,384,300,78.13,84,21.88
0705,7,5,537,433,80.63,104,19.37
0706,7,6,142,116,81.69,26,18.31
0707,7,7,317,251,79.18,66,20.82
0708,7,8,213,172,80.75,41,19.25
0709,7,9,353,280,79.32,73,20.68
0710,7,10,508,429,84.45,79,15.55
0711,7,11,427,354,82.9,73,17.1
0712,7,12,519,429,82.66,90,17.34
0713,7,13,359,277,77.16,82,22.84
0714,7,14,322,260,80.75,62,19.25
0715,7,15,475,395,83.16,80,16.84
0716,7,16,159,134,84.28,25,15.72
0717,7,17,129,106,82.17,23,17.83
0718,7,18,59,54,91.53,5,8.47
0719,7,19,608,508,83.55,100,16.45
0720,7,20,340,285,83.82,55,16.18
0721,7,21,250,212,84.8,38,15.2
0722,7,22,300,257,85.67,43,14.33
0723,7,23,209,173,82.78,36,17.22
0724,7,24,60,44,73.33,16,26.67
0725,7,25,322,259,80.43,63,19.57
0726,7,26,474,400,84.39,74,15.61
0727,7,27,276,231,83.7,45,16.3
0728,7,28,185,152,82.16,33,17.84
0729,7,29,261,207,79.31,54,20.69
0730,7,30,238,188,78.99,50,21.01
0731,7,31,113,97,85.84,16,14.16
0801,8,1,498,389,78.11,109,21.89
0802,8,2,244,196,80.33,48,19.67
0803,8,3,200,169,84.5,31,15.5
0804,8,4,462,392,84.85,70,15.15
0805,8,5,325,274,84.31,51,15.69
0806,8,6,572,478,83.57,94,16.43
0807,8,7,327,263,80.43,64,19.57
0808,8,8,695,605,87.05,90,12.95
0809,8,9,437,357,81.69,80,18.31
0810,8,10,509,388,76.23,121,23.77
0811,8,11,419,353,84.25,66,15.75
0812,8,12,474,406,85.65,68,14.35
0813,8,13,452,398,88.05,54,11.95
0814,8,14,500,449,89.8,51,10.2
0815,8,15,382,314,82.2,68,17.8
0816,8,16,355,295,83.1,60,16.9
0817,8,17,585,504,86.15,81,13.85
0818,8,18,758,648,85.49,110,14.51
0819,8,19,622,515,82.8,107,17.2
0820,8,20,273,216,79.12,57,20.88
0821,8,21,235,189,80.43,46,19.57
0822,8,22,227,198,87.22,29,12.78
0823,8,23,589,487,82.68,102,17.32
0824,8,24,421,354,84.09,67,15.91
0825,8,25,168,147,87.5,21,12.5
0826,8,26,340,270,79.41,70,20.59
0827,8,27,457,380,83.15,77,16.85
0828,8,28,307,235,76.55,72,23.45
0829,8,29,314,273,86.94,41,13.06
0830,8,30,403,331,82.13,72,17.87
0901,9,1,497,393,79.07,104,20.93
0902,9,2,328,263,80.18,65,19.82
0903,9,3,166,127,76.51,39,23.49
0904,9,4,358,287,80.17,71,19.83
0905,9,5,354,289,81.64,65,18.36
0906,9,6,603,503,83.42,100,16.58
0907,9,7,461,366,79.39,95,20.61
0908,9,8,473,390,82.45,83,17.55
0909,9,9,285,228,80.0,57,20.0
0910,9,10,585,488,83.42,97,16.58
0911,9,11,201,158,78.61,43,21.39
0912,9,12,530,443,83.58,87,16.42
0913,9,13,505,416,82.38,89,17.62
0914,9,14,286,236,82.52,50,17.48
0915,9,15,391,321,82.1,70,17.9
0916,9,16,513,415,80.9,98,19.1
0917,9,17,167,133,79.64,34,20.36
0918,9,18,271,225,83.03,46,16.97
0919,9,19,235,193,82.13,42,17.87
0920,9,20,413,318,77.0,95,23.0
0921,9,21,473,382,80.76,91,19.24
0922,9,22,325,270,83.08,55,16.92
0923,9,23,273,230,84.25,43,15.75
0924,9,24,403,322,79.9,81,20.1
0925,9,25,324,263,81.17,61,18.83
0926,9,26,439,365,83.14,74,16.86
0927,9,27,255,201,78.82,54,21.18
0928,9,28,206,152,73.79,54,26.21
0929,9,29,592,490,82.77,102,17.23
0930,9,30,478,394,82.43,84,17.57
1001,10,1,130,109,83.85,21,16.15
1002,10,2,150,113,75.33,37,24.67
1003,10,3,252,187,74.21,65,25.79
1004,10,4,282,219,77.66,63,22.34
1005,10,5,114,83,72.81,31,27.19
1006,10,6,140,109,77.86,31,22.14
1007,10,7,272,206,75.74,66,24.26
1008,10,8,252,193,76.59,59,23.41
1009,10,9,288,220,76.39,68,23.61
1010,10,10,307,231,75.24,76,24.76
1011,10,11,110,80,72.73,30,27.27
1012,10,12,285,230,80.7,55,19.3
1013,10,13,309,245,79.29,64,20.71
1014,10,14,409,294,71.88,115,28.12
1015,10,15,374,279,74.6,95,25.4
1016,10,16,448,319,71.21,129,28.79
1017,10,17,393,278,70.74,115,29.26
1018,10,18,485,317,65.36,168,34.64
1019,10,19,285,197,69.12,88,30.88
1020,10,20,195,143,73.33,52,26.67
1021,10,21,239,154,64.44,85,35.56
1022,10,22,418,281,67.22,137,32.78
1023,10,23,284,219,77.11,65,22.89
1024,10,24,130,91,70.0,39,30.0
1025,10,25,208,144,69.23,64,30.77
1101,11,1,147,119,80.95,28,19.05
1102,11,2,76,67,88.16,9,11.84
1103,11,3,414,317,76.57,97,23.43
1104,11,4,323,239,73.99,84,26.01
1105,11,5,340,258,75.88,82,24.12
1106,11,6,424,319,75.24,105,24.76
1107,11,7,221,173,78.28,48,21.72
1108,11,8,376,256,68.09,120,31.91
1109,11,9,421,321,76.25,100,23.75
1110,11,10,75,51,68.0,24,32.0
1111,11,11,64,50,78.13,14,21.88
1112,11,12,126,97,76.98,29,23.02
1113,11,13,383,284,74.15,99,25.85
1114,11,14,716,568,79.33,148,20.67
1115,11,15,526,427,81.18,99,18.82
1116,11,16,625,496,79.36,129,20.64
1117,11,17,286,210,73.43,76,26.57
1118,11,18,384,296,77.08,88,22.92
1119,11,19,130,90,69.23,40,30.77
1120,11,20,393,312,79.39,81,20.61
1121,11,21,697,556,79.77,141,20.23
1122,11,22,434,313,72.12,121,27.88
1123,11,23,472,351,74.36,121,25.64
1201,12,1,237,176,74.26,61,25.74
1202,12,2,169,133,78.7,36,21.3
1203,12,3,333,261,78.38,72,21.62
1204,12,4,270,209,77.41,61,22.59
1205,12,5,269,201,74.72,68,25.28
1206,12,6,229,172,75.11,57,24.89
1207,12,7,244,176,72.13,68,27.87
1208,12,8,234,188,80.34,46,19.66
1209,12,9,133,100,75.19,33,24.81
1210,12,10,270,186,68.89,84,31.11
1211,12,11,201,148,73.63,53,26.37
1212,12,12,175,123,70.29,52,29.71
1213,12,13,187,142,75.94,45,24.06
1214,12,14,115,90,78.26,25,21.74
1215,12,15,236,179,75.85,57,24.15
1216,12,16,267,196,73.41,71,26.59
1217,12,17,226,175,77.43,51,22.57
1218,12,18,243,194,79.84,49,20.16
1219,12,19,149,111,74.5,38,25.5
1220,12,20,202,159,78.71,43,21.29
1221,12,21,203,148,72.91,55,27.09
1222,12,22,194,137,70.62,57,29.38
1301,13,1,221,172,77.83,49,22.17
1302,13,2,271,200,73.8,71,26.2
1303,13,3,383,211,55.09,172,44.91
1304,13,4,299,233,77.93,66,22.07
1305,13,5,271,189,69.74,82,30.26
1306,13,6,282,185,65.6,97,34.4
1307,13,7,217,134,61.75,83,38.25
1308,13,8,340,250,73.53,90,26.47
1309,13,9,405,258,63.7,147,36.3
1310,13,10,385,225,58.44,160,41.56
1311,13,11,222,140,63.06,82,36.94
1312,13,12,204,142,69.61,62,30.39
1313,13,13,271,172,63.47,99,36.53
1314,13,14,246,157,63.82,89,36.18
1315,13,15,199,122,61.31,77,38.69
1316,13,16,310,219,70.65,91,29.35
1317,13,17,333,252,75.68,81,24.32
1318,13,18,229,169,73.8,60,26.2
1319,13,19,216,124,57.41,92,42.59
1320,13,20,326,206,63.19,120,36.81
1321,13,21,276,186,67.39,90,32.61
1322,13,22,346,257,74.28,89,25.72
1323,13,23,355,197,55.49,158,44.51
1324,13,24,269,191,71.0,78,29.0
1325,13,25,258,186,72.09,72,27.91
1326,13,26,211,158,74.88,53,25.12
1327,13,27,179,141,78.77,38,21.23
1328,13,28,219,149,68.04,70,31.96
1329,13,29,206,155,75.24,51,24.76
1330,13,30,328,188,57.32,140,42.68
1331,13,31,230,131,56.96,99,43.04
1332,13,32,232,148,63.79,84,36.21
1333,13,33,286,190,66.43,96,33.57
1334,13,34,353,216,61.19,137,38.81
1335,13,35,416,285,68.51,131,31.49
1336,13,36,170,136,80.0,34,20.0
1337,13,37,356,211,59.27,145,40.73
1338,13,38,191,138,72.25,53,27.75
1339,13,39,342,222,64.91,120,35.09
1340,13,40,284,183,64.44,101,35.56
1401,14,1,375,285,76.0,90,24.0
1402,14,2,262,193,73.66,69,26.34
1403,14,3,175,129,73.71,46,26.29
1404,14,4,85,62,72.94,23,27.06
1405,14,5,292,232,79.45,60,20.55
1406,14,6,376,284,75.53,92,24.47
1407,14,7,327,236,72.17,91,27.83
1408,14,8,348,269,77.3,79,22.7
1409,14,9,365,269,73.7,96,26.3
1410,14,10,321,226,70.4,95,29.6
1411,14,11,385,290,75.32,95,24.68
1412,14,12,251,177,70.52,74,29.48
1413,14,13,403,303,75.19,100,24.81
1414,14,14,206,154,74.76,52,25.24
1415,14,15,216,161,74.54,55,25.46
1501,15,1,254,184,72.44,70,27.56
1502,15,2,357,250,70.03,107,29.97
1503,15,3,130,97,74.62,33,25.38
1504,15,4,154,113,73.38,41,26.62
1505,15,5,102,81,79.41,21,20.59
1506,15,6,237,180,75.95,57,24.05
1507,15,7,182,117,64.29,65,35.71
1508,15,8,192,138,71.88,54,28.13
1509,15,9,229,175,76.42,54,23.58
1510,15,10,180,139,77.22,41,22.78
1511,15,11,180,131,72.78,49,27.22
1512,15,12,239,188,78.66,51,21.34
1513,15,13,180,136,75.56,44,24.44
1514,15,14,187,135,72.19,52,27.81
1515,15,15,190,150,78.95,40,21.05
1516,15,16,299,230,76.92,69,23.08
1517,15,17,327,251,76.76,76,23.24
1518,15,18,232,188,81.03,44,18.97
1519,15,19,141,107,75.89,34,24.11
1520,15,20,211,159,75.36,52,24.64
1601,16,1,296,230,77.7,66,22.3
1602,16,2,186,141,75.81,45,24.19
1603,16,3,236,196,83.05,40,16.95
1604,16,4,149,125,83.89,24,16.11
1605,16,5,332,269,81.02,63,18.98
1606,16,6,304,236,77.63,68,22.37
1607,16,7,185,151,81.62,34,18.38
1608,16,8,136,105,77.21,31,22.79
1609,16,9,307,234,76.22,73,23.78
1610,16,10,230,179,77.83,51,22.17
1611,16,11,197,149,75.63,48,24.37
1612,16,12,80,60,75.0,20,25.0
1613,16,13,125,91,72.8,34,27.2
1614,16,14,320,247,77.19,73,22.81
1615,16,15,256,197,76.95,59,23.05
1616,16,16,195,150,76.92,45,23.08
1617,16,17,369,292,79.13,77,20.87
1618,16,18,347,266,76.66,81,23.34
1619,16,19,266,207,77.82,59,22.18
1620,16,20,256,206,80.47,50,19.53
1621,16,21,174,131,75.29,43,24.71
1622,16,22,271,216,79.7,55,20.3
1623,16,23,190,131,68.95,59,31.05
1624,16,24,217,169,77.88,48,22.12
1625,16,25,102,85,83.33,17,16.67
1701,17,1,354,269,75.99,85,24.01
1702,17,2,222,172,77.48,50,22.52
1703,17,3,260,214,82.31,46,17.69
1704,17,4,265,217,81.89,48,18.11
1705,17,5,171,131,76.61,40,23.39
1706,17,6,243,194,79.84,49,20.16
1707,17,7,145,112,77.24,33,22.76
1708,17,8,205,160,78.05,45,21.95
1709,17,9,198,150,75.76,48,24.24
1710,17,10,379,300,79.16,79,20.84
1711,17,11,241,177,73.44,64,26.56
1712,17,12,152,125,82.24,27,17.76
1713,17,13,162,137,84.57,25,15.43
1714,17,14,174,138,79.31,36,20.69
1715,17,15,492,400,81.3,92,18.7
1716,17,16,220,175,79.55,45,20.45
1717,17,17,190,158,83.16,32,16.84
1718,17,18,560,460,82.14,100,17.86
1719,17,19,372,297,79.84,75,20.16
1720,17,20,384,319,83.07,65,16.93
1721,17,21,421,335,79.57,86,20.43
1722,17,22,430,336,78.14,94,21.86
1723,17,23,275,224,81.45,51,18.55
1724,17,24,451,387,85.81,64,14.19
1725,17,25,204,165,80.88,39,19.12
1726,17,26,383,327,85.38,56,14.62
1727,17,27,463,386,83.37,77,16.63
1728,17,28,533,431,80.86,102,19.14
1729,17,29,488,396,81.15,92,18.85
1801,18,1,577,476,82.5,101,17.5
1802,18,2,618,505,81.72,113,18.28
1803,18,3,262,211,80.53,51,19.47
1804,18,4,452,378,83.63,74,16.37
1805,18,5,376,319,84.84,57,15.16
1806,18,6,568,487,85.74,81,14.26
1807,18,7,498,417,83.73,81,16.27
1808,18,8,758,604,79.68,154,20.32
1809,18,9,600,501,83.5,99,16.5
1810,18,10,687,558,81.22,129,18.78
1811,18,11,384,325,84.64,59,15.36
1812,18,12,604,497,82.28,107,17.72
1813,18,13,502,415,82.67,87,17.33
1814,18,14,390,308,78.97,82,21.03
1815,18,15,288,232,80.56,56,19.44
1816,18,16,441,358,81.18,83,18.82
1817,18,17,330,235,71.21,95,28.79
1818,18,18,404,306,75.74,98,24.26
1819,18,19,363,284,78.24,79,21.76
1820,18,20,340,263,77.35,77,22.65
1821,18,21,461,364,78.96,97,21.04
1822,18,22,448,318,70.98,130,29.02
1823,18,23,525,360,68.57,165,31.43
1824,18,24,558,408,73.12,150,26.88
1825,18,25,306,228,74.51,78,25.49
1826,18,26,530,389,73.4,141,26.6
1901,19,1,720,466,64.72,254,35.28
1902,19,2,667,544,81.56,123,18.44
1903,19,3,486,234,48.15,252,51.85
1904,19,4,479,243,50.73,236,49.27
1905,19,5,550,453,82.36,97,17.64
1906,19,6,523,283,54.11,240,45.89
1907,19,7,692,415,59.97,277,40.03
1908,19,8,493,403,81.74,90,18.26
1909,19,9,458,374,81.66,84,18.34
1910,19,10,518,433,83.59,85,16.41
1911,19,11,450,239,53.11,211,46.89
1912,19,12,673,354,52.6,319,47.4
1913,19,13,461,383,83.08,78,16.92
1914,19,14,610,494,80.98,116,19.02
1915,19,15,401,194,48.38,207,51.62
1916,19,16,491,237,48.27,254,51.73
1917,19,17,465,299,64.3,166,35.7
1918,19,18,458,225,49.13,233,50.87
1919,19,19,548,448,81.75,100,18.25
1920,19,20,430,345,80.23,85,19.77
1921,19,21,698,382,54.73,316,45.27
1922,19,22,471,358,76.01,113,23.99
1923,19,23,489,300,61.35,189,38.65
1924,19,24,500,243,48.6,257,51.4
1925,19,25,462,385,83.33,77,16.67
1926,19,26,432,331,76.62,101,23.38
1927,19,27,691,539,78.0,152,22.0
1928,19,28,849,687,80.92,162,19.08
1929,19,29,604,328,54.3,276,45.7
1930,19,30,497,239,48.09,258,51.91
1931,19,31,754,558,74.01,196,25.99
1932,19,32,456,363,79.61,93,20.39
1933,19,33,353,171,48.44,182,51.56
1934,19,34,794,538,67.76,256,32.24
1935,19,35,557,440,78.99,117,21.01
1936,19,36,440,343,77.95,97,22.05
2001,20,1,209,156,74.64,53,25.36
2002,20,2,124,99,79.84,25,20.16
2003,20,3,137,100,72.99,37,27.01
2004,20,4,109,86,78.9,23,21.1
2005,20,5,199,157,78.89,42,21.11
2006,20,6,129,108,83.72,21,16.28
2007,20,7,163,130,79.75,33,20.25
2008,20,8,205,159,77.56,46,22.44
2009,20,9,386,308,79.79,78,20.21
2010,20,10,428,349,81.54,79,18.46
2011,20,11,346,255,73.7,91,26.3
2012,20,12,73,48,65.75,25,34.25
2013,20,13,612,515,84.15,97,15.85
2014,20,14,384,316,82.29,68,17.71
2015,20,15,348,273,78.45,75,21.55
2016,20,16,390,321,82.31,69,17.69
2017,20,17,471,395,83.86,76,16.14
2018,20,18,556,474,85.25,82,14.75
2019,20,19,320,268,83.75,52,16.25
2020,20,20,363,298,82.09,65,17.91
2021,20,21,515,409,79.42,106,20.58
2022,20,22,465,364,78.28,101,21.72
2023,20,23,154,118,76.62,36,23.38
2101,21,1,555,448,80.72,107,19.28
2102,21,2,172,144,83.72,28,16.28
2103,21,3,594,481,80.98,113,19.02
2104,21,4,497,413,83.1,84,16.9
2105,21,5,516,427,82.75,89,17.25
2106,21,6,449,366,81.51,83,18.49
2107,21,7,618,482,77.99,136,22.01
2108,21,8,464,389,83.84,75,16.16
2109,21,9,171,141,82.46,30,17.54
2110,21,10,562,456,81.14,106,18.86
2111,21,11,576,480,83.33,96,16.67
2112,21,12,253,206,81.42,47,18.58
2113,21,13,414,331,79.95,83,20.05
2114,21,14,629,517,82.19,112,17.81
2115,21,15,618,514,83.17,104,16.83
2116,21,16,552,467,84.6,85,15.4
2117,21,17,398,332,83.42,66,16.58
2118,21,18,590,492,83.39,98,16.61
2119,21,19,471,380,80.68,91,19.32
2120,21,20,322,253,78.57,69,21.43
2121,21,21,569,434,76.27,135,23.73
2122,21,22,612,504,82.35,108,17.65
2123,21,23,440,348,79.09,92,20.91
2124,21,24,432,362,83.8,70,16.2
2125,21,25,354,275,77.68,79,22.32
2126,21,26,401,319,79.55,82,20.45
2127,21,27,569,461,81.02,108,18.98
2128,21,28,508,392,77.17,116,22.83
2129,21,29,536,433,80.78,103,19.22
2201,22,1,177,145,81.92,32,18.08
2202,22,2,110,82,74.55,28,25.45
2203,22,3,220,171,77.73,49,22.27
2204,22,4,129,105,81.4,24,18.6
2205,22,5,357,279,78.15,78,21.85
2206,22,6,190,143,75.26,47,24.74
2207,22,7,198,139,70.2,59,29.8
2208,22,8,225,166,73.78,59,26.22
2209,22,9,186,146,78.49,40,21.51
2210,22,10,248,195,78.63,53,21.37
2211,22,11,315,248,78.73,67,21.27
2212,22,12,189,143,75.66,46,24.34
2213,22,13,251,201,80.08,50,19.92
2214,22,14,197,156,79.19,41,20.81
2215,22,15,124,95,76.61,29,23.39
2216,22,16,280,197,70.36,83,29.64
2217,22,17,123,91,73.98,32,26.02
2218,22,18,240,204,85.0,36,15.0
2219,22,19,415,293,70.6,122,29.4
2301,23,1,245,144,58.78,101,41.22
2302,23,2,405,223,55.06,182,44.94
2303,23,3,264,146,55.3,118,44.7
2304,23,4,208,106,50.96,102,49.04
2305,23,5,355,201,56.62,154,43.38
2306,23,6,202,106,52.48,96,47.52
2307,23,7,265,155,58.49,110,41.51
2308,23,8,250,155,62.0,95,38.0
2309,23,9,405,261,64.44,144,35.56
2310,23,10,440,295,67.05,145,32.95
2311,23,11,186,129,69.35,57,30.65
2312,23,12,264,181,68.56,83,31.44
2313,23,13,427,314,73.54,113,26.46
2314,23,14,314,226,71.97,88,28.03
2315,23,15,351,265,75.5,86,24.5
2316,23,16,186,129,69.35,57,30.65
2317,23,17,247,196,79.35,51,20.65
2318,23,18,212,159,75.0,53,25.0
2319,23,19,185,142,76.76,43,23.24
2320,23,20,170,130,76.47,40,23.53
2321,23,21,162,126,77.78,36,22.22
2322,23,22,168,132,78.57,36,21.43
2323,23,23,163,124,76.07,39,23.93
2324,23,24,155,115,74.19,40,25.81
2325,23,25,139,110,79.14,29,20.86
2326,23,26,117,88,75.21,29,24.79
2327,23,27,141,115,81.56,26,18.44
2328,23,28,216,164,75.93,52,24.07
2329,23,29,286,199,69.58,87,30.42
2330,23,30,168,140,83.33,28,16.67
2331,23,31,193,154,79.79,39,20.21
2332,23,32,174,134,77.01,40,22.99
2333,23,33,375,284,75.73,91,24.27
2401,24,1,145,118,81.38,27,18.62
2402,24,2,157,120,76.43,37,23.57
2403,24,3,340,266,78.24,74,21.76
2404,24,4,277,204,73.65,73,26.35
2405,24,5,452,344,76.11,108,23.89
2406,24,6,296,233,78.72,63,21.28
2407,24,7,152,117,76.97,35,23.03
2408,24,8,194,147,75.77,47,24.23
2409,24,9,364,265,72.8,99,27.2
2410,24,10,279,225,80.65,54,19.35
2411,24,11,320,254,79.38,66,20.63
2412,24,12,381,310,81.36,71,18.64
2413,24,13,342,276,80.7,66,19.3
2414,24,14,252,194,76.98,58,23.02
2415,24,15,317,249,78.55,68,21.45
2416,24,16,432,327,75.69,105,24.31
2417,24,17,252,195,77.38,57,22.62
2418,24,18,405,333,82.22,72,17.78
2419,24,19,975,587,60.21,388,39.79
2501,25,1,283,204,72.08,79,27.92
2502,25,2,212,156,73.58,56,26.42
2503,25,3,291,234,80.41,57,19.59
2504,25,4,345,251,72.75,94,27.25
2505,25,5,422,349,82.7,73,17.3
2506,25,6,475,359,75.58,116,24.42
2507,25,7,448,354,79.02,94,20.98
2508,25,8,438,348,79.45,90,20.55
2509,25,9,466,368,78.97,98,21.03
2510,25,10,511,411,80.43,100,19.57
2511,25,11,456,380,83.33,76,16.67
2512,25,12,411,347,84.43,64,15.57
2513,25,13,607,487,80.23,120,19.77
2514,25,14,590,475,80.51,115,19.49
2515,25,15,473,384,81.18,89,18.82
2516,25,16,590,489,82.88,101,17.12
2517,25,17,253,212,83.79,41,16.21
2601,26,1,181,140,77.35,41,22.65
2602,26,2,251,214,85.26,37,14.74
2603,26,3,436,395,90.6,41,9.4
2604,26,4,245,186,75.92,59,24.08
2605,26,5,338,288,85.21,50,14.79
2606,26,6,211,165,78.2,46,21.8
2607,26,7,314,257,81.85,57,18.15
2608,26,8,224,185,82.59,39,17.41
2609,26,9,228,183,80.26,45,19.74
2610,26,10,265,216,81.51,49,18.49
2611,26,11,245,201,82.04,44,17.96
2612,26,12,98,82,83.67,16,16.33
2613,26,13,202,173,85.64,29,14.36
2614,26,14,139,105,75.54,34,24.46
2615,26,15,170,130,76.47,40,23.53
2616,26,16,397,337,84.89,60,15.11
2617,26,17,356,315,88.48,41,11.52
2618,26,18,168,129,76.79,39,23.21
2619,26,19,410,362,88.29,48,11.71
2620,26,20,434,379,87.33,55,12.67
2621,26,21,189,157,83.07,32,16.93
2622,26,22,150,103,68.67,47,31.33
2623,26,23,340,285,83.82,55,16.18
2624,26,24,164,133,81.1,31,18.9
2625,26,25,370,319,86.22,51,13.78
2626,26,26,389,335,86.12,54,13.88
2627,26,27,463,384,82.94,79,17.06
2628,26,28,405,364,89.88,41,10.12
2629,26,29,402,330,82.09,72,17.91
2630,26,30,231,203,87.88,28,12.12
2631,26,31,230,177,76.96,53,23.04
2632,26,32,330,278,84.24,52,15.76
2701,27,1,454,371,81.72,83,18.28
2702,27,2,599,501,83.64,98,16.36
2703,27,3,252,201,79.76,51,20.24
2704,27,4,417,347,83.21,70,16.79
2705,27,5,259,204,78.76,55,21.24
2706,27,6,527,434,82.35,93,17.65
2707,27,7,676,583,86.24,93,13.76
2708,27,8,162,135,83.33,27,16.67
2709,27,9,476,408,85.71,68,14.29
2710,27,10,265,221,83.4,44,16.6
2711,27,11,505,417,82.57,88,17.43
2712,27,12,368,295,80.16,73,19.84
2713,27,13,398,321,80.65,77,19.35
2714,27,14,305,239,78.36,66,21.64
2715,27,15,408,334,81.86,74,18.14
2716,27,16,579,480,82.9,99,17.1
2717,27,17,215,174,80.93,41,19.07
2718,27,18,493,403,81.74,90,18.26
2719,27,19,152,123,80.92,29,19.08
2720,27,20,261,207,79.31,54,20.69
2721,27,21,209,172,82.3,37,17.7
2722,27,22,282,219,77.66,63,22.34
2723,27,23,255,208,81.57,47,18.43
2724,27,24,145,118,81.38,27,18.62
2725,27,25,377,304,80.64,73,19.36
2726,27,26,428,352,82.24,76,17.76
2727,27,27,304,249,81.91,55,18.09
2728,27,28,361,295,81.72,66,18.28
2729,27,29,706,591,83.71,115,16.29
2801,28,1,225,179,79.56,46,20.44
2802,28,2,228,189,82.89,39,17.11
2803,28,3,70,52,74.29,18,25.71
2804,28,4,190,152,80.0,38,20.0
2805,28,5,169,144,85.21,25,14.79
2806,28,6,329,257,78.12,72,21.88
2807,28,7,147,121,82.31,26,17.69
2808,28,8,287,226,78.75,61,21.25
2809,28,9,154,120,77.92,34,22.08
2810,28,10,108,78,72.22,30,27.78
2811,28,11,469,368,78.46,101,21.54
2812,28,12,607,500,82.37,107,17.63
2813,28,13,470,402,85.53,68,14.47
2814,28,14,364,295,81.04,69,18.96
2815,28,15,210,174,82.86,36,17.14
2816,28,16,462,348,75.32,114,24.68
2817,28,17,243,190,78.19,53,21.81
2818,28,18,284,232,81.69,52,18.31
2819,28,19,295,252,85.42,43,14.58
2820,28,20,239,169,70.71,70,29.29
2821,28,21,251,198,78.88,53,21.12
2822,28,22,213,162,76.06,51,23.94
2823,28,23,281,233,82.92,48,17.08
2824,28,24,235,186,79.15,49,20.85
2825,28,25,403,329,81.64,74,18.36
2826,28,26,146,118,80.82,28,19.18
2901,29,1,480,330,68.75,150,31.25
2902,29,2,386,265,68.65,121,31.35
2903,29,3,340,252,74.12,88,25.88
2904,29,4,367,250,68.12,117,31.88
2905,29,5,374,291,77.81,83,22.19
2906,29,6,298,233,78.19,65,21.81
2907,29,7,587,458,78.02,129,21.98
2908,29,8,746,612,82.04,134,17.96
2909,29,9,324,265,81.79,59,18.21
2910,29,10,466,387,83.05,79,16.95
2911,29,11,397,315,79.35,82,20.65
2912,29,12,482,384,79.67,98,20.33
2913,29,13,481,397,82.54,84,17.46
2914,29,14,405,318,78.52,87,21.48
2915,29,15,392,291,74.23,101,25.77
2916,29,16,451,367,81.37,84,18.63
2917,29,17,283,230,81.27,53,18.73
2918,29,18,417,332,79.62,85,20.38
2919,29,19,481,372,77.34,109,22.66
2920,29,20,270,219,81.11,51,18.89
2921,29,21,318,241,75.79,77,24.21
2922,29,22,439,357,81.32,82,18.68
2923,29,23,421,348,82.66,73,17.34
2924,29,24,343,274,79.88,69,20.12
3001,30,1,446,328,73.54,118,26.46
3002,30,2,317,232,73.19,85,26.81
3003,30,3,436,385,88.3,51,11.7
3004,30,4,330,246,74.55,84,25.45
3005,30,5,344,257,74.71,87,25.29
3006,30,6,421,355,84.32,66,15.68
3007,30,7,287,223,77.7,64,22.3
3008,30,8,492,412,83.74,80,16.26
3009,30,9,419,338,80.67,81,19.33
3010,30,10,343,273,79.59,70,20.41
3011,30,11,302,224,74.17,78,25.83
3012,30,12,400,288,72.0,112,28.0
3013,30,13,320,244,76.25,76,23.75
3014,30,14,374,276,73.8,98,26.2
3015,30,15,540,448,82.96,92,17.04
3016,30,16,289,211,73.01,78,26.99
3017,30,17,396,311,78.54,85,21.46
3018,30,18,356,288,80.9,68,19.1
3019,30,19,221,173,78.28,48,21.72
3020,30,20,289,233,80.62,56,19.38
3021,30,21,477,352,73.79,125,26.21
3022,30,22,456,383,83.99,73,16.01
3023,30,23,507,424,83.63,83,16.37
3024,30,24,412,322,78.16,90,21.84
3025,30,25,266,198,74.44,68,25.56
3026,30,26,518,429,82.82,89,17.18
3101,31,1,281,218,77.58,63,22.42
3102,31,2,456,391,85.75,65,14.25
3103,31,3,243,195,80.25,48,19.75
3104,31,4,315,277,87.94,38,12.06
3105,31,5,290,228,78.62,62,21.38
3106,31,6,230,170,73.91,60,26.09
3107,31,7,276,224,81.16,52,18.84
3108,31,8,378,292,77.25,86,22.75
3109,31,9,246,180,73.17,66,26.83
3110,31,10,396,327,82.58,69,17.42
3111,31,11,375,300,80.0,75,20.0
3112,31,12,448,350,78.13,98,21.88
3113,31,13,320,248,77.5,72,22.5
3114,31,14,310,222,71.61,88,28.39
3115,31,15,143,109,76.22,34,23.78
3116,31,16,202,138,68.32,64,31.68
3117,31,17,267,200,74.91,67,25.09
3118,31,18,215,167,77.67,48,22.33
3119,31,19,282,226,80.14,56,19.86
3120,31,20,274,192,70.07,82,29.93
3121,31,21,276,210,76.09,66,23.91
3122,31,22,119,94,78.99,25,21.01
3123,31,23,158,106,67.09,52,32.91
3201,32,1,1020,911,89.31,109,10.69
3202,32,2,788,704,89.34,84,10.66
3203,32,3,553,479,86.62,74,13.38
3204,32,4,557,487,87.43,70,12.57
3205,32,5,438,384,87.67,54,12.33
3206,32,6,259,226,87.26,33,12.74
3207,32,7,577,490,84.92,87,15.08
3208,32,8,413,352,85.23,61,14.77
3209,32,9,407,353,86.73,54,13.27
3210,32,10,732,628,85.79,104,14.21
3211,32,11,467,400,85.65,67,14.35
3212,32,12,276,220,79.71,56,20.29
3213,32,13,192,150,78.13,42,21.88
3214,32,14,849,740,87.16,109,12.84
3215,32,15,819,701,85.59,118,14.41
3216,32,16,409,362,88.51,47,11.49
3217,32,17,759,618,81.42,141,18.58
3218,32,18,297,250,84.18,47,15.82
3219,32,19,361,317,87.81,44,12.19
3220,32,20,773,652,84.35,121,15.65
3221,32,21,773,671,86.8,102,13.2
3222,32,22,753,660,87.65,93,12.35
3223,32,23,514,441,85.8,73,14.2
3224,32,24,267,224,83.9,43,16.1
3225,32,25,567,500,88.18,67,11.82
3226,32,26,742,655,88.27,87,11.73
3227,32,27,733,660,90.04,73,9.96
3228,32,28,216,185,85.65,31,14.35
3229,32,29,581,506,87.09,75,12.91
3230,32,30,730,643,88.08,87,11.92
3301,33,1,789,678,85.93,111,14.07
3302,33,2,840,740,88.1,100,11.9
3303,33,3,596,510,85.57,86,14.43
3304,33,4,816,680,83.33,136,16.67
3305,33,5,656,540,82.32,116,17.68
3306,33,6,717,617,86.05,100,13.95
3307,33,7,659,561,85.13,98,14.87
3308,33,8,477,409,85.74,68,14.26
3309,33,9,482,406,84.23,76,15.77
3310,33,10,501,436,87.03,65,12.97
3311,33,11,403,347,86.1,56,13.9
3312,33,12,609,526,86.37,83,13.63
3313,33,13,537,461,85.85,76,14.15
3314,33,14,730,644,88.22,86,11.78
3315,33,15,533,470,88.18,63,11.82
3316,33,16,690,621,90.0,69,10.0
3317,33,17,641,546,85.18,95,14.82
3401,34,1,513,415,80.9,98,19.1
3402,34,2,325,263,80.92,62,19.08
3403,34,3,703,602,85.63,101,14.37
3404,34,4,417,346,82.97,71,17.03
3405,34,5,701,604,86.16,97,13.84
3406,34,6,489,421,86.09,68,13.91
3407,34,7,225,193,85.78,32,14.22
3408,34,8,389,327,84.06,62,15.94
3409,34,9,727,601,82.67,126,17.33
3410,34,10,292,254,86.99,38,13.01
3411,34,11,478,394,82.43,84,17.57
3412,34,12,498,442,88.76,56,11.24
3413,34,13,616,525,85.23,91,14.77
3414,34,14,573,476,83.07,97,16.93
3415,34,15,457,375,82.06,82,17.94
3416,34,16,740,636,85.95,104,14.05
3417,34,17,657,573,87.21,84,12.79
3418,34,18,623,541,86.84,82,13.16
3419,34,19,477,413,86.58,64,13.42
3420,34,20,620,534,86.13,86,13.87
3501,35,1,176,135,76.7,41,23.3
3502,35,2,433,345,79.68,88,20.32
3503,35,3,321,259,80.69,62,19.31
3504,35,4,493,426,86.41,67,13.59
3505,35,5,677,582,85.97,95,14.03
3506,35,6,986,887,89.96,99,10.04
3507,35,7,662,574,86.71,88,13.29
3508,35,8,461,388,84.16,73,15.84
3509,35,9,779,690,88.58,89,11.42
3510,35,10,495,433,87.47,62,12.53
3511,35,11,653,566,86.68,87,13.32
3512,35,12,835,736,88.14,99,11.86
3513,35,13,558,470,84.23,88,15.77
3514,35,14,495,428,86.46,67,13.54
3515,35,15,651,556,85.41,95,14.59
3516,35,16,859,737,85.8,122,14.2
3517,35,17,551,465,84.39,86,15.61
3518,35,18,368,306,83.15,62,16.85
3519,35,19,539,449,83.3,90,16.7
3520,35,20,318,260,81.76,58,18.24
3521,35,21,499,396,79.36,103,20.64
3522,35,22,653,536,82.08,117,17.92
3601,36,1,265,178,67.17,87,32.83
3602,36,2,325,233,71.69,92,28.31
3603,36,3,267,175,65.54,92,34.46
3604,36,4,322,239,74.22,83,25.78
3605,36,5,261,192,73.56,69,26.44
3606,36,6,210,163,77.62,47,22.38
3607,36,7,180,144,80.0,36,20.0
3608,36,8,141,103,73.05,38,26.95
3609,36,9,391,313,80.05,78,19.95
3610,36,10,288,198,68.75,90,31.25
3611,36,11,204,140,68.63,64,31.37
3612,36,12,148,111,75.0,37,25.0
3613,36,13,84,57,67.86,27,32.14
3614,36,14,266,180,67.67,86,32.33
3615,36,15,129,99,76.74,30,23.26
3616,36,16,97,80,82.47,17,17.53
3617,36,17,387,328,84.75,59,15.25
3618,36,18,443,371,83.75,72,16.25
3619,36,19,570,492,86.32,78,13.68
3620,36,20,653,560,85.76,93,14.24
3621,36,21,440,363,82.5,77,17.5
3622,36,22,548,489,89.23,59,10.77
3623,36,23,495,413,83.43,82,16.57
3624,36,24,508,438,86.22,70,13.78
3625,36,25,601,504,83.86,97,16.14
3626,36,26,530,471,88.87,59,11.13
3627,36,27,591,525,88.83,66,11.17
3701,37,1,360,274,76.11,86,23.89
3702,37,2,297,231,77.78,66,22.22
3703,37,3,327,261,79.82,66,20.18
3704,37,4,367,280,76.29,87,23.71
3705,37,5,250,185,74.0,65,26.0
3706,37,6,454,361,79.52,93,20.48
3707,37,7,307,239,77.85,68,22.15
3708,37,8,430,335,77.91,95,22.09
3709,37,9,177,138,77.97,39,22.03
3710,37,10,297,240,80.81,57,19.19
3711,37,11,313,252,80.51,61,19.49
3712,37,12,415,321,77.35,94,22.65
3713,37,13,258,198,76.74,60,23.26
3714,37,14,394,329,83.5,65,16.5
3715,37,15,345,281,81.45,64,18.55
3716,37,16,428,344,80.37,84,19.63
3717,37,17,252,194,76.98,58,23.02
3718,37,18,312,247,79.17,65,20.83
3719,37,19,265,215,81.13,50,18.87
3720,37,20,438,365,83.33,73,16.67
3721,37,21,238,194,81.51,44,18.49
3722,37,22,313,236,75.4,77,24.6
3801,38,1,656,366,55.79,290,44.21
3802,38,2,341,207,60.7,134,39.3
3803,38,3,475,287,60.42,188,39.58
3804,38,4,342,219,64.04,123,35.96
3805,38,5,561,344,61.32,217,38.68
3806,38,6,382,243,63.61,139,36.39
3807,38,7,442,303,68.55,139,31.45
3808,38,8,377,228,60.48,149,39.52
3809,38,9,379,264,69.66,115,30.34
3810,38,10,362,242,66.85,120,33.15
3811,38,11,426,318,74.65,108,25.35
3812,38,12,586,381,65.02,205,34.98
3813,38,13,299,201,67.22,98,32.78
3814,38,14,408,273,66.91,135,33.09
3815,38,15,344,235,68.31,109,31.69
3816,38,16,574,387,67.42,187,32.58
3817,38,17,515,374,72.62,141,27.38
3818,38,18,592,445,75.17,147,24.83
3819,38,19,613,456,74.39,157,25.61
3820,38,20,517,382,73.89,135,26.11
3821,38,21,646,510,78.95,136,21.05
3822,38,22,445,345,77.53,100,22.47
3823,38,23,613,464,75.69,149,24.31
3824,38,24,582,441,75.77,141,24.23
3825,38,25,677,552,81.54,125,18.46
3901,39,1,479,365,76.2,114,23.8
3902,39,2,237,197,83.12,40,16.88
3903,39,3,398,330,82.91,68,17.09
3904,39,4,520,376,72.31,144,27.69
3905,39,5,359,286,79.67,73,20.33
3906,39,6,295,244,82.71,51,17.29
3907,39,7,263,218,82.89,45,17.11
3908,39,8,269,207,76.95,62,23.05
3909,39,9,247,193,78.14,54,21.86
3910,39,10,349,305,87.39,44,12.61
3911,39,11,220,171,77.73,49,22.27
3912,39,12,439,352,80.18,87,19.82
3913,39,13,661,527,79.73,134,20.27
3914,39,14,669,476,71.15,193,28.85
3915,39,15,542,444,81.92,98,18.08
3916,39,16,298,241,80.87,57,19.13
3917,39,17,732,495,67.62,237,32.38
3918,39,18,320,206,64.38,114,35.63
3919,39,19,678,571,84.22,107,15.78
3920,39,20,440,288,65.45,152,34.55
3921,39,21,573,484,84.47,89,15.53
3922,39,22,278,195,70.14,83,29.86
3923,39,23,65,49,75.38,16,24.62
3924,39,24,433,371,85.68,62,14.32
3925,39,25,303,254,83.83,49,16.17
3926,39,26,262,228,87.02,34,12.98
3927,39,27,267,206,77.15,61,22.85
3928,39,28,278,230,82.73,48,17.27
3929,39,29,134,104,77.61,30,22.39
3930,39,30,246,180,73.17,66,26.83
3931,39,31,320,235,73.44,85,26.56
3932,39,32,767,559,72.88,208,27.12
3933,39,33,270,206,76.3,64,23.7
3934,39,34,314,227,72.29,87,27.71
3935,39,35,537,444,82.68,93,17.32
4001,40,1,514,454,88.33,60,11.67
4002,40,2,538,464,86.25,74,13.75
4003,40,3,470,396,84.26,74,15.74
4004,40,4,492,403,81.91,89,18.09
4005,40,5,405,333,82.22,72,17.78
4006,40,6,455,380,83.52,75,16.48
4007,40,7,497,426,85.71,71,14.29
4008,40,8,336,288,85.71,48,14.29
4009,40,9,606,486,80.2,120,19.8
4010,40,10,909,798,87.79,111,12.21
4011,40,11,568,460,80.99,108,19.01
4012,40,12,603,531,88.06,72,11.94
4013,40,13,641,589,91.89,52,8.11
4014,40,14,829,756,91.19,73,8.81
4015,40,15,626,580,92.65,46,7.35
4016,40,16,614,557,90.72,57,9.28
4017,40,17,642,568,88.47,74,11.53
4018,40,18,704,636,90.34,68,9.66
4019,40,19,623,560,89.89,63,10.11
4020,40,20,712,651,91.43,61,8.57
4021,40,21,644,592,91.93,52,8.07
4022,40,22,883,782,88.56,101,11.44
4023,40,23,917,825,89.97,92,10.03
4101,41,1,382,238,62.3,144,37.7
4102,41,2,258,179,69.38,79,30.62
4103,41,3,274,175,63.87,99,36.13
4104,41,4,384,225,58.59,159,41.41
4105,41,5,419,250,59.67,169,40.33
4106,41,6,405,253,62.47,152,37.53
4107,41,7,347,203,58.5,144,41.5
4108,41,8,349,227,65.04,122,34.96
4109,41,9,672,449,66.82,223,33.18
4110,41,10,544,352,64.71,192,35.29
4111,41,11,415,280,67.47,135,32.53
4112,41,12,272,162,59.56,110,40.44
4113,41,13,588,394,67.01,194,32.99
4114,41,14,681,416,61.09,265,38.91
4115,41,15,883,524,59.34,359,40.66
4116,41,16,299,192,64.21,107,35.79
4117,41,17,197,125,63.45,72,36.55
4118,41,18,639,438,68.54,201,31.46
4119,41,19,329,219,66.57,110,33.43
4120,41,20,352,220,62.5,132,37.5
4121,41,21,348,215,61.78,133,38.22
4122,41,22,290,178,61.38,112,38.62
4123,41,23,406,242,59.61,164,40.39
4124,41,24,637,399,62.64,238,37.36
4125,41,25,554,299,53.97,255,46.03
4126,41,26,700,465,66.43,235,33.57
4127,41,27,488,307,62.91,181,37.09
4128,41,28,807,535,66.29,272,33.71
4129,41,29,845,573,67.81,272,32.19
4130,41,30,663,375,56.56,288,43.44
4131,41,31,589,335,56.88,254,43.12
4201,42,1,274,224,81.75,50,18.25
4202,42,2,247,202,81.78,45,18.22
4203,42,3,681,564,82.82,117,17.18
4204,42,4,582,468,80.41,114,19.59
4205,42,5,814,670,82.31,144,17.69
4206,42,6,346,280,80.92,66,19.08
4207,42,7,546,454,83.15,92,16.85
4208,42,8,375,316,84.27,59,15.73
4209,42,9,616,494,80.19,122,19.81
4210,42,10,401,316,78.8,85,21.2
4211,42,11,456,395,86.62,61,13.38
4212,42,12,358,287,80.17,71,19.83
4213,42,13,273,224,82.05,49,17.95
4214,42,14,206,181,87.86,25,12.14
4215,42,15,201,165,82.09,36,17.91
4216,42,16,666,536,80.48,130,19.52
4217,42,17,742,607,81.81,135,18.19
4218,42,18,412,342,83.01,70,16.99
4219,42,19,606,518,85.48,88,14.52
4220,42,20,605,487,80.5,118,19.5
4221,42,21,679,583,85.86,96,14.14
4222,42,22,676,559,82.69,117,17.31
4223,42,23,697,584,83.79,113,16.21
4224,42,24,691,578,83.65,113,16.35
4301,43,1,685,572,83.5,113,16.5
4302,43,2,792,674,85.1,118,14.9
4303,43,3,261,217,83.14,44,16.86
4304,43,4,522,451,86.4,71,13.6
4305,43,5,836,735,87.92,101,12.08
4306,43,6,973,855,87.87,118,12.13
4307,43,7,881,761,86.38,120,13.62
4308,43,8,719,633,88.04,86,11.96
4309,43,9,970,853,87.94,117,12.06
4310,43,10,620,525,84.68,95,15.32
4311,43,11,410,341,83.17,69,16.83
4312,43,12,785,684,87.13,101,12.87
4313,43,13,616,536,87.01,80,12.99
4314,43,14,361,311,86.15,50,13.85
4315,43,15,760,652,85.79,108,14.21
4316,43,16,316,271,85.76,45,14.24
4317,43,17,735,644,87.62,91,12.38
4318,43,18,888,773,87.05,115,12.95
4319,43,19,828,710,85.75,118,14.25
4320,43,20,701,604,86.16,97,13.84
4321,43,21,365,315,86.3,50,13.7
4322,43,22,851,739,86.84,112,13.16
4323,43,23,582,498,85.57,84,14.43
4401,44,1,834,755,90.53,79,9.47
4402,44,2,566,477,84.28,89,15.72
4403,44,3,753,658,87.38,95,12.62
4404,44,4,962,854,88.77,108,11.23
4405,44,5,744,680,91.4,64,8.6
4406,44,6,678,598,88.2,80,11.8
4407,44,7,707,623,88.12,84,11.88
4408,44,8,732,657,89.75,75,10.25
4409,44,9,987,869,88.04,118,11.96
4410,44,10,917,811,88.44,106,11.56
4411,44,11,763,649,85.06,114,14.94
4412,44,12,905,806,89.06,99,10.94
4413,44,13,877,770,87.8,107,12.2
4414,44,14,841,751,89.3,90,10.7
4415,44,15,930,819,88.06,111,11.94
4416,44,16,944,826,87.5,118,12.5
4417,44,17,965,856,88.7,109,11.3
4418,44,18,673,596,88.56,77,11.44
4419,44,19,906,780,86.09,126,13.91
4420,44,20,566,516,91.17,50,8.83
4421,44,21,932,847,90.88,85,9.12
4501,45,1,824,556,67.48,268,32.52
4502,45,2,432,317,73.38,115,26.62
4503,45,3,250,168,67.2,82,32.8
4504,45,4,313,223,71.25,90,28.75
4505,45,5,463,346,74.73,117,25.27
4506,45,6,525,360,68.57,165,31.43
4507,45,7,522,367,70.31,155,29.69
4508,45,8,433,300,69.28,133,30.72
4509,45,9,467,342,73.23,125,26.77
4510,45,10,487,324,66.53,163,33.47
4511,45,11,638,437,68.5,201,31.5
4512,45,12,414,307,74.15,107,25.85
4513,45,13,611,456,74.63,155,25.37
4514,45,14,360,270,75.0,90,25.0
4515,45,15,437,336,76.89,101,23.11
4516,45,16,517,414,80.08,103,19.92
4517,45,17,581,425,73.15,156,26.85
4518,45,18,558,422,75.63,136,24.37
4519,45,19,365,279,76.44,86,23.56
4520,45,20,492,386,78.46,106,21.54
4521,45,21,424,320,75.47,104,24.53
4522,45,22,543,435,80.11,108,19.89
4523,45,23,541,425,78.56,116,21.44
4524,45,24,472,347,73.52,125,26.48
4525,45,25,644,501,77.8,143,22.2
4526,45,26,482,383,79.46,99,20.54
4527,45,27,602,504,83.72,98,16.28
4528,45,28,530,420,79.25,110,20.75
4529,45,29,533,454,85.18,79,14.82
4601,46,1,661,580,87.75,81,12.25
4602,46,2,642,578,90.03,64,9.97
4603,46,3,751,660,87.88,91,12.12
4604,46,4,849,746,87.87,103,12.13
4605,46,5,685,596,87.01,89,12.99
4606,46,6,1046,919,87.86,127,12.14
4607,46,7,645,576,89.3,69,10.7
4608,46,8,806,692,85.86,114,14.14
4609,46,9,780,685,87.82,95,12.18
4610,46,10,719,654,90.96,65,9.04
4611,46,11,834,730,87.53,104,12.47
4612,46,12,1007,916,90.96,91,9.04
4613,46,13,902,821,91.02,81,8.98
4614,46,14,493,440,89.25,53,10.75
4615,46,15,948,833,87.87,115,12.13
4616,46,16,687,632,91.99,55,8.01
4617,46,17,893,815,91.27,78,8.73
4618,46,18,834,737,88.37,97,11.63
4619,46,19,651,572,87.86,79,12.14
4620,46,20,591,526,89.0,65,11.0
4621,46,21,458,416,90.83,42,9.17
4622,46,22,557,479,86.0,78,14.0
4623,46,23,493,452,91.68,41,8.32
4701,47,1,672,603,89.73,69,10.27
4702,47,2,630,565,89.68,65,10.32
4703,47,3,634,572,90.22,62,9.78
4704,47,4,812,736,90.64,76,9.36
4705,47,5,923,857,92.85,66,7.15
4706,47,6,793,740,93.32,53,6.68
4707,47,7,1163,1057,90.89,106,9.11
4708,47,8,717,649,90.52,68,9.48
4709,47,9,908,804,88.55,104,11.45
4710,47,10,796,734,92.21,62,7.79
4711,47,11,687,625,90.98,62,9.02
4712,47,12,516,472,91.47,44,8.53
4713,47,13,551,505,91.65,46,8.35
4714,47,14,684,589,86.11,95,13.89
4715,47,15,706,622,88.1,84,11.9
4716,47,16,714,619,86.69,95,13.31
4717,47,17,645,563,87.29,82,12.71
4718,47,18,795,724,91.07,71,8.93
4719,47,19,784,714,91.07,70,8.93
4720,47,20,771,682,88.46,89,11.54
4721,47,21,783,693,88.51,90,11.49
4722,47,22,627,541,86.28,86,13.72
4723,47,23,761,674,88.57,87,11.43
4724,47,24,888,764,86.04,124,13.96
4725,47,25,682,603,88.42,79,11.58
4726,47,26,870,772,88.74,98,11.26
4727,47,27,789,708,89.73,81,10.27
4728,47,28,570,486,85.26,84,14.74
4801,48,1,804,739,91.92,65,8.08
4802,48,2,254,228,89.76,26,10.24
4803,48,3,424,357,84.2,67,15.8
4804,48,4,467,411,88.01,56,11.99
4805,48,5,267,244,91.39,23,8.61
4806,48,6,633,576,91.0,57,9.0
4807,48,7,634,585,92.27,49,7.73
4808,48,8,404,344,85.15,60,14.85
4809,48,9,304,244,80.26,60,19.74
4810,48,10,764,716,93.72,48,6.28
4811,48,11,473,451,95.35,22,4.65
4812,48,12,665,581,87.37,84,12.63
4813,48,13,501,423,84.43,78,15.57
4814,48,14,586,534,91.13,52,8.87
4815,48,15,445,387,86.97,58,13.03
4816,48,16,363,325,89.53,38,10.47
4817,48,17,193,169,87.56,24,12.44
4818,48,18,632,547,86.55,85,13.45
4819,48,19,335,289,86.27,46,13.73
4820,48,20,237,209,88.19,28,11.81
4821,48,21,550,475,86.36,75,13.64
4822,48,22,310,268,86.45,42,13.55
4823,48,23,386,355,91.97,31,8.03
4824,48,24,765,631,82.48,134,17.52
4825,48,25,645,581,90.08,64,9.92
4826,48,26,335,294,87.76,41,12.24
4827,48,27,402,349,86.82,53,13.18
4828,48,28,538,496,92.19,42,7.81
4829,48,29,183,160,87.43,23,12.57
4830,48,30,570,523,91.75,47,8.25
4831,48,31,588,529,89.97,59,10.03
4832,48,32,470,413,87.87,57,12.13
4833,48,33,224,194,86.61,30,13.39
4834,48,34,452,406,89.82,46,10.18
4835,48,35,714,656,91.88,58,8.12
4901,49,1,690,593,85.94,97,14.06
4902,49,2,590,513,86.95,77,13.05
4903,49,3,788,689,87.44,99,12.56
4904,49,4,799,729,91.24,70,8.76
4905,49,5,855,762,89.12,93,10.88
4906,49,6,77,69,89.61,8,10.39
4907,49,7,820,713,86.95,107,13.05
4908,49,8,983,903,91.86,80,8.14
4909,49,9,887,782,88.16,105,11.84
4910,49,10,592,518,87.5,74,12.5
4911,49,11,635,549,86.46,86,13.54
4912,49,12,584,516,88.36,68,11.64
4913,49,13,727,644,88.58,83,11.42
4914,49,14,884,794,89.82,90,10.18
4915,49,15,799,716,89.61,83,10.39
4916,49,16,732,664,90.71,68,9.29
4917,49,17,839,740,88.2,99,11.8
5001,50,1,325,257,79.08,68,20.92
5002,50,2,366,281,76.78,85,23.22
5003,50,3,291,238,81.79,53,18.21
5004,50,4,362,297,82.04,65,17.96
5005,50,5,528,420,79.55,108,20.45
5006,50,6,252,211,83.73,41,16.27
5007,50,7,666,568,85.29,98,14.71
5008,50,8,457,392,85.78,65,14.22
5009,50,9,122,106,86.89,16,13.11
5010,50,10,268,203,75.75,65,24.25
5011,50,11,318,237,74.53,81,25.47
5012,50,12,122,92,75.41,30,24.59
5013,50,13,457,384,84.03,73,15.97
5014,50,14,88,57,64.77,31,35.23
5015,50,15,466,390,83.69,76,16.31
5016,50,16,82,55,67.07,27,32.93
5017,50,17,214,172,80.37,42,19.63
5018,50,18,34,21,61.76,13,38.24
5019,50,19,203,171,84.24,32,15.76
5020,50,20,184,156,84.78,28,15.22
5021,50,21,412,336,81.55,76,18.45
5022,50,22,372,269,72.31,103,27.69
5023,50,23,301,221,73.42,80,26.58
5024,50,24,373,270,72.39,103,27.61
5025,50,25,116,93,80.17,23,19.83
5026,50,26,186,145,77.96,41,22.04
5027,50,27,80,56,70.0,24,30.0
5028,50,28,472,414,87.71,58,12.29
