id,ward,precinct,total,Yes,Yes Percent,No,No Percent
0101,1,1,740,659,89.05,81,10.95
0102,1,2,694,622,89.63,72,10.37
0103,1,3,784,690,88.01,94,11.99
0104,1,4,704,637,90.48,67,9.52
0105,1,5,720,633,87.92,87,12.08
0106,1,6,620,544,87.74,76,12.26
0107,1,7,763,692,90.69,71,9.31
0108,1,8,677,606,89.51,71,10.49
0109,1,9,347,293,84.44,54,15.56
0110,1,10,881,783,88.88,98,11.12
0111,1,11,678,594,87.61,84,12.39
0112,1,12,308,264,85.71,44,14.29
0113,1,13,471,420,89.17,51,10.83
0114,1,14,407,356,87.47,51,12.53
0115,1,15,708,639,90.25,69,9.75
0116,1,16,688,599,87.06,89,12.94
0117,1,17,439,386,87.93,53,12.07
0118,1,18,642,573,89.25,69,10.75
0119,1,19,601,529,88.02,72,11.98
0120,1,20,562,506,90.04,56,9.96
0121,1,21,575,491,85.39,84,14.61
0122,1,22,768,679,88.41,89,11.59
0123,1,23,399,337,84.46,62,15.54
0124,1,24,873,776,88.89,97,11.11
0125,1,25,712,620,87.08,92,12.92
0126,1,26,640,540,84.38,100,15.63
0201,2,1,655,538,82.14,117,17.86
0202,2,2,785,662,84.33,123,15.67
0203,2,3,500,423,84.6,77,15.4
0204,2,4,526,441,83.84,85,16.16
0205,2,5,512,427,83.4,85,16.6
0206,2,6,737,595,80.73,142,19.27
0207,2,7,650,520,80.0,130,20.0
0208,2,8,506,417,82.41,89,17.59
0209,2,9,749,593,79.17,156,20.83
0210,2,10,333,265,79.58,68,20.42
0211,2,11,553,465,84.09,88,15.91
0212,2,12,519,420,80.92,99,19.08
0213,2,13,687,546,79.48,141,20.52
0214,2,14,393,333,84.73,60,15.27
0215,2,15,566,459,81.1,107,18.9
0216,2,16,634,521,82.18,113,17.82
0217,2,17,920,791,85.98,129,14.02
0218,2,18,551,458,83.12,93,16.88
0219,2,19,308,271,87.99,37,12.01
0220,2,20,398,306,76.88,92,23.12
0221,2,21,126,94,74.6,32,25.4
0222,2,22,451,378,83.81,73,16.19
0223,2,23,492,429,87.2,63,12.8
0224,2,24,421,346,82.19,75,17.81
0225,2,25,604,491,81.29,113,18.71
0301,3,1,579,425,73.4,154,26.6
0302,3,2,536,442,82.46,94,17.54
0303,3,3,412,344,83.5,68,16.5
0304,3,4,427,359,84.07,68,15.93
0305,3,5,111,86,77.48,25,22.52
0306,3,6,586,456,77.82,130,22.18
0307,3,7,264,220,83.33,44,16.67
0308,3,8,440,326,74.09,114,25.91
0309,3,9,367,329,89.65,38,10.35
0310,3,10,387,316,81.65,71,18.35
0311,3,11,613,486,79.28,127,20.72
0312,3,12,448,350,78.13,98,21.88
0313,3,13,681,564,82.82,117,17.18
0314,3,14,783,642,81.99,141,18.01
0315,3,15,454,369,81.28,85,18.72
0316,3,16,268,233,86.94,35,13.06
0317,3,17,154,120,77.92,34,22.08
0318,3,18,168,122,72.62,46,27.38
0319,3,19,790,659,83.42,131,16.58
0320,3,20,503,401,79.72,102,20.28
0321,3,21,515,433,84.08,82,15.92
0322,3,22,385,328,85.19,57,14.81
0323,3,23,267,208,77.9,59,22.1
0324,3,24,107,85,79.44,22,20.56
0325,3,25,778,643,82.65,135,17.35
0326,3,26,259,195,75.29,64,24.71
0327,3,27,658,528,80.24,130,19.76
0401,4,1,718,637,88.72,81,11.28
0402,4,2,254,216,85.04,38,14.96
0403,4,3,472,428,90.68,44,9.32
0404,4,4,569,461,81.02,108,18.98
0405,4,5,282,238,84.4,44,15.6
0406,4,6,409,349,85.33,60,14.67
0407,4,7,288,252,87.5,36,12.5
0408,4,8,413,349,84.5,64,15.5
0409,4,9,458,363,79.26,95,20.74
0410,4,10,399,335,83.96,64,16.04
0411,4,11,546,454,83.15,92,16.85
0412,4,12,347,290,83.57,57,16.43
0413,4,13,357,282,78.99,75,21.01
0414,4,14,312,247,79.17,65,20.83
0415,4,15,331,279,84.29,52,15.71
0416,4,16,456,363,79.61,93,20.39
0417,4,17,583,470,80.62,113,19.38
0418,4,18,180,132,73.33,48,26.67
0419,4,19,396,322,81.31,74,18.69
0420,4,20,567,463,81.66,104,18.34
0421,4,21,359,309,86.07,50,13.93
0422,4,22,187,154,82.35,33,17.65
0423,4,23,333,266,79.88,67,20.12
0424,4,24,616,503,81.66,113,18.34
0425,4,25,791,681,86.09,110,13.91
0426,4,26,670,578,86.27,92,13.73
0427,4,27,753,626,83.13,127,16.87
0428,4,28,761,658,86.47,103,13.53
0501,5,1,526,427,81.18,99,18.82
0502,5,2,618,500,80.91,118,19.09
0503,5,3,572,462,80.77,110,19.23
0504,5,4,451,356,78.94,95,21.06
0505,5,5,246,202,82.11,44,17.89
0506,5,6,222,183,82.43,39,17.57
0507,5,7,134,98,73.13,36,26.87
0508,5,8,175,132,75.43,43,24.57
0509,5,9,166,126,75.9,40,24.1
0510,5,10,259,209,80.69,50,19.31
0511,5,11,341,250,73.31,91,26.69
0512,5,12,615,563,91.54,52,8.46
0513,5,13,265,212,80.0,53,20.0
0514,5,14,284,226,79.58,58,20.42
0515,5,15,883,787,89.13,96,10.87
0516,5,16,552,492,89.13,60,10.87
0517,5,17,378,344,91.01,34,8.99
0518,5,18,816,702,86.03,114,13.97
0519,5,19,352,316,89.77,36,10.23
0520,5,20,611,527,86.25,84,13.75
0521,5,21,527,473,89.75,54,10.25
0522,5,22,616,556,90.26,60,9.74
0523,5,23,328,291,88.72,37,11.28
0524,5,24,328,306,93.29,22,6.71
0525,5,25,817,776,94.98,41,5.02
0601,6,1,156,123,78.85,33,21.15
0602,6,2,201,154,76.62,47,23.38
0603,6,3,64,47,73.44,17,26.56
0604,6,4,168,132,78.57,36,21.43
0605,6,5,287,218,75.96,69,24.04
0606,6,6,260,191,73.46,69,26.54
0607,6,7,334,258,77.25,76,22.75
0608,6,8,253,195,77.08,58,22.92
0609,6,9,536,441,82.28,95,17.72
0610,6,10,124,97,78.23,27,21.77
0611,6,11,152,122,80.26,30,19.74
0612,6,12,349,266,76.22,83,23.78
0613,6,13,441,344,78.0,97,22.0
0614,6,14,428,354,82.71,74,17.29
0615,6,15,454,354,77.97,100,22.03
0616,6,16,288,225,78.13,63,21.88
0617,6,17,530,411,77.55,119,22.45
0618,6,18,595,492,82.69,103,17.31
0619,6,19,376,288,76.6,88,23.4
0620,6,20,645,536,83.1,109,16.9
0621,6,21,471,365,77.49,106,22.51
0622,6,22,644,517,80.28,127,19.72
0623,6,23,610,489,80.16,121,19.84
0624,6,24,533,443,83.11,90,16.89
0625,6,25,406,346,85.22,60,14.78
0626,6,26,693,569,82.11,124,17.89
0627,6,27,612,495,80.88,117,19.12
0701,7,1,474,372,78.48,102,21.52
0702,7,2,602,504,83.72,98,16.28
0703,7,3,319,234,73.35,85,26.65
0704,7,4,384,307,79.95,77,20.05
0705,7,5,530,429,80.94,101,19.06
0706,7,6,141,105,74.47,36,25.53
0707,7,7,317,231,72.87,86,27.13
0708,7,8,212,170,80.19,42,19.81
0709,7,9,350,255,72.86,95,27.14
0710,7,10,504,418,82.94,86,17.06
0711,7,11,422,338,80.09,84,19.91
0712,7,12,516,434,84.11,82,15.89
0713,7,13,349,260,74.5,89,25.5
0714,7,14,312,251,80.45,61,19.55
0715,7,15,463,375,80.99,88,19.01
0716,7,16,160,134,83.75,26,16.25
0717,7,17,128,100,78.13,28,21.88
0718,7,18,57,52,91.23,5,8.77
0719,7,19,604,498,82.45,106,17.55
0720,7,20,339,272,80.24,67,19.76
0721,7,21,252,214,84.92,38,15.08
0722,7,22,296,246,83.11,50,16.89
0723,7,23,210,165,78.57,45,21.43
0724,7,24,60,40,66.67,20,33.33
0725,7,25,326,260,79.75,66,20.25
0726,7,26,461,370,80.26,91,19.74
0727,7,27,270,223,82.59,47,17.41
0728,7,28,180,141,78.33,39,21.67
0729,7,29,255,208,81.57,47,18.43
0730,7,30,237,193,81.43,44,18.57
0731,7,31,110,89,80.91,21,19.09
0801,8,1,501,396,79.04,105,20.96
0802,8,2,238,180,75.63,58,24.37
0803,8,3,196,167,85.2,29,14.8
0804,8,4,457,368,80.53,89,19.47
0805,8,5,317,262,82.65,55,17.35
0806,8,6,563,465,82.59,98,17.41
0807,8,7,320,257,80.31,63,19.69
0808,8,8,687,586,85.3,101,14.7
0809,8,9,428,348,81.31,80,18.69
0810,8,10,501,376,75.05,125,24.95
0811,8,11,415,337,81.2,78,18.8
0812,8,12,470,403,85.74,67,14.26
0813,8,13,453,382,84.33,71,15.67
0814,8,14,495,434,87.68,61,12.32
0815,8,15,374,315,84.22,59,15.78
0816,8,16,355,294,82.82,61,17.18
0817,8,17,577,489,84.75,88,15.25
0818,8,18,750,643,85.73,107,14.27
0819,8,19,609,493,80.95,116,19.05
0820,8,20,267,212,79.4,55,20.6
0821,8,21,236,190,80.51,46,19.49
0822,8,22,224,178,79.46,46,20.54
0823,8,23,586,474,80.89,112,19.11
0824,8,24,420,352,83.81,68,16.19
0825,8,25,163,135,82.82,28,17.18
0826,8,26,340,261,76.76,79,23.24
0827,8,27,457,373,81.62,84,18.38
0828,8,28,303,223,73.6,80,26.4
0829,8,29,302,245,81.13,57,18.87
0830,8,30,394,318,80.71,76,19.29
0901,9,1,488,372,76.23,116,23.77
0902,9,2,329,250,75.99,79,24.01
0903,9,3,159,109,68.55,50,31.45
0904,9,4,353,283,80.17,70,19.83
0905,9,5,347,284,81.84,63,18.16
0906,9,6,605,495,81.82,110,18.18
0907,9,7,451,344,76.27,107,23.73
0908,9,8,467,365,78.16,102,21.84
0909,9,9,275,207,75.27,68,24.73
0910,9,10,583,481,82.5,102,17.5
0911,9,11,194,152,78.35,42,21.65
0912,9,12,527,430,81.59,97,18.41
0913,9,13,496,399,80.44,97,19.56
0914,9,14,277,233,84.12,44,15.88
0915,9,15,385,313,81.3,72,18.7
0916,9,16,515,398,77.28,117,22.72
0917,9,17,165,126,76.36,39,23.64
0918,9,18,271,212,78.23,59,21.77
0919,9,19,232,187,80.6,45,19.4
0920,9,20,407,304,74.69,103,25.31
0921,9,21,466,361,77.47,105,22.53
0922,9,22,321,259,80.69,62,19.31
0923,9,23,265,214,80.75,51,19.25
0924,9,24,403,320,79.4,83,20.6
0925,9,25,318,261,82.08,57,17.92
0926,9,26,433,359,82.91,74,17.09
0927,9,27,251,194,77.29,57,22.71
0928,9,28,201,144,71.64,57,28.36
0929,9,29,592,479,80.91,113,19.09
0930,9,30,476,374,78.57,102,21.43
1001,10,1,126,104,82.54,22,17.46
1002,10,2,143,102,71.33,41,28.67
1003,10,3,253,179,70.75,74,29.25
1004,10,4,284,218,76.76,66,23.24
1005,10,5,112,80,71.43,32,28.57
1006,10,6,135,99,73.33,36,26.67
1007,10,7,270,187,69.26,83,30.74
1008,10,8,254,189,74.41,65,25.59
1009,10,9,285,214,75.09,71,24.91
1010,10,10,309,229,74.11,80,25.89
1011,10,11,108,74,68.52,34,31.48
1012,10,12,285,219,76.84,66,23.16
1013,10,13,311,245,78.78,66,21.22
1014,10,14,409,288,70.42,121,29.58
1015,10,15,366,259,70.77,107,29.23
1016,10,16,433,285,65.82,148,34.18
1017,10,17,386,269,69.69,117,30.31
1018,10,18,478,286,59.83,192,40.17
1019,10,19,285,189,66.32,96,33.68
1020,10,20,191,132,69.11,59,30.89
1021,10,21,239,143,59.83,96,40.17
1022,10,22,414,258,62.32,156,37.68
1023,10,23,278,208,74.82,70,25.18
1024,10,24,130,88,67.69,42,32.31
1025,10,25,204,149,73.04,55,26.96
1101,11,1,148,118,79.73,30,20.27
1102,11,2,76,63,82.89,13,17.11
1103,11,3,407,291,71.5,116,28.5
1104,11,4,315,228,72.38,87,27.62
1105,11,5,336,247,73.51,89,26.49
1106,11,6,419,307,73.27,112,26.73
1107,11,7,214,167,78.04,47,21.96
1108,11,8,372,248,66.67,124,33.33
1109,11,9,410,286,69.76,124,30.24
1110,11,10,72,43,59.72,29,40.28
1111,11,11,61,42,68.85,19,31.15
1112,11,12,127,81,63.78,46,36.22
1113,11,13,368,260,70.65,108,29.35
1114,11,14,693,501,72.29,192,27.71
1115,11,15,524,413,78.82,111,21.18
1116,11,16,620,485,78.23,135,21.77
1117,11,17,283,205,72.44,78,27.56
1118,11,18,382,289,75.65,93,24.35
1119,11,19,129,88,68.22,41,31.78
1120,11,20,386,300,77.72,86,22.28
1121,11,21,647,413,63.83,234,36.17
1122,11,22,428,256,59.81,172,40.19
1123,11,23,455,306,67.25,149,32.75
1201,12,1,237,171,72.15,66,27.85
1202,12,2,170,127,74.71,43,25.29
1203,12,3,329,257,78.12,72,21.88
1204,12,4,275,212,77.09,63,22.91
1205,12,5,267,187,70.04,80,29.96
1206,12,6,230,167,72.61,63,27.39
1207,12,7,239,166,69.46,73,30.54
1208,12,8,233,180,77.25,53,22.75
1209,12,9,130,95,73.08,35,26.92
1210,12,10,264,184,69.7,80,30.3
1211,12,11,199,147,73.87,52,26.13
1212,12,12,173,123,71.1,50,28.9
1213,12,13,186,137,73.66,49,26.34
1214,12,14,112,81,72.32,31,27.68
1215,12,15,235,165,70.21,70,29.79
1216,12,16,265,191,72.08,74,27.92
1217,12,17,224,165,73.66,59,26.34
1218,12,18,240,186,77.5,54,22.5
1219,12,19,149,108,72.48,41,27.52
1220,12,20,201,152,75.62,49,24.38
1221,12,21,200,143,71.5,57,28.5
1222,12,22,196,137,69.9,59,30.1
1301,13,1,221,174,78.73,47,21.27
1302,13,2,271,190,70.11,81,29.89
1303,13,3,378,203,53.7,175,46.3
1304,13,4,300,225,75.0,75,25.0
1305,13,5,266,172,64.66,94,35.34
1306,13,6,277,169,61.01,108,38.99
1307,13,7,218,128,58.72,90,41.28
1308,13,8,337,229,67.95,108,32.05
1309,13,9,397,237,59.7,160,40.3
1310,13,10,375,213,56.8,162,43.2
1311,13,11,219,133,60.73,86,39.27
1312,13,12,207,142,68.6,65,31.4
1313,13,13,268,161,60.07,107,39.93
1314,13,14,241,131,54.36,110,45.64
1315,13,15,194,112,57.73,82,42.27
1316,13,16,310,207,66.77,103,33.23
1317,13,17,331,233,70.39,98,29.61
1318,13,18,226,159,70.35,67,29.65
1319,13,19,212,111,52.36,101,47.64
1320,13,20,322,194,60.25,128,39.75
1321,13,21,275,166,60.36,109,39.64
1322,13,22,340,252,74.12,88,25.88
1323,13,23,354,188,53.11,166,46.89
1324,13,24,262,179,68.32,83,31.68
1325,13,25,258,183,70.93,75,29.07
1326,13,26,203,138,67.98,65,32.02
1327,13,27,174,137,78.74,37,21.26
1328,13,28,219,146,66.67,73,33.33
1329,13,29,207,150,72.46,57,27.54
1330,13,30,321,169,52.65,152,47.35
1331,13,31,227,118,51.98,109,48.02
1332,13,32,231,137,59.31,94,40.69
1333,13,33,282,181,64.18,101,35.82
1334,13,34,347,191,55.04,156,44.96
1335,13,35,408,260,63.73,148,36.27
1336,13,36,170,133,78.24,37,21.76
1337,13,37,347,194,55.91,153,44.09
1338,13,38,190,125,65.79,65,34.21
1339,13,39,340,200,58.82,140,41.18
1340,13,40,282,166,58.87,116,41.13
1401,14,1,369,279,75.61,90,24.39
1402,14,2,259,182,70.27,77,29.73
1403,14,3,176,129,73.3,47,26.7
1404,14,4,87,62,71.26,25,28.74
1405,14,5,290,228,78.62,62,21.38
1406,14,6,379,287,75.73,92,24.27
1407,14,7,328,225,68.6,103,31.4
1408,14,8,344,252,73.26,92,26.74
1409,14,9,365,255,69.86,110,30.14
1410,14,10,318,232,72.96,86,27.04
1411,14,11,377,287,76.13,90,23.87
1412,14,12,246,178,72.36,68,27.64
1413,14,13,398,297,74.62,101,25.38
1414,14,14,208,145,69.71,63,30.29
1415,14,15,212,153,72.17,59,27.83
1501,15,1,240,132,55.0,108,45.0
1502,15,2,342,184,53.8,158,46.2
1503,15,3,123,81,65.85,42,34.15
1504,15,4,152,112,73.68,40,26.32
1505,15,5,102,74,72.55,28,27.45
1506,15,6,230,167,72.61,63,27.39
1507,15,7,179,113,63.13,66,36.87
1508,15,8,192,129,67.19,63,32.81
1509,15,9,226,167,73.89,59,26.11
1510,15,10,175,134,76.57,41,23.43
1511,15,11,174,126,72.41,48,27.59
1512,15,12,233,179,76.82,54,23.18
1513,15,13,184,132,71.74,52,28.26
1514,15,14,187,139,74.33,48,25.67
1515,15,15,191,143,74.87,48,25.13
1516,15,16,297,232,78.11,65,21.89
1517,15,17,323,243,75.23,80,24.77
1518,15,18,227,170,74.89,57,25.11
1519,15,19,137,95,69.34,42,30.66
1520,15,20,207,152,73.43,55,26.57
1601,16,1,294,217,73.81,77,26.19
1602,16,2,188,139,73.94,49,26.06
1603,16,3,233,176,75.54,57,24.46
1604,16,4,147,114,77.55,33,22.45
1605,16,5,329,261,79.33,68,20.67
1606,16,6,300,222,74.0,78,26.0
1607,16,7,185,144,77.84,41,22.16
1608,16,8,136,100,73.53,36,26.47
1609,16,9,303,231,76.24,72,23.76
1610,16,10,228,173,75.88,55,24.12
1611,16,11,196,144,73.47,52,26.53
1612,16,12,81,60,74.07,21,25.93
1613,16,13,123,96,78.05,27,21.95
1614,16,14,319,234,73.35,85,26.65
1615,16,15,253,192,75.89,61,24.11
1616,16,16,190,148,77.89,42,22.11
1617,16,17,363,284,78.24,79,21.76
1618,16,18,339,245,72.27,94,27.73
1619,16,19,265,199,75.09,66,24.91
1620,16,20,255,199,78.04,56,21.96
1621,16,21,171,121,70.76,50,29.24
1622,16,22,268,200,74.63,68,25.37
1623,16,23,187,135,72.19,52,27.81
1624,16,24,213,162,76.06,51,23.94
1625,16,25,104,82,78.85,22,21.15
1701,17,1,350,264,75.43,86,24.57
1702,17,2,219,169,77.17,50,22.83
1703,17,3,254,201,79.13,53,20.87
1704,17,4,262,202,77.1,60,22.9
1705,17,5,169,127,75.15,42,24.85
1706,17,6,239,185,77.41,54,22.59
1707,17,7,146,112,76.71,34,23.29
1708,17,8,197,153,77.66,44,22.34
1709,17,9,195,139,71.28,56,28.72
1710,17,10,374,279,74.6,95,25.4
1711,17,11,239,174,72.8,65,27.2
1712,17,12,148,114,77.03,34,22.97
1713,17,13,162,134,82.72,28,17.28
1714,17,14,167,124,74.25,43,25.75
1715,17,15,490,383,78.16,107,21.84
1716,17,16,212,160,75.47,52,24.53
1717,17,17,190,158,83.16,32,16.84
1718,17,18,557,450,80.79,107,19.21
1719,17,19,373,303,81.23,70,18.77
1720,17,20,381,302,79.27,79,20.73
1721,17,21,413,329,79.66,84,20.34
1722,17,22,415,315,75.9,100,24.1
1723,17,23,278,218,78.42,60,21.58
1724,17,24,444,360,81.08,84,18.92
1725,17,25,200,153,76.5,47,23.5
1726,17,26,388,314,80.93,74,19.07
1727,17,27,459,362,78.87,97,21.13
1728,17,28,527,412,78.18,115,21.82
1729,17,29,485,367,75.67,118,24.33
1801,18,1,566,437,77.21,129,22.79
1802,18,2,618,485,78.48,133,21.52
1803,18,3,253,204,80.63,49,19.37
1804,18,4,441,369,83.67,72,16.33
1805,18,5,361,290,80.33,71,19.67
1806,18,6,562,467,83.1,95,16.9
1807,18,7,499,401,80.36,98,19.64
1808,18,8,749,587,78.37,162,21.63
1809,18,9,588,475,80.78,113,19.22
1810,18,10,681,535,78.56,146,21.44
1811,18,11,369,292,79.13,77,20.87
1812,18,12,603,483,80.1,120,19.9
1813,18,13,498,393,78.92,105,21.08
1814,18,14,383,304,79.37,79,20.63
1815,18,15,286,221,77.27,65,22.73
1816,18,16,437,350,80.09,87,19.91
1817,18,17,323,233,72.14,90,27.86
1818,18,18,401,302,75.31,99,24.69
1819,18,19,363,283,77.96,80,22.04
1820,18,20,326,242,74.23,84,25.77
1821,18,21,457,369,80.74,88,19.26
1822,18,22,433,295,68.13,138,31.87
1823,18,23,515,328,63.69,187,36.31
1824,18,24,560,386,68.93,174,31.07
1825,18,25,302,214,70.86,88,29.14
1826,18,26,523,356,68.07,167,31.93
1901,19,1,699,400,57.22,299,42.78
1902,19,2,658,522,79.33,136,20.67
1903,19,3,469,178,37.95,291,62.05
1904,19,4,471,198,42.04,273,57.96
1905,19,5,536,418,77.99,118,22.01
1906,19,6,508,242,47.64,266,52.36
1907,19,7,674,360,53.41,314,46.59
1908,19,8,488,392,80.33,96,19.67
1909,19,9,448,365,81.47,83,18.53
1910,19,10,503,397,78.93,106,21.07
1911,19,11,440,195,44.32,245,55.68
1912,19,12,655,278,42.44,377,57.56
1913,19,13,463,381,82.29,82,17.71
1914,19,14,599,477,79.63,122,20.37
1915,19,15,393,162,41.22,231,58.78
1916,19,16,485,213,43.92,272,56.08
1917,19,17,451,261,57.87,190,42.13
1918,19,18,449,176,39.2,273,60.8
1919,19,19,538,422,78.44,116,21.56
1920,19,20,431,357,82.83,74,17.17
1921,19,21,682,307,45.01,375,54.99
1922,19,22,464,336,72.41,128,27.59
1923,19,23,482,272,56.43,210,43.57
1924,19,24,491,196,39.92,295,60.08
1925,19,25,450,360,80.0,90,20.0
1926,19,26,424,303,71.46,121,28.54
1927,19,27,674,531,78.78,143,21.22
1928,19,28,838,662,79.0,176,21.0
1929,19,29,594,287,48.32,307,51.68
1930,19,30,489,194,39.67,295,60.33
1931,19,31,744,543,72.98,201,27.02
1932,19,32,454,353,77.75,101,22.25
1933,19,33,345,143,41.45,202,58.55
1934,19,34,764,440,57.59,324,42.41
1935,19,35,531,394,74.2,137,25.8
1936,19,36,427,315,73.77,112,26.23
2001,20,1,209,153,73.21,56,26.79
2002,20,2,124,98,79.03,26,20.97
2003,20,3,140,108,77.14,32,22.86
2004,20,4,109,89,81.65,20,18.35
2005,20,5,196,149,76.02,47,23.98
2006,20,6,125,99,79.2,26,20.8
2007,20,7,158,116,73.42,42,26.58
2008,20,8,195,150,76.92,45,23.08
2009,20,9,380,297,78.16,83,21.84
2010,20,10,416,317,76.2,99,23.8
2011,20,11,343,251,73.18,92,26.82
2012,20,12,71,44,61.97,27,38.03
2013,20,13,605,506,83.64,99,16.36
2014,20,14,381,309,81.1,72,18.9
2015,20,15,343,263,76.68,80,23.32
2016,20,16,389,313,80.46,76,19.54
2017,20,17,467,376,80.51,91,19.49
2018,20,18,557,462,82.94,95,17.06
2019,20,19,324,261,80.56,63,19.44
2020,20,20,364,300,82.42,64,17.58
2021,20,21,514,400,77.82,114,22.18
2022,20,22,458,355,77.51,103,22.49
2023,20,23,147,117,79.59,30,20.41
2101,21,1,546,440,80.59,106,19.41
2102,21,2,170,141,82.94,29,17.06
2103,21,3,584,485,83.05,99,16.95
2104,21,4,490,392,80.0,98,20.0
2105,21,5,511,405,79.26,106,20.74
2106,21,6,442,337,76.24,105,23.76
2107,21,7,625,486,77.76,139,22.24
2108,21,8,461,378,82.0,83,18.0
2109,21,9,166,134,80.72,32,19.28
2110,21,10,557,451,80.97,106,19.03
2111,21,11,567,466,82.19,101,17.81
2112,21,12,244,193,79.1,51,20.9
2113,21,13,416,320,76.92,96,23.08
2114,21,14,625,512,81.92,113,18.08
2115,21,15,623,503,80.74,120,19.26
2116,21,16,544,438,80.51,106,19.49
2117,21,17,392,322,82.14,70,17.86
2118,21,18,584,477,81.68,107,18.32
2119,21,19,466,375,80.47,91,19.53
2120,21,20,321,241,75.08,80,24.92
2121,21,21,570,424,74.39,146,25.61
2122,21,22,607,485,79.9,122,20.1
2123,21,23,434,331,76.27,103,23.73
2124,21,24,425,340,80.0,85,20.0
2125,21,25,354,272,76.84,82,23.16
2126,21,26,384,311,80.99,73,19.01
2127,21,27,565,439,77.7,126,22.3
2128,21,28,495,367,74.14,128,25.86
2129,21,29,526,419,79.66,107,20.34
2201,22,1,177,143,80.79,34,19.21
2202,22,2,110,77,70.0,33,30.0
2203,22,3,221,174,78.73,47,21.27
2204,22,4,128,102,79.69,26,20.31
2205,22,5,359,275,76.6,84,23.4
2206,22,6,188,145,77.13,43,22.87
2207,22,7,196,134,68.37,62,31.63
2208,22,8,225,166,73.78,59,26.22
2209,22,9,184,147,79.89,37,20.11
2210,22,10,248,197,79.44,51,20.56
2211,22,11,312,243,77.88,69,22.12
2212,22,12,192,142,73.96,50,26.04
2213,22,13,251,201,80.08,50,19.92
2214,22,14,194,155,79.9,39,20.1
2215,22,15,125,89,71.2,36,28.8
2216,22,16,284,199,70.07,85,29.93
2217,22,17,123,90,73.17,33,26.83
2218,22,18,236,198,83.9,38,16.1
2219,22,19,401,275,68.58,126,31.42
2301,23,1,241,127,52.7,114,47.3
2302,23,2,399,200,50.13,199,49.87
2303,23,3,264,134,50.76,130,49.24
2304,23,4,208,103,49.52,105,50.48
2305,23,5,348,172,49.43,176,50.57
2306,23,6,198,84,42.42,114,57.58
2307,23,7,261,148,56.7,113,43.3
2308,23,8,244,141,57.79,103,42.21
2309,23,9,398,234,58.79,164,41.21
2310,23,10,436,270,61.93,166,38.07
2311,23,11,185,122,65.95,63,34.05
2312,23,12,256,167,65.23,89,34.77
2313,23,13,421,301,71.5,120,28.5
2314,23,14,311,224,72.03,87,27.97
2315,23,15,352,263,74.72,89,25.28
2316,23,16,183,130,71.04,53,28.96
2317,23,17,245,192,78.37,53,21.63
2318,23,18,209,149,71.29,60,28.71
2319,23,19,181,136,75.14,45,24.86
2320,23,20,171,119,69.59,52,30.41
2321,23,21,158,114,72.15,44,27.85
2322,23,22,169,131,77.51,38,22.49
2323,23,23,167,122,73.05,45,26.95
2324,23,24,153,109,71.24,44,28.76
2325,23,25,134,104,77.61,30,22.39
2326,23,26,115,85,73.91,30,26.09
2327,23,27,138,108,78.26,30,21.74
2328,23,28,212,157,74.06,55,25.94
2329,23,29,290,203,70.0,87,30.0
2330,23,30,167,130,77.84,37,22.16
2331,23,31,191,141,73.82,50,26.18
2332,23,32,174,139,79.89,35,20.11
2333,23,33,380,284,74.74,96,25.26
2401,24,1,143,112,78.32,31,21.68
2402,24,2,157,119,75.8,38,24.2
2403,24,3,333,246,73.87,87,26.13
2404,24,4,270,196,72.59,74,27.41
2405,24,5,440,343,77.95,97,22.05
2406,24,6,293,204,69.62,89,30.38
2407,24,7,148,117,79.05,31,20.95
2408,24,8,192,139,72.4,53,27.6
2409,24,9,359,269,74.93,90,25.07
2410,24,10,276,219,79.35,57,20.65
2411,24,11,317,242,76.34,75,23.66
2412,24,12,377,291,77.19,86,22.81
2413,24,13,343,266,77.55,77,22.45
2414,24,14,251,189,75.3,62,24.7
2415,24,15,310,236,76.13,74,23.87
2416,24,16,421,309,73.4,112,26.6
2417,24,17,253,189,74.7,64,25.3
2418,24,18,406,323,79.56,83,20.44
2419,24,19,964,564,58.51,400,41.49
2501,25,1,283,209,73.85,74,26.15
2502,25,2,210,150,71.43,60,28.57
2503,25,3,291,232,79.73,59,20.27
2504,25,4,342,252,73.68,90,26.32
2505,25,5,428,350,81.78,78,18.22
2506,25,6,466,349,74.89,117,25.11
2507,25,7,444,350,78.83,94,21.17
2508,25,8,429,342,79.72,87,20.28
2509,25,9,465,360,77.42,105,22.58
2510,25,10,510,403,79.02,107,20.98
2511,25,11,463,389,84.02,74,15.98
2512,25,12,414,344,83.09,70,16.91
2513,25,13,602,475,78.9,127,21.1
2514,25,14,581,457,78.66,124,21.34
2515,25,15,467,375,80.3,92,19.7
2516,25,16,580,473,81.55,107,18.45
2517,25,17,254,214,84.25,40,15.75
2601,26,1,180,137,76.11,43,23.89
2602,26,2,244,203,83.2,41,16.8
2603,26,3,442,396,89.59,46,10.41
2604,26,4,243,182,74.9,61,25.1
2605,26,5,339,289,85.25,50,14.75
2606,26,6,207,162,78.26,45,21.74
2607,26,7,315,259,82.22,56,17.78
2608,26,8,231,188,81.39,43,18.61
2609,26,9,222,162,72.97,60,27.03
2610,26,10,256,211,82.42,45,17.58
2611,26,11,243,195,80.25,48,19.75
2612,26,12,99,83,83.84,16,16.16
2613,26,13,199,166,83.42,33,16.58
2614,26,14,144,108,75.0,36,25.0
2615,26,15,166,122,73.49,44,26.51
2616,26,16,395,334,84.56,61,15.44
2617,26,17,350,310,88.57,40,11.43
2618,26,18,167,120,71.86,47,28.14
2619,26,19,405,358,88.4,47,11.6
2620,26,20,437,376,86.04,61,13.96
2621,26,21,189,149,78.84,40,21.16
2622,26,22,150,102,68.0,48,32.0
2623,26,23,345,293,84.93,52,15.07
2624,26,24,167,136,81.44,31,18.56
2625,26,25,367,317,86.38,50,13.62
2626,26,26,389,320,82.26,69,17.74
2627,26,27,458,372,81.22,86,18.78
2628,26,28,404,364,90.1,40,9.9
2629,26,29,400,326,81.5,74,18.5
2630,26,30,230,205,89.13,25,10.87
2631,26,31,234,186,79.49,48,20.51
2632,26,32,333,273,81.98,60,18.02
2701,27,1,446,366,82.06,80,17.94
2702,27,2,590,485,82.2,105,17.8
2703,27,3,250,202,80.8,48,19.2
2704,27,4,414,332,80.19,82,19.81
2705,27,5,255,193,75.69,62,24.31
2706,27,6,514,415,80.74,99,19.26
2707,27,7,671,569,84.8,102,15.2
2708,27,8,159,124,77.99,35,22.01
2709,27,9,469,387,82.52,82,17.48
2710,27,10,262,216,82.44,46,17.56
2711,27,11,501,412,82.24,89,17.76
2712,27,12,366,282,77.05,84,22.95
2713,27,13,399,326,81.7,73,18.3
2714,27,14,304,233,76.64,71,23.36
2715,27,15,402,322,80.1,80,19.9
2716,27,16,578,470,81.31,108,18.69
2717,27,17,210,164,78.1,46,21.9
2718,27,18,481,377,78.38,104,21.62
2719,27,19,145,113,77.93,32,22.07
2720,27,20,258,198,76.74,60,23.26
2721,27,21,207,173,83.57,34,16.43
2722,27,22,283,221,78.09,62,21.91
2723,27,23,251,205,81.67,46,18.33
2724,27,24,144,122,84.72,22,15.28
2725,27,25,370,289,78.11,81,21.89
2726,27,26,421,341,81.0,80,19.0
2727,27,27,303,235,77.56,68,22.44
2728,27,28,360,286,79.44,74,20.56
2729,27,29,700,584,83.43,116,16.57
2801,28,1,215,161,74.88,54,25.12
2802,28,2,228,186,81.58,42,18.42
2803,28,3,70,57,81.43,13,18.57
2804,28,4,187,143,76.47,44,23.53
2805,28,5,165,142,86.06,23,13.94
2806,28,6,327,254,77.68,73,22.32
2807,28,7,151,118,78.15,33,21.85
2808,28,8,287,216,75.26,71,24.74
2809,28,9,153,122,79.74,31,20.26
2810,28,10,109,80,73.39,29,26.61
2811,28,11,465,365,78.49,100,21.51
2812,28,12,597,473,79.23,124,20.77
2813,28,13,460,380,82.61,80,17.39
2814,28,14,366,286,78.14,80,21.86
2815,28,15,208,165,79.33,43,20.67
2816,28,16,459,339,73.86,120,26.14
2817,28,17,238,179,75.21,59,24.79
2818,28,18,281,226,80.43,55,19.57
2819,28,19,287,231,80.49,56,19.51
2820,28,20,237,160,67.51,77,32.49
2821,28,21,244,195,79.92,49,20.08
2822,28,22,206,160,77.67,46,22.33
2823,28,23,281,224,79.72,57,20.28
2824,28,24,230,180,78.26,50,21.74
2825,28,25,397,317,79.85,80,20.15
2826,28,26,146,112,76.71,34,23.29
2901,29,1,480,324,67.5,156,32.5
2902,29,2,380,251,66.05,129,33.95
2903,29,3,334,233,69.76,101,30.24
2904,29,4,362,247,68.23,115,31.77
2905,29,5,372,285,76.61,87,23.39
2906,29,6,295,212,71.86,83,28.14
2907,29,7,583,447,76.67,136,23.33
2908,29,8,743,597,80.35,146,19.65
2909,29,9,317,257,81.07,60,18.93
2910,29,10,456,365,80.04,91,19.96
2911,29,11,389,304,78.15,85,21.85
2912,29,12,475,382,80.42,93,19.58
2913,29,13,474,386,81.43,88,18.57
2914,29,14,394,297,75.38,97,24.62
2915,29,15,388,279,71.91,109,28.09
2916,29,16,443,344,77.65,99,22.35
2917,29,17,274,222,81.02,52,18.98
2918,29,18,407,309,75.92,98,24.08
2919,29,19,473,358,75.69,115,24.31
2920,29,20,263,205,77.95,58,22.05
2921,29,21,317,223,70.35,94,29.65
2922,29,22,443,343,77.43,100,22.57
2923,29,23,409,326,79.71,83,20.29
2924,29,24,340,268,78.82,72,21.18
3001,30,1,439,320,72.89,119,27.11
3002,30,2,314,227,72.29,87,27.71
3003,30,3,437,375,85.81,62,14.19
3004,30,4,327,235,71.87,92,28.13
3005,30,5,341,237,69.5,104,30.5
3006,30,6,421,347,82.42,74,17.58
3007,30,7,285,221,77.54,64,22.46
3008,30,8,497,414,83.3,83,16.7
3009,30,9,418,337,80.62,81,19.38
3010,30,10,338,267,78.99,71,21.01
3011,30,11,298,217,72.82,81,27.18
3012,30,12,401,279,69.58,122,30.42
3013,30,13,318,221,69.5,97,30.5
3014,30,14,375,274,73.07,101,26.93
3015,30,15,538,443,82.34,95,17.66
3016,30,16,292,213,72.95,79,27.05
3017,30,17,391,308,78.77,83,21.23
3018,30,18,345,277,80.29,68,19.71
3019,30,19,218,170,77.98,48,22.02
3020,30,20,284,216,76.06,68,23.94
3021,30,21,465,339,72.9,126,27.1
3022,30,22,453,371,81.9,82,18.1
3023,30,23,499,415,83.17,84,16.83
3024,30,24,411,310,75.43,101,24.57
3025,30,25,262,188,71.76,74,28.24
3026,30,26,512,419,81.84,93,18.16
3101,31,1,277,203,73.29,74,26.71
3102,31,2,455,375,82.42,80,17.58
3103,31,3,244,190,77.87,54,22.13
3104,31,4,315,266,84.44,49,15.56
3105,31,5,286,217,75.87,69,24.13
3106,31,6,224,165,73.66,59,26.34
3107,31,7,272,216,79.41,56,20.59
3108,31,8,370,289,78.11,81,21.89
3109,31,9,245,171,69.8,74,30.2
3110,31,10,398,328,82.41,70,17.59
3111,31,11,373,294,78.82,79,21.18
3112,31,12,445,343,77.08,102,22.92
3113,31,13,322,247,76.71,75,23.29
3114,31,14,309,213,68.93,96,31.07
3115,31,15,142,99,69.72,43,30.28
3116,31,16,207,137,66.18,70,33.82
3117,31,17,264,189,71.59,75,28.41
3118,31,18,213,163,76.53,50,23.47
3119,31,19,278,218,78.42,60,21.58
3120,31,20,276,200,72.46,76,27.54
3121,31,21,270,204,75.56,66,24.44
3122,31,22,120,95,79.17,25,20.83
3123,31,23,159,99,62.26,60,37.74
3201,32,1,1006,885,87.97,121,12.03
3202,32,2,786,696,88.55,90,11.45
3203,32,3,552,470,85.14,82,14.86
3204,32,4,558,487,87.28,71,12.72
3205,32,5,436,376,86.24,60,13.76
3206,32,6,259,222,85.71,37,14.29
3207,32,7,578,483,83.56,95,16.44
3208,32,8,411,353,85.89,58,14.11
3209,32,9,404,346,85.64,58,14.36
3210,32,10,725,625,86.21,100,13.79
3211,32,11,459,389,84.75,70,15.25
3212,32,12,274,222,81.02,52,18.98
3213,32,13,192,148,77.08,44,22.92
3214,32,14,848,736,86.79,112,13.21
3215,32,15,808,684,84.65,124,15.35
3216,32,16,401,341,85.04,60,14.96
3217,32,17,756,618,81.75,138,18.25
3218,32,18,296,237,80.07,59,19.93
3219,32,19,357,301,84.31,56,15.69
3220,32,20,769,648,84.27,121,15.73
3221,32,21,773,658,85.12,115,14.88
3222,32,22,757,658,86.92,99,13.08
3223,32,23,514,440,85.6,74,14.4
3224,32,24,267,223,83.52,44,16.48
3225,32,25,558,487,87.28,71,12.72
3226,32,26,742,656,88.41,86,11.59
3227,32,27,737,663,89.96,74,10.04
3228,32,28,214,178,83.18,36,16.82
3229,32,29,576,504,87.5,72,12.5
3230,32,30,731,636,87.0,95,13.0
3301,33,1,783,664,84.8,119,15.2
3302,33,2,842,730,86.7,112,13.3
3303,33,3,594,497,83.67,97,16.33
3304,33,4,808,677,83.79,131,16.21
3305,33,5,657,537,81.74,120,18.26
3306,33,6,719,614,85.4,105,14.6
3307,33,7,661,554,83.81,107,16.19
3308,33,8,475,401,84.42,74,15.58
3309,33,9,480,387,80.63,93,19.38
3310,33,10,499,426,85.37,73,14.63
3311,33,11,402,354,88.06,48,11.94
3312,33,12,613,519,84.67,94,15.33
3313,33,13,527,437,82.92,90,17.08
3314,33,14,727,639,87.9,88,12.1
3315,33,15,530,458,86.42,72,13.58
3316,33,16,695,623,89.64,72,10.36
3317,33,17,644,548,85.09,96,14.91
3401,34,1,512,411,80.27,101,19.73
3402,34,2,324,261,80.56,63,19.44
3403,34,3,697,590,84.65,107,15.35
3404,34,4,410,338,82.44,72,17.56
3405,34,5,692,596,86.13,96,13.87
3406,34,6,493,424,86.0,69,14.0
3407,34,7,227,197,86.78,30,13.22
3408,34,8,384,314,81.77,70,18.23
3409,34,9,733,603,82.26,130,17.74
3410,34,10,295,250,84.75,45,15.25
3411,34,11,483,394,81.57,89,18.43
3412,34,12,491,424,86.35,67,13.65
3413,34,13,607,502,82.7,105,17.3
3414,34,14,570,468,82.11,102,17.89
3415,34,15,453,368,81.24,85,18.76
3416,34,16,743,635,85.46,108,14.54
3417,34,17,660,567,85.91,93,14.09
3418,34,18,610,519,85.08,91,14.92
3419,34,19,478,411,85.98,67,14.02
3420,34,20,613,520,84.83,93,15.17
3501,35,1,173,134,77.46,39,22.54
3502,35,2,428,335,78.27,93,21.73
3503,35,3,317,264,83.28,53,16.72
3504,35,4,490,420,85.71,70,14.29
3505,35,5,674,586,86.94,88,13.06
3506,35,6,981,875,89.19,106,10.81
3507,35,7,667,575,86.21,92,13.79
3508,35,8,461,387,83.95,74,16.05
3509,35,9,778,688,88.43,90,11.57
3510,35,10,495,420,84.85,75,15.15
3511,35,11,655,573,87.48,82,12.52
3512,35,12,826,723,87.53,103,12.47
3513,35,13,551,474,86.03,77,13.97
3514,35,14,491,423,86.15,68,13.85
3515,35,15,647,539,83.31,108,16.69
3516,35,16,853,719,84.29,134,15.71
3517,35,17,546,453,82.97,93,17.03
3518,35,18,364,300,82.42,64,17.58
3519,35,19,535,449,83.93,86,16.07
3520,35,20,318,261,82.08,57,17.92
3521,35,21,496,390,78.63,106,21.37
3522,35,22,653,534,81.78,119,18.22
3601,36,1,266,166,62.41,100,37.59
3602,36,2,321,229,71.34,92,28.66
3603,36,3,265,174,65.66,91,34.34
3604,36,4,317,222,70.03,95,29.97
3605,36,5,256,181,70.7,75,29.3
3606,36,6,207,153,73.91,54,26.09
3607,36,7,182,138,75.82,44,24.18
3608,36,8,139,96,69.06,43,30.94
3609,36,9,388,297,76.55,91,23.45
3610,36,10,285,202,70.88,83,29.12
3611,36,11,204,141,69.12,63,30.88
3612,36,12,145,100,68.97,45,31.03
3613,36,13,81,55,67.9,26,32.1
3614,36,14,265,185,69.81,80,30.19
3615,36,15,129,95,73.64,34,26.36
3616,36,16,94,73,77.66,21,22.34
3617,36,17,383,322,84.07,61,15.93
3618,36,18,443,371,83.75,72,16.25
3619,36,19,565,491,86.9,74,13.1
3620,36,20,651,547,84.02,104,15.98
3621,36,21,434,355,81.8,79,18.2
3622,36,22,549,487,88.71,62,11.29
3623,36,23,492,399,81.1,93,18.9
3624,36,24,509,430,84.48,79,15.52
3625,36,25,597,506,84.76,91,15.24
3626,36,26,532,459,86.28,73,13.72
3627,36,27,589,526,89.3,63,10.7
3701,37,1,359,277,77.16,82,22.84
3702,37,2,293,225,76.79,68,23.21
3703,37,3,318,238,74.84,80,25.16
3704,37,4,358,260,72.63,98,27.37
3705,37,5,251,184,73.31,67,26.69
3706,37,6,458,352,76.86,106,23.14
3707,37,7,305,231,75.74,74,24.26
3708,37,8,423,329,77.78,94,22.22
3709,37,9,176,137,77.84,39,22.16
3710,37,10,290,230,79.31,60,20.69
3711,37,11,311,249,80.06,62,19.94
3712,37,12,404,299,74.01,105,25.99
3713,37,13,255,176,69.02,79,30.98
3714,37,14,393,313,79.64,80,20.36
3715,37,15,335,266,79.4,69,20.6
3716,37,16,417,322,77.22,95,22.78
3717,37,17,248,188,75.81,60,24.19
3718,37,18,312,234,75.0,78,25.0
3719,37,19,268,210,78.36,58,21.64
3720,37,20,433,354,81.76,79,18.24
3721,37,21,235,182,77.45,53,22.55
3722,37,22,310,224,72.26,86,27.74
3801,38,1,637,320,50.24,317,49.76
3802,38,2,335,182,54.33,153,45.67
3803,38,3,472,265,56.14,207,43.86
3804,38,4,333,201,60.36,132,39.64
3805,38,5,544,310,56.99,234,43.01
3806,38,6,376,217,57.71,159,42.29
3807,38,7,434,280,64.52,154,35.48
3808,38,8,367,216,58.86,151,41.14
3809,38,9,377,256,67.9,121,32.1
3810,38,10,354,228,64.41,126,35.59
3811,38,11,416,285,68.51,131,31.49
3812,38,12,580,364,62.76,216,37.24
3813,38,13,297,197,66.33,100,33.67
3814,38,14,397,258,64.99,139,35.01
3815,38,15,349,219,62.75,130,37.25
3816,38,16,577,371,64.3,206,35.7
3817,38,17,501,360,71.86,141,28.14
3818,38,18,588,421,71.6,167,28.4
3819,38,19,593,425,71.67,168,28.33
3820,38,20,511,355,69.47,156,30.53
3821,38,21,640,471,73.59,169,26.41
3822,38,22,435,315,72.41,120,27.59
3823,38,23,609,451,74.06,158,25.94
3824,38,24,573,428,74.69,145,25.31
3825,38,25,672,536,79.76,136,20.24
3901,39,1,468,352,75.21,116,24.79
3902,39,2,229,188,82.1,41,17.9
3903,39,3,397,317,79.85,80,20.15
3904,39,4,515,355,68.93,160,31.07
3905,39,5,356,285,80.06,71,19.94
3906,39,6,292,229,78.42,63,21.58
3907,39,7,263,207,78.71,56,21.29
3908,39,8,270,203,75.19,67,24.81
3909,39,9,246,185,75.2,61,24.8
3910,39,10,347,290,83.57,57,16.43
3911,39,11,217,168,77.42,49,22.58
3912,39,12,434,336,77.42,98,22.58
3913,39,13,649,519,79.97,130,20.03
3914,39,14,647,433,66.92,214,33.08
3915,39,15,537,428,79.7,109,20.3
3916,39,16,295,232,78.64,63,21.36
3917,39,17,723,467,64.59,256,35.41
3918,39,18,318,188,59.12,130,40.88
3919,39,19,674,566,83.98,108,16.02
3920,39,20,437,261,59.73,176,40.27
3921,39,21,568,466,82.04,102,17.96
3922,39,22,278,192,69.06,86,30.94
3923,39,23,64,45,70.31,19,29.69
3924,39,24,428,357,83.41,71,16.59
3925,39,25,300,244,81.33,56,18.67
3926,39,26,261,221,84.67,40,15.33
3927,39,27,263,192,73.0,71,27.0
3928,39,28,269,220,81.78,49,18.22
3929,39,29,132,99,75.0,33,25.0
3930,39,30,242,163,67.36,79,32.64
3931,39,31,317,225,70.98,92,29.02
3932,39,32,763,529,69.33,234,30.67
3933,39,33,263,190,72.24,73,27.76
3934,39,34,302,209,69.21,93,30.79
3935,39,35,531,424,79.85,107,20.15
4001,40,1,512,449,87.7,63,12.3
4002,40,2,532,462,86.84,70,13.16
4003,40,3,465,384,82.58,81,17.42
4004,40,4,494,398,80.57,96,19.43
4005,40,5,398,331,83.17,67,16.83
4006,40,6,445,368,82.7,77,17.3
4007,40,7,496,422,85.08,74,14.92
4008,40,8,335,272,81.19,63,18.81
4009,40,9,600,477,79.5,123,20.5
4010,40,10,908,797,87.78,111,12.22
4011,40,11,568,446,78.52,122,21.48
4012,40,12,602,518,86.05,84,13.95
4013,40,13,633,571,90.21,62,9.79
4014,40,14,824,746,90.53,78,9.47
4015,40,15,627,577,92.03,50,7.97
4016,40,16,616,556,90.26,60,9.74
4017,40,17,644,579,89.91,65,10.09
4018,40,18,699,613,87.7,86,12.3
4019,40,19,615,552,89.76,63,10.24
4020,40,20,707,639,90.38,68,9.62
4021,40,21,638,579,90.75,59,9.25
4022,40,22,877,768,87.57,109,12.43
4023,40,23,918,821,89.43,97,10.57
4101,41,1,380,227,59.74,153,40.26
4102,41,2,253,170,67.19,83,32.81
4103,41,3,266,163,61.28,103,38.72
4104,41,4,380,207,54.47,173,45.53
4105,41,5,410,225,54.88,185,45.12
4106,41,6,392,234,59.69,158,40.31
4107,41,7,338,181,53.55,157,46.45
4108,41,8,341,203,59.53,138,40.47
4109,41,9,653,392,60.03,261,39.97
4110,41,10,532,313,58.83,219,41.17
4111,41,11,412,265,64.32,147,35.68
4112,41,12,265,142,53.58,123,46.42
4113,41,13,582,375,64.43,207,35.57
4114,41,14,670,386,57.61,284,42.39
4115,41,15,858,480,55.94,378,44.06
4116,41,16,297,182,61.28,115,38.72
4117,41,17,196,117,59.69,79,40.31
4118,41,18,628,397,63.22,231,36.78
4119,41,19,320,206,64.38,114,35.63
4120,41,20,349,198,56.73,151,43.27
4121,41,21,342,196,57.31,146,42.69
4122,41,22,280,155,55.36,125,44.64
4123,41,23,395,228,57.72,167,42.28
4124,41,24,621,352,56.68,269,43.32
4125,41,25,548,288,52.55,260,47.45
4126,41,26,685,437,63.8,248,36.2
4127,41,27,477,277,58.07,200,41.93
4128,41,28,792,486,61.36,306,38.64
4129,41,29,822,519,63.14,303,36.86
4130,41,30,645,337,52.25,308,47.75
4131,41,31,559,286,51.16,273,48.84
4201,42,1,264,204,77.27,60,22.73
4202,42,2,246,199,80.89,47,19.11
4203,42,3,680,567,83.38,113,16.62
4204,42,4,570,448,78.6,122,21.4
4205,42,5,807,655,81.16,152,18.84
4206,42,6,342,270,78.95,72,21.05
4207,42,7,534,432,80.9,102,19.1
4208,42,8,368,298,80.98,70,19.02
4209,42,9,615,490,79.67,125,20.33
4210,42,10,398,309,77.64,89,22.36
4211,42,11,454,389,85.68,65,14.32
4212,42,12,355,281,79.15,74,20.85
4213,42,13,269,213,79.18,56,20.82
4214,42,14,205,181,88.29,24,11.71
4215,42,15,195,159,81.54,36,18.46
4216,42,16,666,524,78.68,142,21.32
4217,42,17,733,587,80.08,146,19.92
4218,42,18,411,337,82.0,74,18.0
4219,42,19,601,514,85.52,87,14.48
4220,42,20,595,483,81.18,112,18.82
4221,42,21,677,565,83.46,112,16.54
4222,42,22,667,535,80.21,132,19.79
4223,42,23,683,569,83.31,114,16.69
4224,42,24,676,555,82.1,121,17.9
4301,43,1,667,553,82.91,114,17.09
4302,43,2,784,670,85.46,114,14.54
4303,43,3,254,209,82.28,45,17.72
4304,43,4,518,444,85.71,74,14.29
4305,43,5,833,743,89.2,90,10.8
4306,43,6,967,826,85.42,141,14.58
4307,43,7,873,742,84.99,131,15.01
4308,43,8,709,619,87.31,90,12.69
4309,43,9,963,844,87.64,119,12.36
4310,43,10,613,508,82.87,105,17.13
4311,43,11,406,335,82.51,71,17.49
4312,43,12,782,675,86.32,107,13.68
4313,43,13,612,525,85.78,87,14.22
4314,43,14,364,308,84.62,56,15.38
4315,43,15,752,638,84.84,114,15.16
4316,43,16,312,265,84.94,47,15.06
4317,43,17,734,633,86.24,101,13.76
4318,43,18,885,760,85.88,125,14.12
4319,43,19,818,699,85.45,119,14.55
4320,43,20,705,607,86.1,98,13.9
4321,43,21,363,301,82.92,62,17.08
4322,43,22,847,740,87.37,107,12.63
4323,43,23,578,490,84.78,88,15.22
4401,44,1,836,748,89.47,88,10.53
4402,44,2,570,479,84.04,91,15.96
4403,44,3,741,639,86.23,102,13.77
4404,44,4,953,832,87.3,121,12.7
4405,44,5,739,674,91.2,65,8.8
4406,44,6,678,589,86.87,89,13.13
4407,44,7,701,614,87.59,87,12.41
4408,44,8,724,646,89.23,78,10.77
4409,44,9,992,866,87.3,126,12.7
4410,44,10,921,816,88.6,105,11.4
4411,44,11,759,637,83.93,122,16.07
4412,44,12,898,789,87.86,109,12.14
4413,44,13,872,758,86.93,114,13.07
4414,44,14,833,730,87.64,103,12.36
4415,44,15,930,817,87.85,113,12.15
4416,44,16,940,820,87.23,120,12.77
4417,44,17,960,847,88.23,113,11.77
4418,44,18,673,593,88.11,80,11.89
4419,44,19,903,771,85.38,132,14.62
4420,44,20,564,516,91.49,48,8.51
4421,44,21,935,843,90.16,92,9.84
4501,45,1,809,503,62.18,306,37.82
4502,45,2,423,294,69.5,129,30.5
4503,45,3,239,157,65.69,82,34.31
4504,45,4,306,209,68.3,97,31.7
4505,45,5,446,315,70.63,131,29.37
4506,45,6,517,327,63.25,190,36.75
4507,45,7,512,336,65.63,176,34.38
4508,45,8,428,270,63.08,158,36.92
4509,45,9,466,330,70.82,136,29.18
4510,45,10,477,311,65.2,166,34.8
4511,45,11,636,393,61.79,243,38.21
4512,45,12,409,292,71.39,117,28.61
4513,45,13,604,439,72.68,165,27.32
4514,45,14,353,252,71.39,101,28.61
4515,45,15,437,334,76.43,103,23.57
4516,45,16,511,400,78.28,111,21.72
4517,45,17,576,400,69.44,176,30.56
4518,45,18,559,415,74.24,144,25.76
4519,45,19,363,266,73.28,97,26.72
4520,45,20,484,364,75.21,120,24.79
4521,45,21,417,301,72.18,116,27.82
4522,45,22,533,426,79.92,107,20.08
4523,45,23,536,408,76.12,128,23.88
4524,45,24,454,319,70.26,135,29.74
4525,45,25,642,490,76.32,152,23.68
4526,45,26,473,365,77.17,108,22.83
4527,45,27,601,492,81.86,109,18.14
4528,45,28,529,397,75.05,132,24.95
4529,45,29,523,433,82.79,90,17.21
4601,46,1,652,555,85.12,97,14.88
4602,46,2,637,560,87.91,77,12.09
4603,46,3,736,632,85.87,104,14.13
4604,46,4,853,742,86.99,111,13.01
4605,46,5,686,583,84.99,103,15.01
4606,46,6,1032,902,87.4,130,12.6
4607,46,7,640,561,87.66,79,12.34
4608,46,8,806,697,86.48,109,13.52
4609,46,9,782,680,86.96,102,13.04
4610,46,10,711,639,89.87,72,10.13
4611,46,11,836,723,86.48,113,13.52
4612,46,12,1001,894,89.31,107,10.69
4613,46,13,901,818,90.79,83,9.21
4614,46,14,491,432,87.98,59,12.02
4615,46,15,949,824,86.83,125,13.17
4616,46,16,688,620,90.12,68,9.88
4617,46,17,900,806,89.56,94,10.44
4618,46,18,830,739,89.04,91,10.96
4619,46,19,649,561,86.44,88,13.56
4620,46,20,587,517,88.07,70,11.93
4621,46,21,461,415,90.02,46,9.98
4622,46,22,569,493,86.64,76,13.36
4623,46,23,483,440,91.1,43,8.9
4701,47,1,671,590,87.93,81,12.07
4702,47,2,628,560,89.17,68,10.83
4703,47,3,632,568,89.87,64,10.13
4704,47,4,812,737,90.76,75,9.24
4705,47,5,924,854,92.42,70,7.58
4706,47,6,791,735,92.92,56,7.08
4707,47,7,1158,1051,90.76,107,9.24
4708,47,8,727,652,89.68,75,10.32
4709,47,9,910,808,88.79,102,11.21
4710,47,10,796,726,91.21,70,8.79
4711,47,11,686,625,91.11,61,8.89
4712,47,12,520,478,91.92,42,8.08
4713,47,13,549,501,91.26,48,8.74
4714,47,14,674,577,85.61,97,14.39
4715,47,15,701,602,85.88,99,14.12
4716,47,16,711,616,86.64,95,13.36
4717,47,17,640,559,87.34,81,12.66
4718,47,18,790,721,91.27,69,8.73
4719,47,19,787,711,90.34,76,9.66
4720,47,20,767,676,88.14,91,11.86
4721,47,21,773,676,87.45,97,12.55
4722,47,22,621,531,85.51,90,14.49
4723,47,23,758,656,86.54,102,13.46
4724,47,24,883,767,86.86,116,13.14
4725,47,25,685,606,88.47,79,11.53
4726,47,26,867,753,86.85,114,13.15
4727,47,27,780,689,88.33,91,11.67
4728,47,28,563,478,84.9,85,15.1
4801,48,1,803,732,91.16,71,8.84
4802,48,2,248,220,88.71,28,11.29
4803,48,3,419,355,84.73,64,15.27
4804,48,4,465,405,87.1,60,12.9
4805,48,5,265,241,90.94,24,9.06
4806,48,6,635,570,89.76,65,10.24
4807,48,7,628,574,91.4,54,8.6
4808,48,8,399,340,85.21,59,14.79
4809,48,9,294,241,81.97,53,18.03
4810,48,10,756,700,92.59,56,7.41
4811,48,11,477,451,94.55,26,5.45
4812,48,12,664,575,86.6,89,13.4
4813,48,13,500,424,84.8,76,15.2
4814,48,14,578,518,89.62,60,10.38
4815,48,15,451,378,83.81,73,16.19
4816,48,16,354,311,87.85,43,12.15
4817,48,17,190,155,81.58,35,18.42
4818,48,18,631,534,84.63,97,15.37
4819,48,19,337,285,84.57,52,15.43
4820,48,20,235,208,88.51,27,11.49
4821,48,21,549,475,86.52,74,13.48
4822,48,22,308,257,83.44,51,16.56
4823,48,23,386,347,89.9,39,10.1
4824,48,24,757,629,83.09,128,16.91
4825,48,25,647,581,89.8,66,10.2
4826,48,26,332,283,85.24,49,14.76
4827,48,27,400,343,85.75,57,14.25
4828,48,28,531,490,92.28,41,7.72
4829,48,29,182,154,84.62,28,15.38
4830,48,30,565,516,91.33,49,8.67
4831,48,31,591,534,90.36,57,9.64
4832,48,32,469,406,86.57,63,13.43
4833,48,33,222,194,87.39,28,12.61
4834,48,34,448,399,89.06,49,10.94
4835,48,35,712,647,90.87,65,9.13
4901,49,1,691,581,84.08,110,15.92
4902,49,2,576,495,85.94,81,14.06
4903,49,3,782,668,85.42,114,14.58
4904,49,4,800,726,90.75,74,9.25
4905,49,5,847,749,88.43,98,11.57
4906,49,6,78,66,84.62,12,15.38
4907,49,7,814,708,86.98,106,13.02
4908,49,8,977,898,91.91,79,8.09
4909,49,9,886,779,87.92,107,12.08
4910,49,10,584,504,86.3,80,13.7
4911,49,11,631,543,86.05,88,13.95
4912,49,12,575,500,86.96,75,13.04
4913,49,13,720,624,86.67,96,13.33
4914,49,14,874,770,88.1,104,11.9
4915,49,15,797,700,87.83,97,12.17
4916,49,16,731,652,89.19,79,10.81
4917,49,17,844,738,87.44,106,12.56
5001,50,1,319,248,77.74,71,22.26
5002,50,2,369,273,73.98,96,26.02
5003,50,3,283,222,78.45,61,21.55
5004,50,4,359,279,77.72,80,22.28
5005,50,5,525,413,78.67,112,21.33
5006,50,6,253,207,81.82,46,18.18
5007,50,7,660,558,84.55,102,15.45
5008,50,8,452,389,86.06,63,13.94
5009,50,9,120,99,82.5,21,17.5
5010,50,10,268,205,76.49,63,23.51
5011,50,11,315,235,74.6,80,25.4
5012,50,12,122,84,68.85,38,31.15
5013,50,13,457,375,82.06,82,17.94
5014,50,14,89,56,62.92,33,37.08
5015,50,15,462,379,82.03,83,17.97
5016,50,16,81,54,66.67,27,33.33
5017,50,17,212,163,76.89,49,23.11
5018,50,18,33,19,57.58,14,42.42
5019,50,19,198,159,80.3,39,19.7
5020,50,20,185,162,87.57,23,12.43
5021,50,21,405,336,82.96,69,17.04
5022,50,22,365,267,73.15,98,26.85
5023,50,23,301,212,70.43,89,29.57
5024,50,24,362,250,69.06,112,30.94
5025,50,25,112,85,75.89,27,24.11
5026,50,26,185,140,75.68,45,24.32
5027,50,27,80,52,65.0,28,35.0
5028,50,28,468,408,87.18,60,12.82
