id,ward,precinct,total,Yes,Yes Percent,No,No Percent
0101,1,1,728,366,50.27,362,49.73
0102,1,2,702,363,51.71,339,48.29
0103,1,3,785,422,53.76,363,46.24
0104,1,4,702,396,56.41,306,43.59
0105,1,5,714,367,51.4,347,48.6
0106,1,6,619,349,56.38,270,43.62
0107,1,7,744,354,47.58,390,52.42
0108,1,8,675,386,57.19,289,42.81
0109,1,9,346,186,53.76,160,46.24
0110,1,10,874,526,60.18,348,39.82
0111,1,11,669,368,55.01,301,44.99
0112,1,12,298,173,58.05,125,41.95
0113,1,13,477,263,55.14,214,44.86
0114,1,14,404,254,62.87,150,37.13
0115,1,15,708,422,59.6,286,40.4
0116,1,16,677,386,57.02,291,42.98
0117,1,17,444,248,55.86,196,44.14
0118,1,18,631,346,54.83,285,45.17
0119,1,19,592,347,58.61,245,41.39
0120,1,20,544,364,66.91,180,33.09
0121,1,21,571,304,53.24,267,46.76
0122,1,22,763,452,59.24,311,40.76
0123,1,23,391,220,56.27,171,43.73
0124,1,24,860,513,59.65,347,40.35
0125,1,25,709,418,58.96,291,41.04
0126,1,26,639,369,57.75,270,42.25
0201,2,1,647,482,74.5,165,25.5
0202,2,2,768,561,73.05,207,26.95
0203,2,3,479,340,70.98,139,29.02
0204,2,4,517,378,73.11,139,26.89
0205,2,5,499,378,75.75,121,24.25
0206,2,6,725,539,74.34,186,25.66
0207,2,7,645,467,72.4,178,27.6
0208,2,8,506,389,76.88,117,23.12
0209,2,9,732,523,71.45,209,28.55
0210,2,10,329,230,69.91,99,30.09
0211,2,11,553,391,70.71,162,29.29
0212,2,12,516,364,70.54,152,29.46
0213,2,13,672,476,70.83,196,29.17
0214,2,14,385,265,68.83,120,31.17
0215,2,15,549,401,73.04,148,26.96
0216,2,16,633,465,73.46,168,26.54
0217,2,17,921,672,72.96,249,27.04
0218,2,18,532,368,69.17,164,30.83
0219,2,19,301,223,74.09,78,25.91
0220,2,20,379,264,69.66,115,30.34
0221,2,21,123,70,56.91,53,43.09
0222,2,22,452,326,72.12,126,27.88
0223,2,23,500,378,75.6,122,24.4
0224,2,24,403,276,68.49,127,31.51
0225,2,25,602,414,68.77,188,31.23
0301,3,1,580,405,69.83,175,30.17
0302,3,2,552,462,83.7,90,16.3
0303,3,3,400,274,68.5,126,31.5
0304,3,4,434,340,78.34,94,21.66
0305,3,5,112,86,76.79,26,23.21
0306,3,6,583,389,66.72,194,33.28
0307,3,7,277,207,74.73,70,25.27
0308,3,8,453,313,69.09,140,30.91
0309,3,9,365,235,64.38,130,35.62
0310,3,10,391,268,68.54,123,31.46
0311,3,11,613,469,76.51,144,23.49
0312,3,12,448,332,74.11,116,25.89
0313,3,13,666,466,69.97,200,30.03
0314,3,14,769,497,64.63,272,35.37
0315,3,15,455,358,78.68,97,21.32
0316,3,16,274,213,77.74,61,22.26
0317,3,17,158,116,73.42,42,26.58
0318,3,18,180,122,67.78,58,32.22
0319,3,19,779,550,70.6,229,29.4
0320,3,20,515,391,75.92,124,24.08
0321,3,21,502,322,64.14,180,35.86
0322,3,22,386,266,68.91,120,31.09
0323,3,23,279,206,73.84,73,26.16
0324,3,24,108,88,81.48,20,18.52
0325,3,25,767,567,73.92,200,26.08
0326,3,26,263,182,69.2,81,30.8
0327,3,27,654,445,68.04,209,31.96
0401,4,1,714,474,66.39,240,33.61
0402,4,2,255,176,69.02,79,30.98
0403,4,3,467,332,71.09,135,28.91
0404,4,4,574,436,75.96,138,24.04
0405,4,5,281,217,77.22,64,22.78
0406,4,6,414,298,71.98,116,28.02
0407,4,7,288,204,70.83,84,29.17
0408,4,8,414,344,83.09,70,16.91
0409,4,9,449,323,71.94,126,28.06
0410,4,10,407,319,78.38,88,21.62
0411,4,11,550,407,74.0,143,26.0
0412,4,12,347,256,73.78,91,26.22
0413,4,13,375,300,80.0,75,20.0
0414,4,14,317,242,76.34,75,23.66
0415,4,15,335,257,76.72,78,23.28
0416,4,16,466,373,80.04,93,19.96
0417,4,17,594,474,79.8,120,20.2
0418,4,18,188,135,71.81,53,28.19
0419,4,19,394,299,75.89,95,24.11
0420,4,20,562,441,78.47,121,21.53
0421,4,21,363,281,77.41,82,22.59
0422,4,22,189,150,79.37,39,20.63
0423,4,23,346,265,76.59,81,23.41
0424,4,24,635,505,79.53,130,20.47
0425,4,25,777,564,72.59,213,27.41
0426,4,26,676,489,72.34,187,27.66
0427,4,27,739,478,64.68,261,35.32
0428,4,28,761,490,64.39,271,35.61
0501,5,1,519,405,78.03,114,21.97
0502,5,2,633,491,77.57,142,22.43
0503,5,3,572,434,75.87,138,24.13
0504,5,4,467,356,76.23,111,23.77
0505,5,5,254,201,79.13,53,20.87
0506,5,6,226,185,81.86,41,18.14
0507,5,7,135,94,69.63,41,30.37
0508,5,8,177,132,74.58,45,25.42
0509,5,9,156,120,76.92,36,23.08
0510,5,10,266,202,75.94,64,24.06
0511,5,11,345,247,71.59,98,28.41
0512,5,12,604,427,70.7,177,29.3
0513,5,13,267,206,77.15,61,22.85
0514,5,14,295,240,81.36,55,18.64
0515,5,15,880,592,67.27,288,32.73
0516,5,16,552,380,68.84,172,31.16
0517,5,17,387,303,78.29,84,21.71
0518,5,18,819,599,73.14,220,26.86
0519,5,19,351,292,83.19,59,16.81
0520,5,20,613,438,71.45,175,28.55
0521,5,21,510,337,66.08,173,33.92
0522,5,22,617,365,59.16,252,40.84
0523,5,23,327,250,76.45,77,23.55
0524,5,24,317,226,71.29,91,28.71
0525,5,25,807,518,64.19,289,35.81
0601,6,1,165,132,80.0,33,20.0
0602,6,2,208,168,80.77,40,19.23
0603,6,3,70,48,68.57,22,31.43
0604,6,4,158,119,75.32,39,24.68
0605,6,5,286,221,77.27,65,22.73
0606,6,6,270,193,71.48,77,28.52
0607,6,7,343,275,80.17,68,19.83
0608,6,8,255,200,78.43,55,21.57
0609,6,9,540,430,79.63,110,20.37
0610,6,10,126,94,74.6,32,25.4
0611,6,11,149,116,77.85,33,22.15
0612,6,12,355,267,75.21,88,24.79
0613,6,13,461,352,76.36,109,23.64
0614,6,14,434,344,79.26,90,20.74
0615,6,15,453,351,77.48,102,22.52
0616,6,16,293,224,76.45,69,23.55
0617,6,17,526,415,78.9,111,21.1
0618,6,18,613,487,79.45,126,20.55
0619,6,19,380,293,77.11,87,22.89
0620,6,20,656,549,83.69,107,16.31
0621,6,21,466,363,77.9,103,22.1
0622,6,22,648,528,81.48,120,18.52
0623,6,23,616,513,83.28,103,16.72
0624,6,24,549,440,80.15,109,19.85
0625,6,25,405,335,82.72,70,17.28
0626,6,26,703,575,81.79,128,18.21
0627,6,27,637,522,81.95,115,18.05
0701,7,1,468,341,72.86,127,27.14
0702,7,2,617,501,81.2,116,18.8
0703,7,3,327,230,70.34,97,29.66
0704,7,4,392,299,76.28,93,23.72
0705,7,5,545,419,76.88,126,23.12
0706,7,6,139,108,77.7,31,22.3
0707,7,7,322,252,78.26,70,21.74
0708,7,8,212,169,79.72,43,20.28
0709,7,9,354,273,77.12,81,22.88
0710,7,10,514,414,80.54,100,19.46
0711,7,11,430,342,79.53,88,20.47
0712,7,12,523,415,79.35,108,20.65
0713,7,13,363,269,74.1,94,25.9
0714,7,14,314,238,75.8,76,24.2
0715,7,15,472,385,81.57,87,18.43
0716,7,16,162,127,78.4,35,21.6
0717,7,17,125,96,76.8,29,23.2
0718,7,18,61,57,93.44,4,6.56
0719,7,19,615,497,80.81,118,19.19
0720,7,20,344,277,80.52,67,19.48
0721,7,21,254,207,81.5,47,18.5
0722,7,22,293,246,83.96,47,16.04
0723,7,23,216,173,80.09,43,19.91
0724,7,24,60,42,70.0,18,30.0
0725,7,25,327,262,80.12,65,19.88
0726,7,26,469,395,84.22,74,15.78
0727,7,27,280,232,82.86,48,17.14
0728,7,28,187,153,81.82,34,18.18
0729,7,29,265,206,77.74,59,22.26
0730,7,30,239,191,79.92,48,20.08
0731,7,31,110,84,76.36,26,23.64
0801,8,1,500,393,78.6,107,21.4
0802,8,2,248,184,74.19,64,25.81
0803,8,3,201,174,86.57,27,13.43
0804,8,4,460,365,79.35,95,20.65
0805,8,5,329,270,82.07,59,17.93
0806,8,6,565,443,78.41,122,21.59
0807,8,7,324,262,80.86,62,19.14
0808,8,8,698,582,83.38,116,16.62
0809,8,9,446,354,79.37,92,20.63
0810,8,10,515,395,76.7,120,23.3
0811,8,11,419,336,80.19,83,19.81
0812,8,12,480,387,80.63,93,19.38
0813,8,13,456,388,85.09,68,14.91
0814,8,14,511,417,81.6,94,18.4
0815,8,15,385,317,82.34,68,17.66
0816,8,16,354,289,81.64,65,18.36
0817,8,17,589,499,84.72,90,15.28
0818,8,18,766,635,82.9,131,17.1
0819,8,19,618,506,81.88,112,18.12
0820,8,20,272,212,77.94,60,22.06
0821,8,21,234,187,79.91,47,20.09
0822,8,22,231,199,86.15,32,13.85
0823,8,23,593,492,82.97,101,17.03
0824,8,24,415,341,82.17,74,17.83
0825,8,25,170,138,81.18,32,18.82
0826,8,26,352,275,78.13,77,21.88
0827,8,27,461,377,81.78,84,18.22
0828,8,28,312,242,77.56,70,22.44
0829,8,29,309,252,81.55,57,18.45
0830,8,30,402,321,79.85,81,20.15
0901,9,1,486,371,76.34,115,23.66
0902,9,2,326,261,80.06,65,19.94
0903,9,3,169,125,73.96,44,26.04
0904,9,4,361,284,78.67,77,21.33
0905,9,5,353,284,80.45,69,19.55
0906,9,6,617,488,79.09,129,20.91
0907,9,7,469,363,77.4,106,22.6
0908,9,8,469,385,82.09,84,17.91
0909,9,9,277,214,77.26,63,22.74
0910,9,10,587,477,81.26,110,18.74
0911,9,11,194,156,80.41,38,19.59
0912,9,12,522,426,81.61,96,18.39
0913,9,13,512,408,79.69,104,20.31
0914,9,14,281,230,81.85,51,18.15
0915,9,15,383,309,80.68,74,19.32
0916,9,16,533,430,80.68,103,19.32
0917,9,17,167,131,78.44,36,21.56
0918,9,18,273,219,80.22,54,19.78
0919,9,19,230,182,79.13,48,20.87
0920,9,20,411,281,68.37,130,31.63
0921,9,21,483,377,78.05,106,21.95
0922,9,22,333,268,80.48,65,19.52
0923,9,23,278,226,81.29,52,18.71
0924,9,24,405,338,83.46,67,16.54
0925,9,25,319,263,82.45,56,17.55
0926,9,26,458,380,82.97,78,17.03
0927,9,27,251,195,77.69,56,22.31
0928,9,28,206,150,72.82,56,27.18
0929,9,29,603,477,79.1,126,20.9
0930,9,30,500,410,82.0,90,18.0
1001,10,1,130,103,79.23,27,20.77
1002,10,2,146,104,71.23,42,28.77
1003,10,3,249,175,70.28,74,29.72
1004,10,4,288,220,76.39,68,23.61
1005,10,5,112,80,71.43,32,28.57
1006,10,6,135,99,73.33,36,26.67
1007,10,7,264,164,62.12,100,37.88
1008,10,8,253,190,75.1,63,24.9
1009,10,9,283,197,69.61,86,30.39
1010,10,10,305,205,67.21,100,32.79
1011,10,11,109,76,69.72,33,30.28
1012,10,12,284,192,67.61,92,32.39
1013,10,13,314,214,68.15,100,31.85
1014,10,14,400,252,63.0,148,37.0
1015,10,15,361,250,69.25,111,30.75
1016,10,16,425,262,61.65,163,38.35
1017,10,17,391,263,67.26,128,32.74
1018,10,18,482,292,60.58,190,39.42
1019,10,19,281,190,67.62,91,32.38
1020,10,20,189,131,69.31,58,30.69
1021,10,21,239,132,55.23,107,44.77
1022,10,22,413,258,62.47,155,37.53
1023,10,23,282,201,71.28,81,28.72
1024,10,24,123,86,69.92,37,30.08
1025,10,25,218,163,74.77,55,25.23
1101,11,1,144,95,65.97,49,34.03
1102,11,2,74,51,68.92,23,31.08
1103,11,3,422,266,63.03,156,36.97
1104,11,4,315,187,59.37,128,40.63
1105,11,5,338,198,58.58,140,41.42
1106,11,6,426,246,57.75,180,42.25
1107,11,7,218,139,63.76,79,36.24
1108,11,8,373,217,58.18,156,41.82
1109,11,9,417,279,66.91,138,33.09
1110,11,10,74,47,63.51,27,36.49
1111,11,11,62,46,74.19,16,25.81
1112,11,12,127,83,65.35,44,34.65
1113,11,13,365,241,66.03,124,33.97
1114,11,14,710,419,59.01,291,40.99
1115,11,15,514,280,54.47,234,45.53
1116,11,16,619,342,55.25,277,44.75
1117,11,17,280,154,55.0,126,45.0
1118,11,18,386,253,65.54,133,34.46
1119,11,19,130,79,60.77,51,39.23
1120,11,20,381,246,64.57,135,35.43
1121,11,21,664,472,71.08,192,28.92
1122,11,22,424,297,70.05,127,29.95
1123,11,23,468,296,63.25,172,36.75
1201,12,1,233,137,58.8,96,41.2
1202,12,2,169,120,71.01,49,28.99
1203,12,3,332,184,55.42,148,44.58
1204,12,4,272,148,54.41,124,45.59
1205,12,5,262,150,57.25,112,42.75
1206,12,6,230,150,65.22,80,34.78
1207,12,7,242,152,62.81,90,37.19
1208,12,8,232,157,67.67,75,32.33
1209,12,9,131,71,54.2,60,45.8
1210,12,10,275,164,59.64,111,40.36
1211,12,11,205,140,68.29,65,31.71
1212,12,12,171,112,65.5,59,34.5
1213,12,13,186,119,63.98,67,36.02
1214,12,14,109,75,68.81,34,31.19
1215,12,15,237,140,59.07,97,40.93
1216,12,16,270,167,61.85,103,38.15
1217,12,17,225,154,68.44,71,31.56
1218,12,18,241,155,64.32,86,35.68
1219,12,19,154,101,65.58,53,34.42
1220,12,20,198,120,60.61,78,39.39
1221,12,21,198,110,55.56,88,44.44
1222,12,22,196,129,65.82,67,34.18
1301,13,1,224,165,73.66,59,26.34
1302,13,2,271,191,70.48,80,29.52
1303,13,3,380,212,55.79,168,44.21
1304,13,4,304,213,70.07,91,29.93
1305,13,5,263,165,62.74,98,37.26
1306,13,6,281,167,59.43,114,40.57
1307,13,7,215,133,61.86,82,38.14
1308,13,8,343,231,67.35,112,32.65
1309,13,9,392,239,60.97,153,39.03
1310,13,10,388,225,57.99,163,42.01
1311,13,11,224,133,59.38,91,40.63
1312,13,12,204,126,61.76,78,38.24
1313,13,13,271,161,59.41,110,40.59
1314,13,14,242,143,59.09,99,40.91
1315,13,15,198,115,58.08,83,41.92
1316,13,16,312,195,62.5,117,37.5
1317,13,17,334,213,63.77,121,36.23
1318,13,18,230,162,70.43,68,29.57
1319,13,19,215,115,53.49,100,46.51
1320,13,20,327,200,61.16,127,38.84
1321,13,21,271,170,62.73,101,37.27
1322,13,22,340,240,70.59,100,29.41
1323,13,23,346,182,52.6,164,47.4
1324,13,24,265,177,66.79,88,33.21
1325,13,25,259,174,67.18,85,32.82
1326,13,26,204,131,64.22,73,35.78
1327,13,27,171,117,68.42,54,31.58
1328,13,28,223,143,64.13,80,35.87
1329,13,29,205,153,74.63,52,25.37
1330,13,30,328,195,59.45,133,40.55
1331,13,31,231,137,59.31,94,40.69
1332,13,32,235,136,57.87,99,42.13
1333,13,33,282,178,63.12,104,36.88
1334,13,34,349,216,61.89,133,38.11
1335,13,35,422,267,63.27,155,36.73
1336,13,36,171,125,73.1,46,26.9
1337,13,37,356,213,59.83,143,40.17
1338,13,38,190,116,61.05,74,38.95
1339,13,39,347,213,61.38,134,38.62
1340,13,40,287,176,61.32,111,38.68
1401,14,1,376,274,72.87,102,27.13
1402,14,2,262,173,66.03,89,33.97
1403,14,3,174,104,59.77,70,40.23
1404,14,4,84,56,66.67,28,33.33
1405,14,5,302,218,72.19,84,27.81
1406,14,6,379,250,65.96,129,34.04
1407,14,7,339,224,66.08,115,33.92
1408,14,8,352,227,64.49,125,35.51
1409,14,9,370,236,63.78,134,36.22
1410,14,10,324,213,65.74,111,34.26
1411,14,11,376,264,70.21,112,29.79
1412,14,12,247,164,66.4,83,33.6
1413,14,13,400,276,69.0,124,31.0
1414,14,14,207,124,59.9,83,40.1
1415,14,15,215,153,71.16,62,28.84
1501,15,1,242,172,71.07,70,28.93
1502,15,2,350,252,72.0,98,28.0
1503,15,3,126,87,69.05,39,30.95
1504,15,4,154,99,64.29,55,35.71
1505,15,5,101,64,63.37,37,36.63
1506,15,6,229,149,65.07,80,34.93
1507,15,7,177,102,57.63,75,42.37
1508,15,8,191,125,65.45,66,34.55
1509,15,9,226,135,59.73,91,40.27
1510,15,10,179,135,75.42,44,24.58
1511,15,11,180,125,69.44,55,30.56
1512,15,12,239,170,71.13,69,28.87
1513,15,13,184,120,65.22,64,34.78
1514,15,14,194,137,70.62,57,29.38
1515,15,15,191,136,71.2,55,28.8
1516,15,16,298,213,71.48,85,28.52
1517,15,17,332,247,74.4,85,25.6
1518,15,18,224,176,78.57,48,21.43
1519,15,19,137,103,75.18,34,24.82
1520,15,20,206,126,61.17,80,38.83
1601,16,1,290,216,74.48,74,25.52
1602,16,2,190,136,71.58,54,28.42
1603,16,3,241,196,81.33,45,18.67
1604,16,4,155,118,76.13,37,23.87
1605,16,5,329,264,80.24,65,19.76
1606,16,6,306,236,77.12,70,22.88
1607,16,7,187,143,76.47,44,23.53
1608,16,8,139,99,71.22,40,28.78
1609,16,9,310,232,74.84,78,25.16
1610,16,10,230,178,77.39,52,22.61
1611,16,11,207,161,77.78,46,22.22
1612,16,12,81,62,76.54,19,23.46
1613,16,13,125,101,80.8,24,19.2
1614,16,14,327,242,74.01,85,25.99
1615,16,15,256,188,73.44,68,26.56
1616,16,16,204,148,72.55,56,27.45
1617,16,17,372,270,72.58,102,27.42
1618,16,18,348,244,70.11,104,29.89
1619,16,19,267,188,70.41,79,29.59
1620,16,20,262,200,76.34,62,23.66
1621,16,21,173,128,73.99,45,26.01
1622,16,22,275,213,77.45,62,22.55
1623,16,23,188,132,70.21,56,29.79
1624,16,24,222,170,76.58,52,23.42
1625,16,25,104,80,76.92,24,23.08
1701,17,1,356,253,71.07,103,28.93
1702,17,2,220,160,72.73,60,27.27
1703,17,3,263,205,77.95,58,22.05
1704,17,4,262,202,77.1,60,22.9
1705,17,5,173,123,71.1,50,28.9
1706,17,6,243,192,79.01,51,20.99
1707,17,7,146,111,76.03,35,23.97
1708,17,8,195,160,82.05,35,17.95
1709,17,9,194,150,77.32,44,22.68
1710,17,10,393,307,78.12,86,21.88
1711,17,11,241,184,76.35,57,23.65
1712,17,12,152,113,74.34,39,25.66
1713,17,13,163,131,80.37,32,19.63
1714,17,14,176,139,78.98,37,21.02
1715,17,15,495,402,81.21,93,18.79
1716,17,16,219,161,73.52,58,26.48
1717,17,17,189,168,88.89,21,11.11
1718,17,18,563,445,79.04,118,20.96
1719,17,19,379,292,77.04,87,22.96
1720,17,20,377,306,81.17,71,18.83
1721,17,21,424,344,81.13,80,18.87
1722,17,22,420,308,73.33,112,26.67
1723,17,23,277,221,79.78,56,20.22
1724,17,24,450,365,81.11,85,18.89
1725,17,25,203,163,80.3,40,19.7
1726,17,26,385,319,82.86,66,17.14
1727,17,27,459,371,80.83,88,19.17
1728,17,28,533,413,77.49,120,22.51
1729,17,29,467,369,79.01,98,20.99
1801,18,1,587,472,80.41,115,19.59
1802,18,2,637,516,81.0,121,19.0
1803,18,3,261,208,79.69,53,20.31
1804,18,4,449,372,82.85,77,17.15
1805,18,5,371,314,84.64,57,15.36
1806,18,6,568,476,83.8,92,16.2
1807,18,7,511,410,80.23,101,19.77
1808,18,8,767,600,78.23,167,21.77
1809,18,9,608,490,80.59,118,19.41
1810,18,10,690,563,81.59,127,18.41
1811,18,11,385,314,81.56,71,18.44
1812,18,12,608,496,81.58,112,18.42
1813,18,13,497,399,80.28,98,19.72
1814,18,14,386,293,75.91,93,24.09
1815,18,15,290,223,76.9,67,23.1
1816,18,16,448,354,79.02,94,20.98
1817,18,17,328,243,74.09,85,25.91
1818,18,18,409,266,65.04,143,34.96
1819,18,19,363,289,79.61,74,20.39
1820,18,20,337,250,74.18,87,25.82
1821,18,21,457,358,78.34,99,21.66
1822,18,22,439,297,67.65,142,32.35
1823,18,23,521,340,65.26,181,34.74
1824,18,24,565,380,67.26,185,32.74
1825,18,25,299,196,65.55,103,34.45
1826,18,26,527,352,66.79,175,33.21
1901,19,1,718,445,61.98,273,38.02
1902,19,2,671,507,75.56,164,24.44
1903,19,3,488,269,55.12,219,44.88
1904,19,4,507,303,59.76,204,40.24
1905,19,5,559,451,80.68,108,19.32
1906,19,6,526,298,56.65,228,43.35
1907,19,7,690,414,60.0,276,40.0
1908,19,8,497,413,83.1,84,16.9
1909,19,9,457,351,76.81,106,23.19
1910,19,10,507,384,75.74,123,24.26
1911,19,11,456,260,57.02,196,42.98
1912,19,12,696,399,57.33,297,42.67
1913,19,13,454,346,76.21,108,23.79
1914,19,14,608,461,75.82,147,24.18
1915,19,15,405,216,53.33,189,46.67
1916,19,16,514,291,56.61,223,43.39
1917,19,17,477,294,61.64,183,38.36
1918,19,18,470,256,54.47,214,45.53
1919,19,19,547,392,71.66,155,28.34
1920,19,20,432,335,77.55,97,22.45
1921,19,21,707,391,55.3,316,44.7
1922,19,22,469,324,69.08,145,30.92
1923,19,23,505,329,65.15,176,34.85
1924,19,24,500,270,54.0,230,46.0
1925,19,25,470,363,77.23,107,22.77
1926,19,26,434,317,73.04,117,26.96
1927,19,27,693,520,75.04,173,24.96
1928,19,28,849,625,73.62,224,26.38
1929,19,29,613,358,58.4,255,41.6
1930,19,30,499,272,54.51,227,45.49
1931,19,31,760,539,70.92,221,29.08
1932,19,32,452,351,77.65,101,22.35
1933,19,33,351,183,52.14,168,47.86
1934,19,34,788,542,68.78,246,31.22
1935,19,35,546,398,72.89,148,27.11
1936,19,36,438,345,78.77,93,21.23
2001,20,1,205,142,69.27,63,30.73
2002,20,2,121,82,67.77,39,32.23
2003,20,3,140,99,70.71,41,29.29
2004,20,4,111,89,80.18,22,19.82
2005,20,5,203,151,74.38,52,25.62
2006,20,6,132,106,80.3,26,19.7
2007,20,7,154,128,83.12,26,16.88
2008,20,8,207,161,77.78,46,22.22
2009,20,9,394,308,78.17,86,21.83
2010,20,10,422,320,75.83,102,24.17
2011,20,11,344,266,77.33,78,22.67
2012,20,12,75,42,56.0,33,44.0
2013,20,13,609,424,69.62,185,30.38
2014,20,14,385,307,79.74,78,20.26
2015,20,15,347,263,75.79,84,24.21
2016,20,16,382,290,75.92,92,24.08
2017,20,17,469,335,71.43,134,28.57
2018,20,18,558,394,70.61,164,29.39
2019,20,19,323,240,74.3,83,25.7
2020,20,20,371,280,75.47,91,24.53
2021,20,21,517,365,70.6,152,29.4
2022,20,22,470,371,78.94,99,21.06
2023,20,23,160,121,75.63,39,24.38
2101,21,1,562,444,79.0,118,21.0
2102,21,2,170,141,82.94,29,17.06
2103,21,3,598,477,79.77,121,20.23
2104,21,4,496,404,81.45,92,18.55
2105,21,5,524,440,83.97,84,16.03
2106,21,6,444,359,80.86,85,19.14
2107,21,7,637,496,77.86,141,22.14
2108,21,8,469,366,78.04,103,21.96
2109,21,9,169,142,84.02,27,15.98
2110,21,10,572,455,79.55,117,20.45
2111,21,11,592,499,84.29,93,15.71
2112,21,12,252,196,77.78,56,22.22
2113,21,13,423,338,79.91,85,20.09
2114,21,14,638,524,82.13,114,17.87
2115,21,15,628,512,81.53,116,18.47
2116,21,16,547,445,81.35,102,18.65
2117,21,17,399,339,84.96,60,15.04
2118,21,18,598,481,80.43,117,19.57
2119,21,19,475,385,81.05,90,18.95
2120,21,20,322,245,76.09,77,23.91
2121,21,21,601,459,76.37,142,23.63
2122,21,22,620,478,77.1,142,22.9
2123,21,23,436,333,76.38,103,23.62
2124,21,24,439,367,83.6,72,16.4
2125,21,25,366,294,80.33,72,19.67
2126,21,26,401,318,79.3,83,20.7
2127,21,27,568,451,79.4,117,20.6
2128,21,28,514,390,75.88,124,24.12
2129,21,29,529,407,76.94,122,23.06
2201,22,1,175,144,82.29,31,17.71
2202,22,2,111,80,72.07,31,27.93
2203,22,3,220,150,68.18,70,31.82
2204,22,4,128,93,72.66,35,27.34
2205,22,5,364,222,60.99,142,39.01
2206,22,6,188,128,68.09,60,31.91
2207,22,7,198,118,59.6,80,40.4
2208,22,8,221,141,63.8,80,36.2
2209,22,9,186,128,68.82,58,31.18
2210,22,10,248,164,66.13,84,33.87
2211,22,11,313,218,69.65,95,30.35
2212,22,12,189,134,70.9,55,29.1
2213,22,13,250,170,68.0,80,32.0
2214,22,14,190,130,68.42,60,31.58
2215,22,15,123,72,58.54,51,41.46
2216,22,16,293,204,69.62,89,30.38
2217,22,17,125,98,78.4,27,21.6
2218,22,18,246,206,83.74,40,16.26
2219,22,19,407,268,65.85,139,34.15
2301,23,1,241,138,57.26,103,42.74
2302,23,2,406,224,55.17,182,44.83
2303,23,3,264,144,54.55,120,45.45
2304,23,4,213,115,53.99,98,46.01
2305,23,5,353,191,54.11,162,45.89
2306,23,6,201,97,48.26,104,51.74
2307,23,7,266,153,57.52,113,42.48
2308,23,8,252,154,61.11,98,38.89
2309,23,9,408,256,62.75,152,37.25
2310,23,10,449,273,60.8,176,39.2
2311,23,11,187,123,65.78,64,34.22
2312,23,12,258,168,65.12,90,34.88
2313,23,13,423,289,68.32,134,31.68
2314,23,14,312,203,65.06,109,34.94
2315,23,15,349,232,66.48,117,33.52
2316,23,16,180,116,64.44,64,35.56
2317,23,17,242,171,70.66,71,29.34
2318,23,18,214,144,67.29,70,32.71
2319,23,19,185,127,68.65,58,31.35
2320,23,20,172,118,68.6,54,31.4
2321,23,21,155,107,69.03,48,30.97
2322,23,22,169,119,70.41,50,29.59
2323,23,23,165,104,63.03,61,36.97
2324,23,24,155,99,63.87,56,36.13
2325,23,25,136,105,77.21,31,22.79
2326,23,26,118,87,73.73,31,26.27
2327,23,27,142,96,67.61,46,32.39
2328,23,28,213,150,70.42,63,29.58
2329,23,29,291,195,67.01,96,32.99
2330,23,30,167,111,66.47,56,33.53
2331,23,31,193,138,71.5,55,28.5
2332,23,32,172,125,72.67,47,27.33
2333,23,33,385,266,69.09,119,30.91
2401,24,1,145,112,77.24,33,22.76
2402,24,2,153,116,75.82,37,24.18
2403,24,3,347,266,76.66,81,23.34
2404,24,4,276,206,74.64,70,25.36
2405,24,5,457,362,79.21,95,20.79
2406,24,6,306,223,72.88,83,27.12
2407,24,7,148,123,83.11,25,16.89
2408,24,8,209,165,78.95,44,21.05
2409,24,9,373,279,74.8,94,25.2
2410,24,10,278,217,78.06,61,21.94
2411,24,11,328,253,77.13,75,22.87
2412,24,12,394,303,76.9,91,23.1
2413,24,13,349,266,76.22,83,23.78
2414,24,14,255,195,76.47,60,23.53
2415,24,15,319,243,76.18,76,23.82
2416,24,16,434,287,66.13,147,33.87
2417,24,17,249,191,76.71,58,23.29
2418,24,18,403,228,56.58,175,43.42
2419,24,19,986,524,53.14,462,46.86
2501,25,1,290,195,67.24,95,32.76
2502,25,2,201,126,62.69,75,37.31
2503,25,3,291,168,57.73,123,42.27
2504,25,4,349,208,59.6,141,40.4
2505,25,5,423,250,59.1,173,40.9
2506,25,6,467,243,52.03,224,47.97
2507,25,7,446,231,51.79,215,48.21
2508,25,8,437,244,55.84,193,44.16
2509,25,9,469,233,49.68,236,50.32
2510,25,10,507,268,52.86,239,47.14
2511,25,11,458,251,54.8,207,45.2
2512,25,12,403,215,53.35,188,46.65
2513,25,13,601,367,61.06,234,38.94
2514,25,14,583,304,52.14,279,47.86
2515,25,15,464,323,69.61,141,30.39
2516,25,16,592,320,54.05,272,45.95
2517,25,17,252,155,61.51,97,38.49
2601,26,1,174,113,64.94,61,35.06
2602,26,2,243,146,60.08,97,39.92
2603,26,3,434,224,51.61,210,48.39
2604,26,4,244,155,63.52,89,36.48
2605,26,5,335,174,51.94,161,48.06
2606,26,6,204,116,56.86,88,43.14
2607,26,7,315,166,52.7,149,47.3
2608,26,8,225,128,56.89,97,43.11
2609,26,9,221,129,58.37,92,41.63
2610,26,10,253,136,53.75,117,46.25
2611,26,11,242,122,50.41,120,49.59
2612,26,12,101,56,55.45,45,44.55
2613,26,13,199,108,54.27,91,45.73
2614,26,14,145,95,65.52,50,34.48
2615,26,15,171,101,59.06,70,40.94
2616,26,16,391,193,49.36,198,50.64
2617,26,17,356,170,47.75,186,52.25
2618,26,18,169,110,65.09,59,34.91
2619,26,19,404,206,50.99,198,49.01
2620,26,20,438,224,51.14,214,48.86
2621,26,21,189,121,64.02,68,35.98
2622,26,22,153,94,61.44,59,38.56
2623,26,23,342,179,52.34,163,47.66
2624,26,24,160,96,60.0,64,40.0
2625,26,25,366,192,52.46,174,47.54
2626,26,26,399,192,48.12,207,51.88
2627,26,27,457,238,52.08,219,47.92
2628,26,28,401,211,52.62,190,47.38
2629,26,29,397,211,53.15,186,46.85
2630,26,30,227,103,45.37,124,54.63
2631,26,31,230,151,65.65,79,34.35
2632,26,32,334,182,54.49,152,45.51
2701,27,1,443,274,61.85,169,38.15
2702,27,2,591,406,68.7,185,31.3
2703,27,3,256,193,75.39,63,24.61
2704,27,4,411,302,73.48,109,26.52
2705,27,5,260,176,67.69,84,32.31
2706,27,6,515,357,69.32,158,30.68
2707,27,7,681,432,63.44,249,36.56
2708,27,8,164,122,74.39,42,25.61
2709,27,9,476,352,73.95,124,26.05
2710,27,10,264,201,76.14,63,23.86
2711,27,11,494,315,63.77,179,36.23
2712,27,12,365,272,74.52,93,25.48
2713,27,13,404,279,69.06,125,30.94
2714,27,14,309,214,69.26,95,30.74
2715,27,15,405,278,68.64,127,31.36
2716,27,16,566,387,68.37,179,31.63
2717,27,17,208,140,67.31,68,32.69
2718,27,18,494,343,69.43,151,30.57
2719,27,19,149,109,73.15,40,26.85
2720,27,20,271,202,74.54,69,25.46
2721,27,21,204,153,75.0,51,25.0
2722,27,22,283,210,74.2,73,25.8
2723,27,23,256,191,74.61,65,25.39
2724,27,24,149,115,77.18,34,22.82
2725,27,25,378,255,67.46,123,32.54
2726,27,26,423,296,69.98,127,30.02
2727,27,27,307,197,64.17,110,35.83
2728,27,28,346,241,69.65,105,30.35
2729,27,29,695,439,63.17,256,36.83
2801,28,1,224,162,72.32,62,27.68
2802,28,2,226,180,79.65,46,20.35
2803,28,3,71,57,80.28,14,19.72
2804,28,4,190,146,76.84,44,23.16
2805,28,5,171,142,83.04,29,16.96
2806,28,6,338,238,70.41,100,29.59
2807,28,7,151,98,64.9,53,35.1
2808,28,8,289,221,76.47,68,23.53
2809,28,9,156,119,76.28,37,23.72
2810,28,10,107,81,75.7,26,24.3
2811,28,11,458,274,59.83,184,40.17
2812,28,12,603,389,64.51,214,35.49
2813,28,13,467,355,76.02,112,23.98
2814,28,14,354,244,68.93,110,31.07
2815,28,15,215,167,77.67,48,22.33
2816,28,16,462,308,66.67,154,33.33
2817,28,17,246,183,74.39,63,25.61
2818,28,18,291,229,78.69,62,21.31
2819,28,19,296,248,83.78,48,16.22
2820,28,20,234,159,67.95,75,32.05
2821,28,21,241,187,77.59,54,22.41
2822,28,22,213,163,76.53,50,23.47
2823,28,23,287,234,81.53,53,18.47
2824,28,24,233,193,82.83,40,17.17
2825,28,25,400,320,80.0,80,20.0
2826,28,26,146,120,82.19,26,17.81
2901,29,1,481,294,61.12,187,38.88
2902,29,2,386,252,65.28,134,34.72
2903,29,3,330,227,68.79,103,31.21
2904,29,4,362,231,63.81,131,36.19
2905,29,5,362,253,69.89,109,30.11
2906,29,6,300,207,69.0,93,31.0
2907,29,7,595,414,69.58,181,30.42
2908,29,8,743,561,75.5,182,24.5
2909,29,9,317,259,81.7,58,18.3
2910,29,10,460,380,82.61,80,17.39
2911,29,11,391,301,76.98,90,23.02
2912,29,12,486,383,78.81,103,21.19
2913,29,13,486,393,80.86,93,19.14
2914,29,14,392,289,73.72,103,26.28
2915,29,15,397,301,75.82,96,24.18
2916,29,16,449,363,80.85,86,19.15
2917,29,17,277,216,77.98,61,22.02
2918,29,18,412,325,78.88,87,21.12
2919,29,19,485,376,77.53,109,22.47
2920,29,20,267,205,76.78,62,23.22
2921,29,21,325,241,74.15,84,25.85
2922,29,22,445,357,80.22,88,19.78
2923,29,23,426,341,80.05,85,19.95
2924,29,24,341,267,78.3,74,21.7
3001,30,1,447,280,62.64,167,37.36
3002,30,2,321,211,65.73,110,34.27
3003,30,3,426,255,59.86,171,40.14
3004,30,4,327,197,60.24,130,39.76
3005,30,5,350,230,65.71,120,34.29
3006,30,6,423,287,67.85,136,32.15
3007,30,7,284,187,65.85,97,34.15
3008,30,8,497,260,52.31,237,47.69
3009,30,9,428,279,65.19,149,34.81
3010,30,10,339,210,61.95,129,38.05
3011,30,11,301,202,67.11,99,32.89
3012,30,12,399,256,64.16,143,35.84
3013,30,13,323,207,64.09,116,35.91
3014,30,14,373,223,59.79,150,40.21
3015,30,15,536,303,56.53,233,43.47
3016,30,16,285,204,71.58,81,28.42
3017,30,17,394,242,61.42,152,38.58
3018,30,18,348,214,61.49,134,38.51
3019,30,19,215,125,58.14,90,41.86
3020,30,20,287,154,53.66,133,46.34
3021,30,21,468,299,63.89,169,36.11
3022,30,22,468,280,59.83,188,40.17
3023,30,23,496,293,59.07,203,40.93
3024,30,24,408,255,62.5,153,37.5
3025,30,25,264,143,54.17,121,45.83
3026,30,26,516,266,51.55,250,48.45
3101,31,1,278,167,60.07,111,39.93
3102,31,2,453,224,49.45,229,50.55
3103,31,3,245,159,64.9,86,35.1
3104,31,4,318,171,53.77,147,46.23
3105,31,5,284,178,62.68,106,37.32
3106,31,6,226,136,60.18,90,39.82
3107,31,7,271,179,66.05,92,33.95
3108,31,8,375,232,61.87,143,38.13
3109,31,9,247,152,61.54,95,38.46
3110,31,10,400,253,63.25,147,36.75
3111,31,11,367,248,67.57,119,32.43
3112,31,12,433,271,62.59,162,37.41
3113,31,13,324,214,66.05,110,33.95
3114,31,14,310,197,63.55,113,36.45
3115,31,15,141,97,68.79,44,31.21
3116,31,16,205,134,65.37,71,34.63
3117,31,17,262,165,62.98,97,37.02
3118,31,18,217,153,70.51,64,29.49
3119,31,19,271,183,67.53,88,32.47
3120,31,20,274,179,65.33,95,34.67
3121,31,21,273,184,67.4,89,32.6
3122,31,22,119,78,65.55,41,34.45
3123,31,23,158,90,56.96,68,43.04
3201,32,1,1002,656,65.47,346,34.53
3202,32,2,783,498,63.6,285,36.4
3203,32,3,540,357,66.11,183,33.89
3204,32,4,555,364,65.59,191,34.41
3205,32,5,431,283,65.66,148,34.34
3206,32,6,257,171,66.54,86,33.46
3207,32,7,563,380,67.5,183,32.5
3208,32,8,402,259,64.43,143,35.57
3209,32,9,389,251,64.52,138,35.48
3210,32,10,721,488,67.68,233,32.32
3211,32,11,450,304,67.56,146,32.44
3212,32,12,271,191,70.48,80,29.52
3213,32,13,183,118,64.48,65,35.52
3214,32,14,835,541,64.79,294,35.21
3215,32,15,798,552,69.17,246,30.83
3216,32,16,394,284,72.08,110,27.92
3217,32,17,750,502,66.93,248,33.07
3218,32,18,294,182,61.9,112,38.1
3219,32,19,357,228,63.87,129,36.13
3220,32,20,757,511,67.5,246,32.5
3221,32,21,771,448,58.11,323,41.89
3222,32,22,749,449,59.95,300,40.05
3223,32,23,505,302,59.8,203,40.2
3224,32,24,267,166,62.17,101,37.83
3225,32,25,550,364,66.18,186,33.82
3226,32,26,734,492,67.03,242,32.97
3227,32,27,725,480,66.21,245,33.79
3228,32,28,213,128,60.09,85,39.91
3229,32,29,571,354,62.0,217,38.0
3230,32,30,719,432,60.08,287,39.92
3301,33,1,786,488,62.09,298,37.91
3302,33,2,841,488,58.03,353,41.97
3303,33,3,593,373,62.9,220,37.1
3304,33,4,805,471,58.51,334,41.49
3305,33,5,647,382,59.04,265,40.96
3306,33,6,710,407,57.32,303,42.68
3307,33,7,664,410,61.75,254,38.25
3308,33,8,475,280,58.95,195,41.05
3309,33,9,470,278,59.15,192,40.85
3310,33,10,500,276,55.2,224,44.8
3311,33,11,400,245,61.25,155,38.75
3312,33,12,627,351,55.98,276,44.02
3313,33,13,531,295,55.56,236,44.44
3314,33,14,722,401,55.54,321,44.46
3315,33,15,519,269,51.83,250,48.17
3316,33,16,688,434,63.08,254,36.92
3317,33,17,639,353,55.24,286,44.76
3401,34,1,507,341,67.26,166,32.74
3402,34,2,318,219,68.87,99,31.13
3403,34,3,693,461,66.52,232,33.48
3404,34,4,403,285,70.72,118,29.28
3405,34,5,681,453,66.52,228,33.48
3406,34,6,471,343,72.82,128,27.18
3407,34,7,226,159,70.35,67,29.65
3408,34,8,378,248,65.61,130,34.39
3409,34,9,706,466,66.01,240,33.99
3410,34,10,286,203,70.98,83,29.02
3411,34,11,477,332,69.6,145,30.4
3412,34,12,488,335,68.65,153,31.35
3413,34,13,598,420,70.23,178,29.77
3414,34,14,562,392,69.75,170,30.25
3415,34,15,450,308,68.44,142,31.56
3416,34,16,726,461,63.5,265,36.5
3417,34,17,641,419,65.37,222,34.63
3418,34,18,600,424,70.67,176,29.33
3419,34,19,475,343,72.21,132,27.79
3420,34,20,611,431,70.54,180,29.46
3501,35,1,174,108,62.07,66,37.93
3502,35,2,428,270,63.08,158,36.92
3503,35,3,323,179,55.42,144,44.58
3504,35,4,497,265,53.32,232,46.68
3505,35,5,671,328,48.88,343,51.12
3506,35,6,975,461,47.28,514,52.72
3507,35,7,670,318,47.46,352,52.54
3508,35,8,464,229,49.35,235,50.65
3509,35,9,780,343,43.97,437,56.03
3510,35,10,490,239,48.78,251,51.22
3511,35,11,658,357,54.26,301,45.74
3512,35,12,830,403,48.55,427,51.45
3513,35,13,549,255,46.45,294,53.55
3514,35,14,495,254,51.31,241,48.69
3515,35,15,651,334,51.31,317,48.69
3516,35,16,853,427,50.06,426,49.94
3517,35,17,537,305,56.8,232,43.2
3518,35,18,357,181,50.7,176,49.3
3519,35,19,533,286,53.66,247,46.34
3520,35,20,312,188,60.26,124,39.74
3521,35,21,490,291,59.39,199,40.61
3522,35,22,641,426,66.46,215,33.54
3601,36,1,269,160,59.48,109,40.52
3602,36,2,320,205,64.06,115,35.94
3603,36,3,257,155,60.31,102,39.69
3604,36,4,319,217,68.03,102,31.97
3605,36,5,257,168,65.37,89,34.63
3606,36,6,213,140,65.73,73,34.27
3607,36,7,177,124,70.06,53,29.94
3608,36,8,140,96,68.57,44,31.43
3609,36,9,389,271,69.67,118,30.33
3610,36,10,288,188,65.28,100,34.72
3611,36,11,202,132,65.35,70,34.65
3612,36,12,149,85,57.05,64,42.95
3613,36,13,81,48,59.26,33,40.74
3614,36,14,261,165,63.22,96,36.78
3615,36,15,129,81,62.79,48,37.21
3616,36,16,102,78,76.47,24,23.53
3617,36,17,392,190,48.47,202,51.53
3618,36,18,440,217,49.32,223,50.68
3619,36,19,557,289,51.89,268,48.11
3620,36,20,640,322,50.31,318,49.69
3621,36,21,429,245,57.11,184,42.89
3622,36,22,544,266,48.9,278,51.1
3623,36,23,489,274,56.03,215,43.97
3624,36,24,508,291,57.28,217,42.72
3625,36,25,589,345,58.57,244,41.43
3626,36,26,532,297,55.83,235,44.17
3627,36,27,582,364,62.54,218,37.46
3701,37,1,373,278,74.53,95,25.47
3702,37,2,295,208,70.51,87,29.49
3703,37,3,327,246,75.23,81,24.77
3704,37,4,357,263,73.67,94,26.33
3705,37,5,250,183,73.2,67,26.8
3706,37,6,476,373,78.36,103,21.64
3707,37,7,301,219,72.76,82,27.24
3708,37,8,430,331,76.98,99,23.02
3709,37,9,172,136,79.07,36,20.93
3710,37,10,306,242,79.08,64,20.92
3711,37,11,309,236,76.38,73,23.62
3712,37,12,413,308,74.58,105,25.42
3713,37,13,258,179,69.38,79,30.62
3714,37,14,402,320,79.6,82,20.4
3715,37,15,339,268,79.06,71,20.94
3716,37,16,431,331,76.8,100,23.2
3717,37,17,249,194,77.91,55,22.09
3718,37,18,314,246,78.34,68,21.66
3719,37,19,271,194,71.59,77,28.41
3720,37,20,433,340,78.52,93,21.48
3721,37,21,235,178,75.74,57,24.26
3722,37,22,314,243,77.39,71,22.61
3801,38,1,648,384,59.26,264,40.74
3802,38,2,343,201,58.6,142,41.4
3803,38,3,478,275,57.53,203,42.47
3804,38,4,329,205,62.31,124,37.69
3805,38,5,552,331,59.96,221,40.04
3806,38,6,377,218,57.82,159,42.18
3807,38,7,442,268,60.63,174,39.37
3808,38,8,368,206,55.98,162,44.02
3809,38,9,381,251,65.88,130,34.12
3810,38,10,357,241,67.51,116,32.49
3811,38,11,417,295,70.74,122,29.26
3812,38,12,586,356,60.75,230,39.25
3813,38,13,303,190,62.71,113,37.29
3814,38,14,399,255,63.91,144,36.09
3815,38,15,332,204,61.45,128,38.55
3816,38,16,575,347,60.35,228,39.65
3817,38,17,501,324,64.67,177,35.33
3818,38,18,589,387,65.7,202,34.3
3819,38,19,600,382,63.67,218,36.33
3820,38,20,509,321,63.06,188,36.94
3821,38,21,649,400,61.63,249,38.37
3822,38,22,441,288,65.31,153,34.69
3823,38,23,611,371,60.72,240,39.28
3824,38,24,575,373,64.87,202,35.13
3825,38,25,674,441,65.43,233,34.57
3901,39,1,470,320,68.09,150,31.91
3902,39,2,224,177,79.02,47,20.98
3903,39,3,394,242,61.42,152,38.58
3904,39,4,517,335,64.8,182,35.2
3905,39,5,353,228,64.59,125,35.41
3906,39,6,283,170,60.07,113,39.93
3907,39,7,262,183,69.85,79,30.15
3908,39,8,267,180,67.42,87,32.58
3909,39,9,241,152,63.07,89,36.93
3910,39,10,342,197,57.6,145,42.4
3911,39,11,212,141,66.51,71,33.49
3912,39,12,431,284,65.89,147,34.11
3913,39,13,655,428,65.34,227,34.66
3914,39,14,648,414,63.89,234,36.11
3915,39,15,536,336,62.69,200,37.31
3916,39,16,290,182,62.76,108,37.24
3917,39,17,729,430,58.98,299,41.02
3918,39,18,326,194,59.51,132,40.49
3919,39,19,671,441,65.72,230,34.28
3920,39,20,447,248,55.48,199,44.52
3921,39,21,566,343,60.6,223,39.4
3922,39,22,284,188,66.2,96,33.8
3923,39,23,65,43,66.15,22,33.85
3924,39,24,429,269,62.7,160,37.3
3925,39,25,304,189,62.17,115,37.83
3926,39,26,262,176,67.18,86,32.82
3927,39,27,256,171,66.8,85,33.2
3928,39,28,277,179,64.62,98,35.38
3929,39,29,130,96,73.85,34,26.15
3930,39,30,241,152,63.07,89,36.93
3931,39,31,315,211,66.98,104,33.02
3932,39,32,763,479,62.78,284,37.22
3933,39,33,271,187,69.0,84,31.0
3934,39,34,310,209,67.42,101,32.58
3935,39,35,534,337,63.11,197,36.89
4001,40,1,505,365,72.28,140,27.72
4002,40,2,536,394,73.51,142,26.49
4003,40,3,465,325,69.89,140,30.11
4004,40,4,490,334,68.16,156,31.84
4005,40,5,397,261,65.74,136,34.26
4006,40,6,455,337,74.07,118,25.93
4007,40,7,495,317,64.04,178,35.96
4008,40,8,329,230,69.91,99,30.09
4009,40,9,596,372,62.42,224,37.58
4010,40,10,891,556,62.4,335,37.6
4011,40,11,561,348,62.03,213,37.97
4012,40,12,606,394,65.02,212,34.98
4013,40,13,631,387,61.33,244,38.67
4014,40,14,822,437,53.16,385,46.84
4015,40,15,616,381,61.85,235,38.15
4016,40,16,605,348,57.52,257,42.48
4017,40,17,643,401,62.36,242,37.64
4018,40,18,700,408,58.29,292,41.71
4019,40,19,608,366,60.2,242,39.8
4020,40,20,699,442,63.23,257,36.77
4021,40,21,641,353,55.07,288,44.93
4022,40,22,885,486,54.92,399,45.08
4023,40,23,921,577,62.65,344,37.35
4101,41,1,371,220,59.3,151,40.7
4102,41,2,252,174,69.05,78,30.95
4103,41,3,264,154,58.33,110,41.67
4104,41,4,392,228,58.16,164,41.84
4105,41,5,422,240,56.87,182,43.13
4106,41,6,402,239,59.45,163,40.55
4107,41,7,346,193,55.78,153,44.22
4108,41,8,349,200,57.31,149,42.69
4109,41,9,657,385,58.6,272,41.4
4110,41,10,540,318,58.89,222,41.11
4111,41,11,421,268,63.66,153,36.34
4112,41,12,263,154,58.56,109,41.44
4113,41,13,589,364,61.8,225,38.2
4114,41,14,687,411,59.83,276,40.17
4115,41,15,852,491,57.63,361,42.37
4116,41,16,298,186,62.42,112,37.58
4117,41,17,202,123,60.89,79,39.11
4118,41,18,645,436,67.6,209,32.4
4119,41,19,323,199,61.61,124,38.39
4120,41,20,352,200,56.82,152,43.18
4121,41,21,347,201,57.93,146,42.07
4122,41,22,286,168,58.74,118,41.26
4123,41,23,406,255,62.81,151,37.19
4124,41,24,625,364,58.24,261,41.76
4125,41,25,561,325,57.93,236,42.07
4126,41,26,684,435,63.6,249,36.4
4127,41,27,496,311,62.7,185,37.3
4128,41,28,819,522,63.74,297,36.26
4129,41,29,836,538,64.35,298,35.65
4130,41,30,671,414,61.7,257,38.3
4131,41,31,583,338,57.98,245,42.02
4201,42,1,263,196,74.52,67,25.48
4202,42,2,245,175,71.43,70,28.57
4203,42,3,665,486,73.08,179,26.92
4204,42,4,567,393,69.31,174,30.69
4205,42,5,809,586,72.44,223,27.56
4206,42,6,340,265,77.94,75,22.06
4207,42,7,535,389,72.71,146,27.29
4208,42,8,359,243,67.69,116,32.31
4209,42,9,597,422,70.69,175,29.31
4210,42,10,398,267,67.09,131,32.91
4211,42,11,447,315,70.47,132,29.53
4212,42,12,350,239,68.29,111,31.71
4213,42,13,269,179,66.54,90,33.46
4214,42,14,199,134,67.34,65,32.66
4215,42,15,193,144,74.61,49,25.39
4216,42,16,652,429,65.8,223,34.2
4217,42,17,719,496,68.98,223,31.02
4218,42,18,405,286,70.62,119,29.38
4219,42,19,592,420,70.95,172,29.05
4220,42,20,606,431,71.12,175,28.88
4221,42,21,673,482,71.62,191,28.38
4222,42,22,655,438,66.87,217,33.13
4223,42,23,675,501,74.22,174,25.78
4224,42,24,664,496,74.7,168,25.3
4301,43,1,663,507,76.47,156,23.53
4302,43,2,776,599,77.19,177,22.81
4303,43,3,260,184,70.77,76,29.23
4304,43,4,519,374,72.06,145,27.94
4305,43,5,819,608,74.24,211,25.76
4306,43,6,963,666,69.16,297,30.84
4307,43,7,867,588,67.82,279,32.18
4308,43,8,709,472,66.57,237,33.43
4309,43,9,944,649,68.75,295,31.25
4310,43,10,611,430,70.38,181,29.62
4311,43,11,403,275,68.24,128,31.76
4312,43,12,769,537,69.83,232,30.17
4313,43,13,605,428,70.74,177,29.26
4314,43,14,356,253,71.07,103,28.93
4315,43,15,765,571,74.64,194,25.36
4316,43,16,308,218,70.78,90,29.22
4317,43,17,735,493,67.07,242,32.93
4318,43,18,881,633,71.85,248,28.15
4319,43,19,811,560,69.05,251,30.95
4320,43,20,681,501,73.57,180,26.43
4321,43,21,361,260,72.02,101,27.98
4322,43,22,836,587,70.22,249,29.78
4323,43,23,563,407,72.29,156,27.71
4401,44,1,836,571,68.3,265,31.7
4402,44,2,565,361,63.89,204,36.11
4403,44,3,727,552,75.93,175,24.07
4404,44,4,937,709,75.67,228,24.33
4405,44,5,725,457,63.03,268,36.97
4406,44,6,670,401,59.85,269,40.15
4407,44,7,695,437,62.88,258,37.12
4408,44,8,727,482,66.3,245,33.7
4409,44,9,976,619,63.42,357,36.58
4410,44,10,911,599,65.75,312,34.25
4411,44,11,743,468,62.99,275,37.01
4412,44,12,886,609,68.74,277,31.26
4413,44,13,872,561,64.33,311,35.67
4414,44,14,826,538,65.13,288,34.87
4415,44,15,921,620,67.32,301,32.68
4416,44,16,932,585,62.77,347,37.23
4417,44,17,950,652,68.63,298,31.37
4418,44,18,657,428,65.14,229,34.86
4419,44,19,888,551,62.05,337,37.95
4420,44,20,566,354,62.54,212,37.46
4421,44,21,926,583,62.96,343,37.04
4501,45,1,828,499,60.27,329,39.73
4502,45,2,430,303,70.47,127,29.53
4503,45,3,240,145,60.42,95,39.58
4504,45,4,306,187,61.11,119,38.89
4505,45,5,445,304,68.31,141,31.69
4506,45,6,541,355,65.62,186,34.38
4507,45,7,508,319,62.8,189,37.2
4508,45,8,433,271,62.59,162,37.41
4509,45,9,461,305,66.16,156,33.84
4510,45,10,483,284,58.8,199,41.2
4511,45,11,635,357,56.22,278,43.78
4512,45,12,406,254,62.56,152,37.44
4513,45,13,617,375,60.78,242,39.22
4514,45,14,359,226,62.95,133,37.05
4515,45,15,437,271,62.01,166,37.99
4516,45,16,520,329,63.27,191,36.73
4517,45,17,581,366,62.99,215,37.01
4518,45,18,563,367,65.19,196,34.81
4519,45,19,366,239,65.3,127,34.7
4520,45,20,484,308,63.64,176,36.36
4521,45,21,416,269,64.66,147,35.34
4522,45,22,540,341,63.15,199,36.85
4523,45,23,539,318,59.0,221,41.0
4524,45,24,458,276,60.26,182,39.74
4525,45,25,635,396,62.36,239,37.64
4526,45,26,482,301,62.45,181,37.55
4527,45,27,593,388,65.43,205,34.57
4528,45,28,522,331,63.41,191,36.59
4529,45,29,524,302,57.63,222,42.37
4601,46,1,655,455,69.47,200,30.53
4602,46,2,611,398,65.14,213,34.86
4603,46,3,737,442,59.97,295,40.03
4604,46,4,837,550,65.71,287,34.29
4605,46,5,684,489,71.49,195,28.51
4606,46,6,1025,664,64.78,361,35.22
4607,46,7,628,419,66.72,209,33.28
4608,46,8,797,475,59.6,322,40.4
4609,46,9,780,521,66.79,259,33.21
4610,46,10,721,398,55.2,323,44.8
4611,46,11,833,514,61.7,319,38.3
4612,46,12,999,672,67.27,327,32.73
4613,46,13,883,526,59.57,357,40.43
4614,46,14,481,293,60.91,188,39.09
4615,46,15,934,667,71.41,267,28.59
4616,46,16,691,417,60.35,274,39.65
4617,46,17,895,543,60.67,352,39.33
4618,46,18,827,492,59.49,335,40.51
4619,46,19,648,403,62.19,245,37.81
4620,46,20,592,387,65.37,205,34.63
4621,46,21,459,311,67.76,148,32.24
4622,46,22,569,385,67.66,184,32.34
4623,46,23,484,287,59.3,197,40.7
4701,47,1,669,403,60.24,266,39.76
4702,47,2,629,354,56.28,275,43.72
4703,47,3,620,356,57.42,264,42.58
4704,47,4,807,471,58.36,336,41.64
4705,47,5,924,467,50.54,457,49.46
4706,47,6,781,445,56.98,336,43.02
4707,47,7,1147,674,58.76,473,41.24
4708,47,8,718,396,55.15,322,44.85
4709,47,9,899,537,59.73,362,40.27
4710,47,10,771,421,54.6,350,45.4
4711,47,11,684,428,62.57,256,37.43
4712,47,12,506,319,63.04,187,36.96
4713,47,13,541,328,60.63,213,39.37
4714,47,14,687,451,65.65,236,34.35
4715,47,15,694,504,72.62,190,27.38
4716,47,16,720,484,67.22,236,32.78
4717,47,17,636,392,61.64,244,38.36
4718,47,18,788,465,59.01,323,40.99
4719,47,19,787,496,63.02,291,36.98
4720,47,20,766,472,61.62,294,38.38
4721,47,21,765,528,69.02,237,30.98
4722,47,22,632,414,65.51,218,34.49
4723,47,23,754,473,62.73,281,37.27
4724,47,24,884,546,61.76,338,38.24
4725,47,25,678,452,66.67,226,33.33
4726,47,26,862,593,68.79,269,31.21
4727,47,27,786,548,69.72,238,30.28
4728,47,28,569,396,69.6,173,30.4
4801,48,1,794,453,57.05,341,42.95
4802,48,2,250,187,74.8,63,25.2
4803,48,3,422,271,64.22,151,35.78
4804,48,4,462,261,56.49,201,43.51
4805,48,5,260,207,79.62,53,20.38
4806,48,6,631,411,65.13,220,34.87
4807,48,7,631,378,59.9,253,40.1
4808,48,8,398,281,70.6,117,29.4
4809,48,9,292,203,69.52,89,30.48
4810,48,10,750,409,54.53,341,45.47
4811,48,11,471,297,63.06,174,36.94
4812,48,12,666,412,61.86,254,38.14
4813,48,13,504,352,69.84,152,30.16
4814,48,14,579,390,67.36,189,32.64
4815,48,15,445,274,61.57,171,38.43
4816,48,16,353,227,64.31,126,35.69
4817,48,17,188,135,71.81,53,28.19
4818,48,18,620,373,60.16,247,39.84
4819,48,19,335,225,67.16,110,32.84
4820,48,20,234,183,78.21,51,21.79
4821,48,21,544,334,61.4,210,38.6
4822,48,22,310,243,78.39,67,21.61
4823,48,23,385,300,77.92,85,22.08
4824,48,24,748,473,63.24,275,36.76
4825,48,25,640,345,53.91,295,46.09
4826,48,26,336,248,73.81,88,26.19
4827,48,27,393,255,64.89,138,35.11
4828,48,28,543,293,53.96,250,46.04
4829,48,29,178,138,77.53,40,22.47
4830,48,30,569,361,63.44,208,36.56
4831,48,31,584,314,53.77,270,46.23
4832,48,32,463,307,66.31,156,33.69
4833,48,33,225,158,70.22,67,29.78
4834,48,34,444,247,55.63,197,44.37
4835,48,35,720,468,65.0,252,35.0
4901,49,1,676,440,65.09,236,34.91
4902,49,2,582,377,64.78,205,35.22
4903,49,3,789,534,67.68,255,32.32
4904,49,4,789,451,57.16,338,42.84
4905,49,5,835,527,63.11,308,36.89
4906,49,6,78,59,75.64,19,24.36
4907,49,7,823,538,65.37,285,34.63
4908,49,8,985,567,57.56,418,42.44
4909,49,9,878,459,52.28,419,47.72
4910,49,10,581,403,69.36,178,30.64
4911,49,11,644,448,69.57,196,30.43
4912,49,12,577,411,71.23,166,28.77
4913,49,13,722,493,68.28,229,31.72
4914,49,14,876,550,62.79,326,37.21
4915,49,15,799,496,62.08,303,37.92
4916,49,16,733,395,53.89,338,46.11
4917,49,17,834,481,57.67,353,42.33
5001,50,1,301,228,75.75,73,24.25
5002,50,2,353,238,67.42,115,32.58
5003,50,3,283,196,69.26,87,30.74
5004,50,4,368,260,70.65,108,29.35
5005,50,5,518,346,66.8,172,33.2
5006,50,6,247,171,69.23,76,30.77
5007,50,7,660,465,70.45,195,29.55
5008,50,8,453,326,71.96,127,28.04
5009,50,9,121,103,85.12,18,14.88
5010,50,10,262,183,69.85,79,30.15
5011,50,11,309,215,69.58,94,30.42
5012,50,12,120,83,69.17,37,30.83
5013,50,13,461,318,68.98,143,31.02
5014,50,14,90,54,60.0,36,40.0
5015,50,15,456,314,68.86,142,31.14
5016,50,16,85,53,62.35,32,37.65
5017,50,17,210,138,65.71,72,34.29
5018,50,18,33,20,60.61,13,39.39
5019,50,19,200,142,71.0,58,29.0
5020,50,20,184,137,74.46,47,25.54
5021,50,21,411,304,73.97,107,26.03
5022,50,22,357,236,66.11,121,33.89
5023,50,23,298,190,63.76,108,36.24
5024,50,24,356,235,66.01,121,33.99
5025,50,25,108,78,72.22,30,27.78
5026,50,26,183,125,68.31,58,31.69
5027,50,27,77,53,68.83,24,31.17
5028,50,28,462,314,67.97,148,32.03
