id,ward,precinct,total,Yes,Yes Percent,No,No Percent
0101,1,1,732,656,89.62,76,10.38
0102,1,2,693,610,88.02,83,11.98
0103,1,3,783,683,87.23,100,12.77
0104,1,4,699,620,88.7,79,11.3
0105,1,5,713,617,86.54,96,13.46
0106,1,6,622,534,85.85,88,14.15
0107,1,7,747,671,89.83,76,10.17
0108,1,8,676,590,87.28,86,12.72
0109,1,9,342,298,87.13,44,12.87
0110,1,10,878,772,87.93,106,12.07
0111,1,11,673,585,86.92,88,13.08
0112,1,12,294,245,83.33,49,16.67
0113,1,13,475,418,88.0,57,12.0
0114,1,14,402,346,86.07,56,13.93
0115,1,15,709,636,89.7,73,10.3
0116,1,16,671,572,85.25,99,14.75
0117,1,17,437,379,86.73,58,13.27
0118,1,18,629,554,88.08,75,11.92
0119,1,19,595,522,87.73,73,12.27
0120,1,20,541,480,88.72,61,11.28
0121,1,21,572,479,83.74,93,16.26
0122,1,22,763,663,86.89,100,13.11
0123,1,23,392,335,85.46,57,14.54
0124,1,24,859,759,88.36,100,11.64
0125,1,25,708,604,85.31,104,14.69
0126,1,26,637,538,84.46,99,15.54
0201,2,1,648,542,83.64,106,16.36
0202,2,2,769,644,83.75,125,16.25
0203,2,3,479,410,85.59,69,14.41
0204,2,4,521,438,84.07,83,15.93
0205,2,5,508,422,83.07,86,16.93
0206,2,6,726,599,82.51,127,17.49
0207,2,7,639,519,81.22,120,18.78
0208,2,8,503,421,83.7,82,16.3
0209,2,9,739,591,79.97,148,20.03
0210,2,10,327,264,80.73,63,19.27
0211,2,11,554,463,83.57,91,16.43
0212,2,12,514,416,80.93,98,19.07
0213,2,13,687,553,80.49,134,19.51
0214,2,14,387,326,84.24,61,15.76
0215,2,15,553,449,81.19,104,18.81
0216,2,16,630,525,83.33,105,16.67
0217,2,17,923,792,85.81,131,14.19
0218,2,18,533,437,81.99,96,18.01
0219,2,19,301,262,87.04,39,12.96
0220,2,20,382,307,80.37,75,19.63
0221,2,21,126,94,74.6,32,25.4
0222,2,22,452,375,82.96,77,17.04
0223,2,23,493,426,86.41,67,13.59
0224,2,24,403,334,82.88,69,17.12
0225,2,25,599,483,80.63,116,19.37
0301,3,1,584,422,72.26,162,27.74
0302,3,2,557,466,83.66,91,16.34
0303,3,3,400,316,79.0,84,21.0
0304,3,4,430,347,80.7,83,19.3
0305,3,5,111,84,75.68,27,24.32
0306,3,6,586,444,75.77,142,24.23
0307,3,7,277,228,82.31,49,17.69
0308,3,8,454,331,72.91,123,27.09
0309,3,9,367,322,87.74,45,12.26
0310,3,10,388,323,83.25,65,16.75
0311,3,11,614,491,79.97,123,20.03
0312,3,12,452,338,74.78,114,25.22
0313,3,13,668,552,82.63,116,17.37
0314,3,14,767,633,82.53,134,17.47
0315,3,15,459,368,80.17,91,19.83
0316,3,16,272,241,88.6,31,11.4
0317,3,17,158,119,75.32,39,24.68
0318,3,18,178,127,71.35,51,28.65
0319,3,19,785,650,82.8,135,17.2
0320,3,20,520,415,79.81,105,20.19
0321,3,21,500,418,83.6,82,16.4
0322,3,22,386,326,84.46,60,15.54
0323,3,23,285,223,78.25,62,21.75
0324,3,24,110,92,83.64,18,16.36
0325,3,25,767,635,82.79,132,17.21
0326,3,26,268,198,73.88,70,26.12
0327,3,27,655,532,81.22,123,18.78
0401,4,1,710,624,87.89,86,12.11
0402,4,2,256,213,83.2,43,16.8
0403,4,3,472,419,88.77,53,11.23
0404,4,4,572,446,77.97,126,22.03
0405,4,5,284,225,79.23,59,20.77
0406,4,6,409,337,82.4,72,17.6
0407,4,7,295,253,85.76,42,14.24
0408,4,8,415,355,85.54,60,14.46
0409,4,9,446,360,80.72,86,19.28
0410,4,10,407,348,85.5,59,14.5
0411,4,11,558,456,81.72,102,18.28
0412,4,12,346,281,81.21,65,18.79
0413,4,13,372,304,81.72,68,18.28
0414,4,14,313,254,81.15,59,18.85
0415,4,15,334,281,84.13,53,15.87
0416,4,16,465,379,81.51,86,18.49
0417,4,17,591,471,79.7,120,20.3
0418,4,18,187,142,75.94,45,24.06
0419,4,19,388,318,81.96,70,18.04
0420,4,20,567,468,82.54,99,17.46
0421,4,21,364,303,83.24,61,16.76
0422,4,22,187,157,83.96,30,16.04
0423,4,23,339,263,77.58,76,22.42
0424,4,24,628,512,81.53,116,18.47
0425,4,25,780,660,84.62,120,15.38
0426,4,26,674,588,87.24,86,12.76
0427,4,27,731,598,81.81,133,18.19
0428,4,28,759,653,86.03,106,13.97
0501,5,1,523,429,82.03,94,17.97
0502,5,2,629,505,80.29,124,19.71
0503,5,3,581,463,79.69,118,20.31
0504,5,4,466,346,74.25,120,25.75
0505,5,5,253,205,81.03,48,18.97
0506,5,6,226,191,84.51,35,15.49
0507,5,7,136,107,78.68,29,21.32
0508,5,8,175,135,77.14,40,22.86
0509,5,9,157,116,73.89,41,26.11
0510,5,10,264,204,77.27,60,22.73
0511,5,11,343,252,73.47,91,26.53
0512,5,12,611,552,90.34,59,9.66
0513,5,13,265,217,81.89,48,18.11
0514,5,14,292,237,81.16,55,18.84
0515,5,15,889,786,88.41,103,11.59
0516,5,16,553,490,88.61,63,11.39
0517,5,17,382,346,90.58,36,9.42
0518,5,18,824,707,85.8,117,14.2
0519,5,19,353,315,89.24,38,10.76
0520,5,20,613,533,86.95,80,13.05
0521,5,21,516,458,88.76,58,11.24
0522,5,22,615,543,88.29,72,11.71
0523,5,23,327,287,87.77,40,12.23
0524,5,24,322,299,92.86,23,7.14
0525,5,25,812,765,94.21,47,5.79
0601,6,1,165,123,74.55,42,25.45
0602,6,2,212,169,79.72,43,20.28
0603,6,3,68,48,70.59,20,29.41
0604,6,4,160,116,72.5,44,27.5
0605,6,5,293,223,76.11,70,23.89
0606,6,6,268,197,73.51,71,26.49
0607,6,7,345,272,78.84,73,21.16
0608,6,8,259,205,79.15,54,20.85
0609,6,9,542,425,78.41,117,21.59
0610,6,10,127,98,77.17,29,22.83
0611,6,11,153,121,79.08,32,20.92
0612,6,12,355,266,74.93,89,25.07
0613,6,13,456,344,75.44,112,24.56
0614,6,14,431,351,81.44,80,18.56
0615,6,15,465,365,78.49,100,21.51
0616,6,16,300,226,75.33,74,24.67
0617,6,17,530,414,78.11,116,21.89
0618,6,18,602,503,83.55,99,16.45
0619,6,19,378,285,75.4,93,24.6
0620,6,20,653,551,84.38,102,15.62
0621,6,21,466,360,77.25,106,22.75
0622,6,22,656,517,78.81,139,21.19
0623,6,23,622,498,80.06,124,19.94
0624,6,24,552,448,81.16,104,18.84
0625,6,25,403,339,84.12,64,15.88
0626,6,26,709,573,80.82,136,19.18
0627,6,27,640,515,80.47,125,19.53
0701,7,1,470,356,75.74,114,24.26
0702,7,2,616,503,81.66,113,18.34
0703,7,3,332,230,69.28,102,30.72
0704,7,4,390,297,76.15,93,23.85
0705,7,5,547,438,80.07,109,19.93
0706,7,6,141,113,80.14,28,19.86
0707,7,7,326,238,73.01,88,26.99
0708,7,8,211,166,78.67,45,21.33
0709,7,9,352,261,74.15,91,25.85
0710,7,10,513,418,81.48,95,18.52
0711,7,11,436,344,78.9,92,21.1
0712,7,12,525,417,79.43,108,20.57
0713,7,13,366,271,74.04,95,25.96
0714,7,14,315,246,78.1,69,21.9
0715,7,15,475,382,80.42,93,19.58
0716,7,16,161,127,78.88,34,21.12
0717,7,17,127,103,81.1,24,18.9
0718,7,18,61,55,90.16,6,9.84
0719,7,19,611,508,83.14,103,16.86
0720,7,20,340,270,79.41,70,20.59
0721,7,21,256,204,79.69,52,20.31
0722,7,22,291,242,83.16,49,16.84
0723,7,23,220,167,75.91,53,24.09
0724,7,24,59,48,81.36,11,18.64
0725,7,25,326,262,80.37,64,19.63
0726,7,26,479,396,82.67,83,17.33
0727,7,27,279,231,82.8,48,17.2
0728,7,28,187,142,75.94,45,24.06
0729,7,29,270,204,75.56,66,24.44
0730,7,30,238,181,76.05,57,23.95
0731,7,31,111,90,81.08,21,18.92
0801,8,1,497,395,79.48,102,20.52
0802,8,2,249,192,77.11,57,22.89
0803,8,3,203,173,85.22,30,14.78
0804,8,4,464,362,78.02,102,21.98
0805,8,5,326,270,82.82,56,17.18
0806,8,6,565,438,77.52,127,22.48
0807,8,7,324,253,78.09,71,21.91
0808,8,8,693,584,84.27,109,15.73
0809,8,9,444,344,77.48,100,22.52
0810,8,10,522,391,74.9,131,25.1
0811,8,11,423,340,80.38,83,19.62
0812,8,12,476,403,84.66,73,15.34
0813,8,13,458,397,86.68,61,13.32
0814,8,14,510,425,83.33,85,16.67
0815,8,15,386,319,82.64,67,17.36
0816,8,16,358,291,81.28,67,18.72
0817,8,17,595,492,82.69,103,17.31
0818,8,18,770,652,84.68,118,15.32
0819,8,19,615,487,79.19,128,20.81
0820,8,20,264,201,76.14,63,23.86
0821,8,21,237,182,76.79,55,23.21
0822,8,22,230,193,83.91,37,16.09
0823,8,23,593,479,80.78,114,19.22
0824,8,24,425,345,81.18,80,18.82
0825,8,25,168,133,79.17,35,20.83
0826,8,26,348,267,76.72,81,23.28
0827,8,27,456,371,81.36,85,18.64
0828,8,28,314,236,75.16,78,24.84
0829,8,29,306,252,82.35,54,17.65
0830,8,30,398,317,79.65,81,20.35
0901,9,1,482,373,77.39,109,22.61
0902,9,2,327,249,76.15,78,23.85
0903,9,3,169,126,74.56,43,25.44
0904,9,4,364,287,78.85,77,21.15
0905,9,5,358,282,78.77,76,21.23
0906,9,6,618,512,82.85,106,17.15
0907,9,7,468,361,77.14,107,22.86
0908,9,8,470,371,78.94,99,21.06
0909,9,9,280,209,74.64,71,25.36
0910,9,10,577,457,79.2,120,20.8
0911,9,11,192,148,77.08,44,22.92
0912,9,12,522,419,80.27,103,19.73
0913,9,13,505,401,79.41,104,20.59
0914,9,14,280,226,80.71,54,19.29
0915,9,15,386,313,81.09,73,18.91
0916,9,16,533,424,79.55,109,20.45
0917,9,17,166,128,77.11,38,22.89
0918,9,18,274,219,79.93,55,20.07
0919,9,19,229,190,82.97,39,17.03
0920,9,20,412,322,78.16,90,21.84
0921,9,21,483,370,76.6,113,23.4
0922,9,22,336,270,80.36,66,19.64
0923,9,23,279,226,81.0,53,19.0
0924,9,24,408,332,81.37,76,18.63
0925,9,25,314,255,81.21,59,18.79
0926,9,26,455,370,81.32,85,18.68
0927,9,27,248,197,79.44,51,20.56
0928,9,28,211,148,70.14,63,29.86
0929,9,29,609,472,77.5,137,22.5
0930,9,30,494,388,78.54,106,21.46
1001,10,1,127,100,78.74,27,21.26
1002,10,2,147,109,74.15,38,25.85
1003,10,3,250,184,73.6,66,26.4
1004,10,4,288,219,76.04,69,23.96
1005,10,5,113,80,70.8,33,29.2
1006,10,6,136,103,75.74,33,24.26
1007,10,7,262,179,68.32,83,31.68
1008,10,8,257,192,74.71,65,25.29
1009,10,9,281,213,75.8,68,24.2
1010,10,10,310,236,76.13,74,23.87
1011,10,11,110,83,75.45,27,24.55
1012,10,12,286,222,77.62,64,22.38
1013,10,13,315,236,74.92,79,25.08
1014,10,14,408,288,70.59,120,29.41
1015,10,15,364,276,75.82,88,24.18
1016,10,16,431,302,70.07,129,29.93
1017,10,17,395,289,73.16,106,26.84
1018,10,18,485,316,65.15,169,34.85
1019,10,19,285,199,69.82,86,30.18
1020,10,20,190,135,71.05,55,28.95
1021,10,21,235,148,62.98,87,37.02
1022,10,22,416,280,67.31,136,32.69
1023,10,23,287,212,73.87,75,26.13
1024,10,24,125,87,69.6,38,30.4
1025,10,25,220,164,74.55,56,25.45
1101,11,1,144,112,77.78,32,22.22
1102,11,2,73,59,80.82,14,19.18
1103,11,3,439,328,74.72,111,25.28
1104,11,4,321,243,75.7,78,24.3
1105,11,5,340,262,77.06,78,22.94
1106,11,6,433,318,73.44,115,26.56
1107,11,7,215,167,77.67,48,22.33
1108,11,8,379,261,68.87,118,31.13
1109,11,9,431,323,74.94,108,25.06
1110,11,10,75,50,66.67,25,33.33
1111,11,11,61,50,81.97,11,18.03
1112,11,12,132,100,75.76,32,24.24
1113,11,13,384,305,79.43,79,20.57
1114,11,14,723,560,77.46,163,22.54
1115,11,15,525,422,80.38,103,19.62
1116,11,16,615,496,80.65,119,19.35
1117,11,17,284,215,75.7,69,24.3
1118,11,18,392,296,75.51,96,24.49
1119,11,19,132,86,65.15,46,34.85
1120,11,20,384,301,78.39,83,21.61
1121,11,21,732,604,82.51,128,17.49
1122,11,22,492,419,85.16,73,14.84
1123,11,23,488,363,74.39,125,25.61
1201,12,1,241,177,73.44,64,26.56
1202,12,2,172,129,75.0,43,25.0
1203,12,3,333,250,75.08,83,24.92
1204,12,4,278,202,72.66,76,27.34
1205,12,5,265,186,70.19,79,29.81
1206,12,6,230,160,69.57,70,30.43
1207,12,7,243,176,72.43,67,27.57
1208,12,8,238,184,77.31,54,22.69
1209,12,9,127,93,73.23,34,26.77
1210,12,10,273,193,70.7,80,29.3
1211,12,11,201,145,72.14,56,27.86
1212,12,12,175,123,70.29,52,29.71
1213,12,13,187,145,77.54,42,22.46
1214,12,14,110,82,74.55,28,25.45
1215,12,15,239,163,68.2,76,31.8
1216,12,16,272,198,72.79,74,27.21
1217,12,17,225,172,76.44,53,23.56
1218,12,18,243,201,82.72,42,17.28
1219,12,19,155,120,77.42,35,22.58
1220,12,20,204,151,74.02,53,25.98
1221,12,21,201,145,72.14,56,27.86
1222,12,22,195,140,71.79,55,28.21
1301,13,1,224,174,77.68,50,22.32
1302,13,2,276,210,76.09,66,23.91
1303,13,3,384,228,59.38,156,40.63
1304,13,4,302,234,77.48,68,22.52
1305,13,5,270,186,68.89,84,31.11
1306,13,6,282,184,65.25,98,34.75
1307,13,7,215,145,67.44,70,32.56
1308,13,8,345,246,71.3,99,28.7
1309,13,9,405,274,67.65,131,32.35
1310,13,10,390,246,63.08,144,36.92
1311,13,11,223,141,63.23,82,36.77
1312,13,12,206,145,70.39,61,29.61
1313,13,13,273,175,64.1,98,35.9
1314,13,14,246,161,65.45,85,34.55
1315,13,15,201,126,62.69,75,37.31
1316,13,16,312,210,67.31,102,32.69
1317,13,17,335,243,72.54,92,27.46
1318,13,18,235,171,72.77,64,27.23
1319,13,19,222,129,58.11,93,41.89
1320,13,20,332,218,65.66,114,34.34
1321,13,21,277,183,66.06,94,33.94
1322,13,22,337,264,78.34,73,21.66
1323,13,23,356,219,61.52,137,38.48
1324,13,24,273,187,68.5,86,31.5
1325,13,25,259,186,71.81,73,28.19
1326,13,26,205,146,71.22,59,28.78
1327,13,27,173,137,79.19,36,20.81
1328,13,28,224,160,71.43,64,28.57
1329,13,29,205,157,76.59,48,23.41
1330,13,30,331,202,61.03,129,38.97
1331,13,31,225,147,65.33,78,34.67
1332,13,32,233,149,63.95,84,36.05
1333,13,33,282,189,67.02,93,32.98
1334,13,34,351,219,62.39,132,37.61
1335,13,35,424,303,71.46,121,28.54
1336,13,36,169,130,76.92,39,23.08
1337,13,37,359,229,63.79,130,36.21
1338,13,38,189,130,68.78,59,31.22
1339,13,39,347,239,68.88,108,31.12
1340,13,40,287,200,69.69,87,30.31
1401,14,1,384,288,75.0,96,25.0
1402,14,2,264,188,71.21,76,28.79
1403,14,3,180,126,70.0,54,30.0
1404,14,4,83,55,66.27,28,33.73
1405,14,5,298,233,78.19,65,21.81
1406,14,6,384,276,71.88,108,28.13
1407,14,7,344,247,71.8,97,28.2
1408,14,8,348,254,72.99,94,27.01
1409,14,9,374,271,72.46,103,27.54
1410,14,10,325,239,73.54,86,26.46
1411,14,11,381,283,74.28,98,25.72
1412,14,12,248,186,75.0,62,25.0
1413,14,13,404,310,76.73,94,23.27
1414,14,14,208,155,74.52,53,25.48
1415,14,15,214,164,76.64,50,23.36
1501,15,1,286,240,83.92,46,16.08
1502,15,2,411,359,87.35,52,12.65
1503,15,3,137,113,82.48,24,17.52
1504,15,4,158,116,73.42,42,26.58
1505,15,5,99,74,74.75,25,25.25
1506,15,6,233,172,73.82,61,26.18
1507,15,7,180,110,61.11,70,38.89
1508,15,8,193,141,73.06,52,26.94
1509,15,9,225,161,71.56,64,28.44
1510,15,10,178,134,75.28,44,24.72
1511,15,11,183,136,74.32,47,25.68
1512,15,12,239,184,76.99,55,23.01
1513,15,13,183,134,73.22,49,26.78
1514,15,14,192,143,74.48,49,25.52
1515,15,15,190,143,75.26,47,24.74
1516,15,16,296,220,74.32,76,25.68
1517,15,17,337,253,75.07,84,24.93
1518,15,18,232,181,78.02,51,21.98
1519,15,19,141,102,72.34,39,27.66
1520,15,20,212,150,70.75,62,29.25
1601,16,1,288,213,73.96,75,26.04
1602,16,2,186,134,72.04,52,27.96
1603,16,3,244,185,75.82,59,24.18
1604,16,4,154,114,74.03,40,25.97
1605,16,5,333,256,76.88,77,23.12
1606,16,6,305,242,79.34,63,20.66
1607,16,7,190,153,80.53,37,19.47
1608,16,8,137,106,77.37,31,22.63
1609,16,9,313,235,75.08,78,24.92
1610,16,10,229,174,75.98,55,24.02
1611,16,11,206,155,75.24,51,24.76
1612,16,12,82,60,73.17,22,26.83
1613,16,13,124,94,75.81,30,24.19
1614,16,14,330,248,75.15,82,24.85
1615,16,15,258,193,74.81,65,25.19
1616,16,16,205,145,70.73,60,29.27
1617,16,17,377,283,75.07,94,24.93
1618,16,18,345,243,70.43,102,29.57
1619,16,19,267,197,73.78,70,26.22
1620,16,20,262,200,76.34,62,23.66
1621,16,21,177,128,72.32,49,27.68
1622,16,22,276,210,76.09,66,23.91
1623,16,23,196,145,73.98,51,26.02
1624,16,24,221,168,76.02,53,23.98
1625,16,25,101,83,82.18,18,17.82
1701,17,1,355,264,74.37,91,25.63
1702,17,2,223,165,73.99,58,26.01
1703,17,3,261,210,80.46,51,19.54
1704,17,4,267,195,73.03,72,26.97
1705,17,5,176,127,72.16,49,27.84
1706,17,6,248,185,74.6,63,25.4
1707,17,7,149,109,73.15,40,26.85
1708,17,8,199,156,78.39,43,21.61
1709,17,9,194,147,75.77,47,24.23
1710,17,10,389,299,76.86,90,23.14
1711,17,11,246,170,69.11,76,30.89
1712,17,12,155,120,77.42,35,22.58
1713,17,13,164,132,80.49,32,19.51
1714,17,14,176,134,76.14,42,23.86
1715,17,15,497,386,77.67,111,22.33
1716,17,16,221,171,77.38,50,22.62
1717,17,17,191,156,81.68,35,18.32
1718,17,18,562,442,78.65,120,21.35
1719,17,19,374,284,75.94,90,24.06
1720,17,20,377,296,78.51,81,21.49
1721,17,21,423,328,77.54,95,22.46
1722,17,22,418,311,74.4,107,25.6
1723,17,23,280,218,77.86,62,22.14
1724,17,24,453,353,77.92,100,22.08
1725,17,25,200,145,72.5,55,27.5
1726,17,26,398,320,80.4,78,19.6
1727,17,27,470,370,78.72,100,21.28
1728,17,28,531,407,76.65,124,23.35
1729,17,29,472,364,77.12,108,22.88
1801,18,1,585,463,79.15,122,20.85
1802,18,2,630,498,79.05,132,20.95
1803,18,3,268,211,78.73,57,21.27
1804,18,4,445,373,83.82,72,16.18
1805,18,5,375,312,83.2,63,16.8
1806,18,6,575,487,84.7,88,15.3
1807,18,7,512,404,78.91,108,21.09
1808,18,8,768,604,78.65,164,21.35
1809,18,9,612,482,78.76,130,21.24
1810,18,10,689,560,81.28,129,18.72
1811,18,11,382,303,79.32,79,20.68
1812,18,12,614,491,79.97,123,20.03
1813,18,13,501,396,79.04,105,20.96
1814,18,14,386,299,77.46,87,22.54
1815,18,15,286,217,75.87,69,24.13
1816,18,16,449,350,77.95,99,22.05
1817,18,17,328,233,71.04,95,28.96
1818,18,18,412,302,73.3,110,26.7
1819,18,19,366,293,80.05,73,19.95
1820,18,20,337,261,77.45,76,22.55
1821,18,21,461,359,77.87,102,22.13
1822,18,22,436,311,71.33,125,28.67
1823,18,23,528,367,69.51,161,30.49
1824,18,24,573,415,72.43,158,27.57
1825,18,25,307,223,72.64,84,27.36
1826,18,26,532,377,70.86,155,29.14
1901,19,1,726,487,67.08,239,32.92
1902,19,2,668,547,81.89,121,18.11
1903,19,3,498,297,59.64,201,40.36
1904,19,4,502,313,62.35,189,37.65
1905,19,5,552,455,82.43,97,17.57
1906,19,6,532,321,60.34,211,39.66
1907,19,7,703,469,66.71,234,33.29
1908,19,8,495,405,81.82,90,18.18
1909,19,9,461,370,80.26,91,19.74
1910,19,10,509,413,81.14,96,18.86
1911,19,11,464,280,60.34,184,39.66
1912,19,12,699,425,60.8,274,39.2
1913,19,13,455,369,81.1,86,18.9
1914,19,14,618,505,81.72,113,18.28
1915,19,15,409,236,57.7,173,42.3
1916,19,16,519,323,62.24,196,37.76
1917,19,17,483,339,70.19,144,29.81
1918,19,18,479,286,59.71,193,40.29
1919,19,19,553,448,81.01,105,18.99
1920,19,20,436,348,79.82,88,20.18
1921,19,21,713,423,59.33,290,40.67
1922,19,22,473,357,75.48,116,24.52
1923,19,23,507,348,68.64,159,31.36
1924,19,24,508,301,59.25,207,40.75
1925,19,25,467,382,81.8,85,18.2
1926,19,26,430,330,76.74,100,23.26
1927,19,27,693,541,78.07,152,21.93
1928,19,28,849,659,77.62,190,22.38
1929,19,29,619,394,63.65,225,36.35
1930,19,30,509,285,55.99,224,44.01
1931,19,31,764,590,77.23,174,22.77
1932,19,32,458,363,79.26,95,20.74
1933,19,33,365,212,58.08,153,41.92
1934,19,34,799,577,72.22,222,27.78
1935,19,35,549,428,77.96,121,22.04
1936,19,36,439,357,81.32,82,18.68
2001,20,1,207,155,74.88,52,25.12
2002,20,2,126,97,76.98,29,23.02
2003,20,3,141,102,72.34,39,27.66
2004,20,4,111,87,78.38,24,21.62
2005,20,5,200,142,71.0,58,29.0
2006,20,6,130,106,81.54,24,18.46
2007,20,7,160,131,81.88,29,18.13
2008,20,8,209,156,74.64,53,25.36
2009,20,9,390,305,78.21,85,21.79
2010,20,10,424,335,79.01,89,20.99
2011,20,11,348,249,71.55,99,28.45
2012,20,12,75,46,61.33,29,38.67
2013,20,13,611,504,82.49,107,17.51
2014,20,14,387,314,81.14,73,18.86
2015,20,15,344,267,77.62,77,22.38
2016,20,16,384,311,80.99,73,19.01
2017,20,17,471,378,80.25,93,19.75
2018,20,18,555,458,82.52,97,17.48
2019,20,19,329,257,78.12,72,21.88
2020,20,20,369,308,83.47,61,16.53
2021,20,21,518,389,75.1,129,24.9
2022,20,22,470,369,78.51,101,21.49
2023,20,23,159,120,75.47,39,24.53
2101,21,1,566,443,78.27,123,21.73
2102,21,2,173,144,83.24,29,16.76
2103,21,3,594,483,81.31,111,18.69
2104,21,4,499,396,79.36,103,20.64
2105,21,5,520,419,80.58,101,19.42
2106,21,6,447,359,80.31,88,19.69
2107,21,7,636,491,77.2,145,22.8
2108,21,8,470,366,77.87,104,22.13
2109,21,9,168,135,80.36,33,19.64
2110,21,10,574,461,80.31,113,19.69
2111,21,11,578,476,82.35,102,17.65
2112,21,12,256,197,76.95,59,23.05
2113,21,13,417,338,81.06,79,18.94
2114,21,14,632,516,81.65,116,18.35
2115,21,15,630,502,79.68,128,20.32
2116,21,16,542,434,80.07,108,19.93
2117,21,17,398,340,85.43,58,14.57
2118,21,18,603,489,81.09,114,18.91
2119,21,19,472,383,81.14,89,18.86
2120,21,20,328,251,76.52,77,23.48
2121,21,21,603,438,72.64,165,27.36
2122,21,22,624,480,76.92,144,23.08
2123,21,23,444,334,75.23,110,24.77
2124,21,24,440,358,81.36,82,18.64
2125,21,25,370,290,78.38,80,21.62
2126,21,26,398,311,78.14,87,21.86
2127,21,27,568,436,76.76,132,23.24
2128,21,28,510,376,73.73,134,26.27
2129,21,29,533,406,76.17,127,23.83
2201,22,1,173,138,79.77,35,20.23
2202,22,2,110,85,77.27,25,22.73
2203,22,3,222,169,76.13,53,23.87
2204,22,4,132,110,83.33,22,16.67
2205,22,5,365,266,72.88,99,27.12
2206,22,6,190,143,75.26,47,24.74
2207,22,7,202,134,66.34,68,33.66
2208,22,8,225,170,75.56,55,24.44
2209,22,9,187,141,75.4,46,24.6
2210,22,10,252,195,77.38,57,22.62
2211,22,11,318,247,77.67,71,22.33
2212,22,12,194,143,73.71,51,26.29
2213,22,13,250,191,76.4,59,23.6
2214,22,14,195,152,77.95,43,22.05
2215,22,15,125,96,76.8,29,23.2
2216,22,16,293,215,73.38,78,26.62
2217,22,17,124,90,72.58,34,27.42
2218,22,18,248,208,83.87,40,16.13
2219,22,19,412,293,71.12,119,28.88
2301,23,1,246,156,63.41,90,36.59
2302,23,2,409,236,57.7,173,42.3
2303,23,3,266,154,57.89,112,42.11
2304,23,4,218,129,59.17,89,40.83
2305,23,5,356,211,59.27,145,40.73
2306,23,6,201,109,54.23,92,45.77
2307,23,7,266,176,66.17,90,33.83
2308,23,8,252,166,65.87,86,34.13
2309,23,9,409,283,69.19,126,30.81
2310,23,10,446,297,66.59,149,33.41
2311,23,11,185,129,69.73,56,30.27
2312,23,12,256,179,69.92,77,30.08
2313,23,13,432,315,72.92,117,27.08
2314,23,14,319,230,72.1,89,27.9
2315,23,15,351,257,73.22,94,26.78
2316,23,16,181,135,74.59,46,25.41
2317,23,17,244,194,79.51,50,20.49
2318,23,18,217,161,74.19,56,25.81
2319,23,19,186,135,72.58,51,27.42
2320,23,20,172,121,70.35,51,29.65
2321,23,21,155,123,79.35,32,20.65
2322,23,22,169,126,74.56,43,25.44
2323,23,23,168,116,69.05,52,30.95
2324,23,24,158,114,72.15,44,27.85
2325,23,25,135,106,78.52,29,21.48
2326,23,26,119,88,73.95,31,26.05
2327,23,27,138,104,75.36,34,24.64
2328,23,28,213,159,74.65,54,25.35
2329,23,29,293,209,71.33,84,28.67
2330,23,30,169,132,78.11,37,21.89
2331,23,31,193,154,79.79,39,20.21
2332,23,32,172,135,78.49,37,21.51
2333,23,33,388,289,74.48,99,25.52
2401,24,1,149,119,79.87,30,20.13
2402,24,2,155,116,74.84,39,25.16
2403,24,3,345,253,73.33,92,26.67
2404,24,4,276,204,73.91,72,26.09
2405,24,5,456,361,79.17,95,20.83
2406,24,6,311,231,74.28,80,25.72
2407,24,7,153,120,78.43,33,21.57
2408,24,8,201,150,74.63,51,25.37
2409,24,9,371,281,75.74,90,24.26
2410,24,10,285,222,77.89,63,22.11
2411,24,11,325,259,79.69,66,20.31
2412,24,12,390,284,72.82,106,27.18
2413,24,13,348,271,77.87,77,22.13
2414,24,14,261,197,75.48,64,24.52
2415,24,15,322,258,80.12,64,19.88
2416,24,16,429,309,72.03,120,27.97
2417,24,17,251,188,74.9,63,25.1
2418,24,18,412,326,79.13,86,20.87
2419,24,19,969,577,59.55,392,40.45
2501,25,1,294,218,74.15,76,25.85
2502,25,2,206,146,70.87,60,29.13
2503,25,3,292,231,79.11,61,20.89
2504,25,4,347,253,72.91,94,27.09
2505,25,5,423,342,80.85,81,19.15
2506,25,6,469,352,75.05,117,24.95
2507,25,7,444,340,76.58,104,23.42
2508,25,8,430,327,76.05,103,23.95
2509,25,9,465,346,74.41,119,25.59
2510,25,10,509,396,77.8,113,22.2
2511,25,11,451,376,83.37,75,16.63
2512,25,12,408,326,79.9,82,20.1
2513,25,13,601,476,79.2,125,20.8
2514,25,14,580,458,78.97,122,21.03
2515,25,15,470,381,81.06,89,18.94
2516,25,16,590,489,82.88,101,17.12
2517,25,17,253,208,82.21,45,17.79
2601,26,1,178,129,72.47,49,27.53
2602,26,2,246,204,82.93,42,17.07
2603,26,3,432,383,88.66,49,11.34
2604,26,4,249,184,73.9,65,26.1
2605,26,5,336,278,82.74,58,17.26
2606,26,6,210,168,80.0,42,20.0
2607,26,7,315,260,82.54,55,17.46
2608,26,8,222,178,80.18,44,19.82
2609,26,9,222,169,76.13,53,23.87
2610,26,10,254,206,81.1,48,18.9
2611,26,11,240,191,79.58,49,20.42
2612,26,12,100,83,83.0,17,17.0
2613,26,13,199,163,81.91,36,18.09
2614,26,14,142,104,73.24,38,26.76
2615,26,15,165,112,67.88,53,32.12
2616,26,16,394,326,82.74,68,17.26
2617,26,17,349,298,85.39,51,14.61
2618,26,18,173,123,71.1,50,28.9
2619,26,19,401,343,85.54,58,14.46
2620,26,20,436,374,85.78,62,14.22
2621,26,21,193,152,78.76,41,21.24
2622,26,22,150,98,65.33,52,34.67
2623,26,23,346,284,82.08,62,17.92
2624,26,24,161,123,76.4,38,23.6
2625,26,25,366,310,84.7,56,15.3
2626,26,26,397,325,81.86,72,18.14
2627,26,27,459,372,81.05,87,18.95
2628,26,28,402,354,88.06,48,11.94
2629,26,29,391,315,80.56,76,19.44
2630,26,30,230,195,84.78,35,15.22
2631,26,31,232,185,79.74,47,20.26
2632,26,32,332,262,78.92,70,21.08
2701,27,1,446,367,82.29,79,17.71
2702,27,2,595,496,83.36,99,16.64
2703,27,3,251,188,74.9,63,25.1
2704,27,4,412,323,78.4,89,21.6
2705,27,5,255,178,69.8,77,30.2
2706,27,6,509,405,79.57,104,20.43
2707,27,7,681,583,85.61,98,14.39
2708,27,8,163,125,76.69,38,23.31
2709,27,9,467,385,82.44,82,17.56
2710,27,10,263,207,78.71,56,21.29
2711,27,11,493,404,81.95,89,18.05
2712,27,12,369,291,78.86,78,21.14
2713,27,13,407,325,79.85,82,20.15
2714,27,14,310,234,75.48,76,24.52
2715,27,15,405,328,80.99,77,19.01
2716,27,16,569,475,83.48,94,16.52
2717,27,17,212,165,77.83,47,22.17
2718,27,18,494,382,77.33,112,22.67
2719,27,19,153,121,79.08,32,20.92
2720,27,20,271,210,77.49,61,22.51
2721,27,21,204,170,83.33,34,16.67
2722,27,22,287,214,74.56,73,25.44
2723,27,23,261,207,79.31,54,20.69
2724,27,24,152,124,81.58,28,18.42
2725,27,25,388,303,78.09,85,21.91
2726,27,26,418,329,78.71,89,21.29
2727,27,27,299,237,79.26,62,20.74
2728,27,28,345,277,80.29,68,19.71
2729,27,29,694,577,83.14,117,16.86
2801,28,1,229,166,72.49,63,27.51
2802,28,2,227,179,78.85,48,21.15
2803,28,3,71,52,73.24,19,26.76
2804,28,4,194,151,77.84,43,22.16
2805,28,5,177,142,80.23,35,19.77
2806,28,6,336,268,79.76,68,20.24
2807,28,7,153,120,78.43,33,21.57
2808,28,8,293,226,77.13,67,22.87
2809,28,9,152,118,77.63,34,22.37
2810,28,10,109,80,73.39,29,26.61
2811,28,11,461,354,76.79,107,23.21
2812,28,12,601,471,78.37,130,21.63
2813,28,13,462,391,84.63,71,15.37
2814,28,14,365,281,76.99,84,23.01
2815,28,15,213,157,73.71,56,26.29
2816,28,16,457,331,72.43,126,27.57
2817,28,17,250,187,74.8,63,25.2
2818,28,18,290,229,78.97,61,21.03
2819,28,19,292,239,81.85,53,18.15
2820,28,20,238,161,67.65,77,32.35
2821,28,21,248,197,79.44,51,20.56
2822,28,22,211,159,75.36,52,24.64
2823,28,23,287,226,78.75,61,21.25
2824,28,24,233,190,81.55,43,18.45
2825,28,25,405,313,77.28,92,22.72
2826,28,26,148,117,79.05,31,20.95
2901,29,1,488,337,69.06,151,30.94
2902,29,2,392,281,71.68,111,28.32
2903,29,3,331,239,72.21,92,27.79
2904,29,4,364,252,69.23,112,30.77
2905,29,5,367,287,78.2,80,21.8
2906,29,6,295,222,75.25,73,24.75
2907,29,7,595,466,78.32,129,21.68
2908,29,8,740,592,80.0,148,20.0
2909,29,9,314,249,79.3,65,20.7
2910,29,10,458,365,79.69,93,20.31
2911,29,11,390,289,74.1,101,25.9
2912,29,12,488,387,79.3,101,20.7
2913,29,13,484,384,79.34,100,20.66
2914,29,14,395,289,73.16,106,26.84
2915,29,15,397,283,71.28,114,28.72
2916,29,16,447,349,78.08,98,21.92
2917,29,17,278,226,81.29,52,18.71
2918,29,18,411,324,78.83,87,21.17
2919,29,19,486,367,75.51,119,24.49
2920,29,20,273,206,75.46,67,24.54
2921,29,21,327,250,76.45,77,23.55
2922,29,22,442,342,77.38,100,22.62
2923,29,23,424,333,78.54,91,21.46
2924,29,24,340,258,75.88,82,24.12
3001,30,1,455,319,70.11,136,29.89
3002,30,2,312,222,71.15,90,28.85
3003,30,3,433,353,81.52,80,18.48
3004,30,4,324,238,73.46,86,26.54
3005,30,5,350,244,69.71,106,30.29
3006,30,6,423,349,82.51,74,17.49
3007,30,7,285,222,77.89,63,22.11
3008,30,8,497,406,81.69,91,18.31
3009,30,9,429,344,80.19,85,19.81
3010,30,10,337,270,80.12,67,19.88
3011,30,11,300,216,72.0,84,28.0
3012,30,12,399,279,69.92,120,30.08
3013,30,13,326,227,69.63,99,30.37
3014,30,14,375,274,73.07,101,26.93
3015,30,15,540,451,83.52,89,16.48
3016,30,16,292,214,73.29,78,26.71
3017,30,17,388,315,81.19,73,18.81
3018,30,18,345,275,79.71,70,20.29
3019,30,19,215,171,79.53,44,20.47
3020,30,20,285,219,76.84,66,23.16
3021,30,21,468,345,73.72,123,26.28
3022,30,22,461,381,82.65,80,17.35
3023,30,23,496,410,82.66,86,17.34
3024,30,24,406,317,78.08,89,21.92
3025,30,25,264,193,73.11,71,26.89
3026,30,26,517,420,81.24,97,18.76
3101,31,1,279,209,74.91,70,25.09
3102,31,2,450,372,82.67,78,17.33
3103,31,3,246,186,75.61,60,24.39
3104,31,4,319,274,85.89,45,14.11
3105,31,5,291,224,76.98,67,23.02
3106,31,6,232,172,74.14,60,25.86
3107,31,7,275,217,78.91,58,21.09
3108,31,8,381,287,75.33,94,24.67
3109,31,9,244,169,69.26,75,30.74
3110,31,10,398,340,85.43,58,14.57
3111,31,11,369,288,78.05,81,21.95
3112,31,12,435,327,75.17,108,24.83
3113,31,13,324,253,78.09,71,21.91
3114,31,14,314,218,69.43,96,30.57
3115,31,15,142,104,73.24,38,26.76
3116,31,16,204,141,69.12,63,30.88
3117,31,17,267,191,71.54,76,28.46
3118,31,18,218,171,78.44,47,21.56
3119,31,19,276,217,78.62,59,21.38
3120,31,20,277,206,74.37,71,25.63
3121,31,21,275,211,76.73,64,23.27
3122,31,22,119,92,77.31,27,22.69
3123,31,23,160,105,65.63,55,34.38
3201,32,1,997,869,87.16,128,12.84
3202,32,2,784,686,87.5,98,12.5
3203,32,3,543,459,84.53,84,15.47
3204,32,4,562,492,87.54,70,12.46
3205,32,5,433,372,85.91,61,14.09
3206,32,6,256,216,84.38,40,15.63
3207,32,7,571,483,84.59,88,15.41
3208,32,8,401,342,85.29,59,14.71
3209,32,9,388,331,85.31,57,14.69
3210,32,10,725,638,88.0,87,12.0
3211,32,11,449,382,85.08,67,14.92
3212,32,12,273,225,82.42,48,17.58
3213,32,13,187,143,76.47,44,23.53
3214,32,14,829,718,86.61,111,13.39
3215,32,15,794,673,84.76,121,15.24
3216,32,16,400,355,88.75,45,11.25
3217,32,17,748,619,82.75,129,17.25
3218,32,18,293,237,80.89,56,19.11
3219,32,19,354,306,86.44,48,13.56
3220,32,20,753,633,84.06,120,15.94
3221,32,21,757,654,86.39,103,13.61
3222,32,22,752,656,87.23,96,12.77
3223,32,23,502,423,84.26,79,15.74
3224,32,24,267,225,84.27,42,15.73
3225,32,25,548,479,87.41,69,12.59
3226,32,26,735,647,88.03,88,11.97
3227,32,27,720,647,89.86,73,10.14
3228,32,28,213,173,81.22,40,18.78
3229,32,29,569,493,86.64,76,13.36
3230,32,30,719,635,88.32,84,11.68
3301,33,1,783,655,83.65,128,16.35
3302,33,2,840,722,85.95,118,14.05
3303,33,3,591,486,82.23,105,17.77
3304,33,4,811,658,81.13,153,18.87
3305,33,5,653,524,80.25,129,19.75
3306,33,6,711,607,85.37,104,14.63
3307,33,7,666,552,82.88,114,17.12
3308,33,8,476,404,84.87,72,15.13
3309,33,9,475,377,79.37,98,20.63
3310,33,10,501,418,83.43,83,16.57
3311,33,11,400,338,84.5,62,15.5
3312,33,12,619,510,82.39,109,17.61
3313,33,13,534,437,81.84,97,18.16
3314,33,14,722,630,87.26,92,12.74
3315,33,15,524,450,85.88,74,14.12
3316,33,16,694,626,90.2,68,9.8
3317,33,17,636,542,85.22,94,14.78
3401,34,1,515,411,79.81,104,20.19
3402,34,2,319,270,84.64,49,15.36
3403,34,3,689,581,84.33,108,15.67
3404,34,4,400,334,83.5,66,16.5
3405,34,5,683,583,85.36,100,14.64
3406,34,6,471,399,84.71,72,15.29
3407,34,7,226,197,87.17,29,12.83
3408,34,8,378,307,81.22,71,18.78
3409,34,9,701,571,81.46,130,18.54
3410,34,10,287,243,84.67,44,15.33
3411,34,11,475,389,81.89,86,18.11
3412,34,12,486,427,87.86,59,12.14
3413,34,13,596,502,84.23,94,15.77
3414,34,14,563,459,81.53,104,18.47
3415,34,15,454,372,81.94,82,18.06
3416,34,16,724,614,84.81,110,15.19
3417,34,17,638,536,84.01,102,15.99
3418,34,18,597,510,85.43,87,14.57
3419,34,19,476,413,86.76,63,13.24
3420,34,20,609,513,84.24,96,15.76
3501,35,1,174,137,78.74,37,21.26
3502,35,2,434,349,80.41,85,19.59
3503,35,3,322,256,79.5,66,20.5
3504,35,4,495,429,86.67,66,13.33
3505,35,5,672,582,86.61,90,13.39
3506,35,6,975,862,88.41,113,11.59
3507,35,7,661,570,86.23,91,13.77
3508,35,8,461,388,84.16,73,15.84
3509,35,9,778,677,87.02,101,12.98
3510,35,10,490,422,86.12,68,13.88
3511,35,11,658,567,86.17,91,13.83
3512,35,12,832,716,86.06,116,13.94
3513,35,13,549,463,84.34,86,15.66
3514,35,14,493,421,85.4,72,14.6
3515,35,15,644,539,83.7,105,16.3
3516,35,16,853,713,83.59,140,16.41
3517,35,17,540,447,82.78,93,17.22
3518,35,18,354,289,81.64,65,18.36
3519,35,19,534,435,81.46,99,18.54
3520,35,20,309,248,80.26,61,19.74
3521,35,21,491,389,79.23,102,20.77
3522,35,22,650,532,81.85,118,18.15
3601,36,1,272,192,70.59,80,29.41
3602,36,2,325,233,71.69,92,28.31
3603,36,3,265,169,63.77,96,36.23
3604,36,4,318,233,73.27,85,26.73
3605,36,5,257,183,71.21,74,28.79
3606,36,6,211,157,74.41,54,25.59
3607,36,7,178,136,76.4,42,23.6
3608,36,8,139,96,69.06,43,30.94
3609,36,9,389,308,79.18,81,20.82
3610,36,10,290,217,74.83,73,25.17
3611,36,11,205,135,65.85,70,34.15
3612,36,12,147,104,70.75,43,29.25
3613,36,13,81,53,65.43,28,34.57
3614,36,14,270,186,68.89,84,31.11
3615,36,15,132,103,78.03,29,21.97
3616,36,16,101,78,77.23,23,22.77
3617,36,17,388,327,84.28,61,15.72
3618,36,18,438,355,81.05,83,18.95
3619,36,19,558,470,84.23,88,15.77
3620,36,20,639,544,85.13,95,14.87
3621,36,21,427,345,80.8,82,19.2
3622,36,22,543,476,87.66,67,12.34
3623,36,23,485,395,81.44,90,18.56
3624,36,24,509,437,85.85,72,14.15
3625,36,25,596,490,82.21,106,17.79
3626,36,26,525,455,86.67,70,13.33
3627,36,27,582,499,85.74,83,14.26
3701,37,1,372,276,74.19,96,25.81
3702,37,2,290,216,74.48,74,25.52
3703,37,3,329,247,75.08,82,24.92
3704,37,4,362,263,72.65,99,27.35
3705,37,5,249,176,70.68,73,29.32
3706,37,6,467,357,76.45,110,23.55
3707,37,7,303,224,73.93,79,26.07
3708,37,8,437,325,74.37,112,25.63
3709,37,9,172,132,76.74,40,23.26
3710,37,10,302,244,80.79,58,19.21
3711,37,11,311,239,76.85,72,23.15
3712,37,12,425,305,71.76,120,28.24
3713,37,13,259,184,71.04,75,28.96
3714,37,14,405,324,80.0,81,20.0
3715,37,15,332,250,75.3,82,24.7
3716,37,16,430,324,75.35,106,24.65
3717,37,17,254,197,77.56,57,22.44
3718,37,18,311,237,76.21,74,23.79
3719,37,19,270,209,77.41,61,22.59
3720,37,20,435,346,79.54,89,20.46
3721,37,21,235,187,79.57,48,20.43
3722,37,22,316,238,75.32,78,24.68
3801,38,1,664,421,63.4,243,36.6
3802,38,2,343,225,65.6,118,34.4
3803,38,3,481,309,64.24,172,35.76
3804,38,4,338,233,68.93,105,31.07
3805,38,5,551,348,63.16,203,36.84
3806,38,6,376,238,63.3,138,36.7
3807,38,7,446,306,68.61,140,31.39
3808,38,8,375,230,61.33,145,38.67
3809,38,9,386,276,71.5,110,28.5
3810,38,10,361,253,70.08,108,29.92
3811,38,11,417,316,75.78,101,24.22
3812,38,12,591,401,67.85,190,32.15
3813,38,13,305,210,68.85,95,31.15
3814,38,14,402,279,69.4,123,30.6
3815,38,15,331,225,67.98,106,32.02
3816,38,16,574,387,67.42,187,32.58
3817,38,17,502,368,73.31,134,26.69
3818,38,18,595,428,71.93,167,28.07
3819,38,19,599,440,73.46,159,26.54
3820,38,20,516,383,74.22,133,25.78
3821,38,21,647,474,73.26,173,26.74
3822,38,22,441,336,76.19,105,23.81
3823,38,23,614,468,76.22,146,23.78
3824,38,24,580,456,78.62,124,21.38
3825,38,25,675,543,80.44,132,19.56
3901,39,1,469,367,78.25,102,21.75
3902,39,2,226,187,82.74,39,17.26
3903,39,3,396,325,82.07,71,17.93
3904,39,4,530,388,73.21,142,26.79
3905,39,5,352,275,78.13,77,21.88
3906,39,6,288,229,79.51,59,20.49
3907,39,7,262,210,80.15,52,19.85
3908,39,8,265,212,80.0,53,20.0
3909,39,9,247,190,76.92,57,23.08
3910,39,10,344,288,83.72,56,16.28
3911,39,11,212,166,78.3,46,21.7
3912,39,12,431,337,78.19,94,21.81
3913,39,13,657,524,79.76,133,20.24
3914,39,14,659,460,69.8,199,30.2
3915,39,15,537,433,80.63,104,19.37
3916,39,16,294,239,81.29,55,18.71
3917,39,17,734,505,68.8,229,31.2
3918,39,18,330,219,66.36,111,33.64
3919,39,19,668,554,82.93,114,17.07
3920,39,20,446,295,66.14,151,33.86
3921,39,21,565,459,81.24,106,18.76
3922,39,22,288,206,71.53,82,28.47
3923,39,23,63,48,76.19,15,23.81
3924,39,24,431,355,82.37,76,17.63
3925,39,25,294,237,80.61,57,19.39
3926,39,26,260,220,84.62,40,15.38
3927,39,27,259,195,75.29,64,24.71
3928,39,28,278,228,82.01,50,17.99
3929,39,29,133,101,75.94,32,24.06
3930,39,30,245,176,71.84,69,28.16
3931,39,31,318,236,74.21,82,25.79
3932,39,32,763,564,73.92,199,26.08
3933,39,33,269,205,76.21,64,23.79
3934,39,34,310,226,72.9,84,27.1
3935,39,35,543,439,80.85,104,19.15
4001,40,1,506,437,86.36,69,13.64
4002,40,2,531,462,87.01,69,12.99
4003,40,3,472,405,85.81,67,14.19
4004,40,4,490,393,80.2,97,19.8
4005,40,5,396,330,83.33,66,16.67
4006,40,6,465,374,80.43,91,19.57
4007,40,7,498,418,83.94,80,16.06
4008,40,8,330,267,80.91,63,19.09
4009,40,9,598,468,78.26,130,21.74
4010,40,10,894,791,88.48,103,11.52
4011,40,11,555,437,78.74,118,21.26
4012,40,12,604,528,87.42,76,12.58
4013,40,13,641,566,88.3,75,11.7
4014,40,14,819,726,88.64,93,11.36
4015,40,15,612,562,91.83,50,8.17
4016,40,16,613,548,89.4,65,10.6
4017,40,17,637,568,89.17,69,10.83
4018,40,18,699,611,87.41,88,12.59
4019,40,19,611,548,89.69,63,10.31
4020,40,20,699,629,89.99,70,10.01
4021,40,21,639,573,89.67,66,10.33
4022,40,22,883,775,87.77,108,12.23
4023,40,23,916,798,87.12,118,12.88
4101,41,1,369,234,63.41,135,36.59
4102,41,2,248,170,68.55,78,31.45
4103,41,3,269,171,63.57,98,36.43
4104,41,4,392,253,64.54,139,35.46
4105,41,5,422,255,60.43,167,39.57
4106,41,6,404,268,66.34,136,33.66
4107,41,7,350,216,61.71,134,38.29
4108,41,8,351,233,66.38,118,33.62
4109,41,9,657,446,67.88,211,32.12
4110,41,10,548,360,65.69,188,34.31
4111,41,11,418,292,69.86,126,30.14
4112,41,12,273,171,62.64,102,37.36
4113,41,13,593,407,68.63,186,31.37
4114,41,14,688,451,65.55,237,34.45
4115,41,15,863,547,63.38,316,36.62
4116,41,16,300,203,67.67,97,32.33
4117,41,17,204,135,66.18,69,33.82
4118,41,18,646,457,70.74,189,29.26
4119,41,19,319,223,69.91,96,30.09
4120,41,20,348,219,62.93,129,37.07
4121,41,21,344,226,65.7,118,34.3
4122,41,22,290,188,64.83,102,35.17
4123,41,23,407,273,67.08,134,32.92
4124,41,24,631,409,64.82,222,35.18
4125,41,25,559,342,61.18,217,38.82
4126,41,26,697,498,71.45,199,28.55
4127,41,27,495,331,66.87,164,33.13
4128,41,28,819,580,70.82,239,29.18
4129,41,29,847,601,70.96,246,29.04
4130,41,30,688,446,64.83,242,35.17
4131,41,31,591,371,62.77,220,37.23
4201,42,1,260,206,79.23,54,20.77
4202,42,2,247,194,78.54,53,21.46
4203,42,3,667,557,83.51,110,16.49
4204,42,4,566,458,80.92,108,19.08
4205,42,5,813,659,81.06,154,18.94
4206,42,6,340,274,80.59,66,19.41
4207,42,7,531,437,82.3,94,17.7
4208,42,8,360,298,82.78,62,17.22
4209,42,9,599,481,80.3,118,19.7
4210,42,10,395,302,76.46,93,23.54
4211,42,11,447,374,83.67,73,16.33
4212,42,12,350,270,77.14,80,22.86
4213,42,13,269,215,79.93,54,20.07
4214,42,14,204,178,87.25,26,12.75
4215,42,15,193,158,81.87,35,18.13
4216,42,16,657,522,79.45,135,20.55
4217,42,17,718,569,79.25,149,20.75
4218,42,18,403,327,81.14,76,18.86
4219,42,19,592,512,86.49,80,13.51
4220,42,20,603,493,81.76,110,18.24
4221,42,21,673,565,83.95,108,16.05
4222,42,22,658,528,80.24,130,19.76
4223,42,23,679,570,83.95,109,16.05
4224,42,24,673,568,84.4,105,15.6
4301,43,1,658,552,83.89,106,16.11
4302,43,2,772,668,86.53,104,13.47
4303,43,3,258,213,82.56,45,17.44
4304,43,4,517,446,86.27,71,13.73
4305,43,5,825,725,87.88,100,12.12
4306,43,6,958,828,86.43,130,13.57
4307,43,7,865,733,84.74,132,15.26
4308,43,8,709,613,86.46,96,13.54
4309,43,9,946,839,88.69,107,11.31
4310,43,10,604,498,82.45,106,17.55
4311,43,11,398,328,82.41,70,17.59
4312,43,12,770,679,88.18,91,11.82
4313,43,13,601,516,85.86,85,14.14
4314,43,14,356,305,85.67,51,14.33
4315,43,15,762,652,85.56,110,14.44
4316,43,16,309,260,84.14,49,15.86
4317,43,17,736,635,86.28,101,13.72
4318,43,18,879,756,86.01,123,13.99
4319,43,19,807,682,84.51,125,15.49
4320,43,20,674,576,85.46,98,14.54
4321,43,21,357,296,82.91,61,17.09
4322,43,22,843,745,88.37,98,11.63
4323,43,23,572,496,86.71,76,13.29
4401,44,1,837,736,87.93,101,12.07
4402,44,2,558,468,83.87,90,16.13
4403,44,3,727,644,88.58,83,11.42
4404,44,4,942,826,87.69,116,12.31
4405,44,5,728,657,90.25,71,9.75
4406,44,6,655,572,87.33,83,12.67
4407,44,7,692,592,85.55,100,14.45
4408,44,8,729,650,89.16,79,10.84
4409,44,9,970,852,87.84,118,12.16
4410,44,10,915,809,88.42,106,11.58
4411,44,11,744,629,84.54,115,15.46
4412,44,12,887,784,88.39,103,11.61
4413,44,13,878,763,86.9,115,13.1
4414,44,14,826,723,87.53,103,12.47
4415,44,15,933,819,87.78,114,12.22
4416,44,16,938,829,88.38,109,11.62
4417,44,17,950,829,87.26,121,12.74
4418,44,18,654,575,87.92,79,12.08
4419,44,19,883,753,85.28,130,14.72
4420,44,20,564,503,89.18,61,10.82
4421,44,21,930,835,89.78,95,10.22
4501,45,1,821,566,68.94,255,31.06
4502,45,2,435,329,75.63,106,24.37
4503,45,3,248,174,70.16,74,29.84
4504,45,4,311,221,71.06,90,28.94
4505,45,5,451,337,74.72,114,25.28
4506,45,6,540,392,72.59,148,27.41
4507,45,7,513,377,73.49,136,26.51
4508,45,8,437,302,69.11,135,30.89
4509,45,9,462,332,71.86,130,28.14
4510,45,10,486,323,66.46,163,33.54
4511,45,11,640,414,64.69,226,35.31
4512,45,12,415,319,76.87,96,23.13
4513,45,13,619,458,73.99,161,26.01
4514,45,14,362,278,76.8,84,23.2
4515,45,15,440,338,76.82,102,23.18
4516,45,16,525,414,78.86,111,21.14
4517,45,17,584,431,73.8,153,26.2
4518,45,18,557,429,77.02,128,22.98
4519,45,19,360,277,76.94,83,23.06
4520,45,20,490,376,76.73,114,23.27
4521,45,21,418,310,74.16,108,25.84
4522,45,22,545,435,79.82,110,20.18
4523,45,23,546,425,77.84,121,22.16
4524,45,24,458,334,72.93,124,27.07
4525,45,25,648,502,77.47,146,22.53
4526,45,26,480,379,78.96,101,21.04
4527,45,27,589,487,82.68,102,17.32
4528,45,28,519,394,75.92,125,24.08
4529,45,29,522,434,83.14,88,16.86
4601,46,1,655,565,86.26,90,13.74
4602,46,2,612,526,85.95,86,14.05
4603,46,3,737,638,86.57,99,13.43
4604,46,4,839,715,85.22,124,14.78
4605,46,5,684,581,84.94,103,15.06
4606,46,6,1025,894,87.22,131,12.78
4607,46,7,631,547,86.69,84,13.31
4608,46,8,801,686,85.64,115,14.36
4609,46,9,773,687,88.87,86,11.13
4610,46,10,717,637,88.84,80,11.16
4611,46,11,832,720,86.54,112,13.46
4612,46,12,1010,909,90.0,101,10.0
4613,46,13,894,799,89.37,95,10.63
4614,46,14,482,426,88.38,56,11.62
4615,46,15,937,803,85.7,134,14.3
4616,46,16,690,622,90.14,68,9.86
4617,46,17,887,799,90.08,88,9.92
4618,46,18,833,739,88.72,94,11.28
4619,46,19,652,551,84.51,101,15.49
4620,46,20,598,517,86.45,81,13.55
4621,46,21,461,409,88.72,52,11.28
4622,46,22,571,489,85.64,82,14.36
4623,46,23,485,435,89.69,50,10.31
4701,47,1,665,580,87.22,85,12.78
4702,47,2,628,557,88.69,71,11.31
4703,47,3,625,557,89.12,68,10.88
4704,47,4,806,734,91.07,72,8.93
4705,47,5,919,846,92.06,73,7.94
4706,47,6,785,715,91.08,70,8.92
4707,47,7,1145,1033,90.22,112,9.78
4708,47,8,719,640,89.01,79,10.99
4709,47,9,894,804,89.93,90,10.07
4710,47,10,779,697,89.47,82,10.53
4711,47,11,682,618,90.62,64,9.38
4712,47,12,507,462,91.12,45,8.88
4713,47,13,532,476,89.47,56,10.53
4714,47,14,683,578,84.63,105,15.37
4715,47,15,697,610,87.52,87,12.48
4716,47,16,716,612,85.47,104,14.53
4717,47,17,634,555,87.54,79,12.46
4718,47,18,802,723,90.15,79,9.85
4719,47,19,787,711,90.34,76,9.66
4720,47,20,764,665,87.04,99,12.96
4721,47,21,763,680,89.12,83,10.88
4722,47,22,625,545,87.2,80,12.8
4723,47,23,745,635,85.23,110,14.77
4724,47,24,883,762,86.3,121,13.7
4725,47,25,685,607,88.61,78,11.39
4726,47,26,863,756,87.6,107,12.4
4727,47,27,785,689,87.77,96,12.23
4728,47,28,564,475,84.22,89,15.78
4801,48,1,800,725,90.63,75,9.38
4802,48,2,247,215,87.04,32,12.96
4803,48,3,426,367,86.15,59,13.85
4804,48,4,460,401,87.17,59,12.83
4805,48,5,261,240,91.95,21,8.05
4806,48,6,635,573,90.24,62,9.76
4807,48,7,626,565,90.26,61,9.74
4808,48,8,401,343,85.54,58,14.46
4809,48,9,294,235,79.93,59,20.07
4810,48,10,751,689,91.74,62,8.26
4811,48,11,466,435,93.35,31,6.65
4812,48,12,664,566,85.24,98,14.76
4813,48,13,498,420,84.34,78,15.66
4814,48,14,583,523,89.71,60,10.29
4815,48,15,454,380,83.7,74,16.3
4816,48,16,357,313,87.68,44,12.32
4817,48,17,190,157,82.63,33,17.37
4818,48,18,627,538,85.81,89,14.19
4819,48,19,333,283,84.98,50,15.02
4820,48,20,238,213,89.5,25,10.5
4821,48,21,545,465,85.32,80,14.68
4822,48,22,311,264,84.89,47,15.11
4823,48,23,386,352,91.19,34,8.81
4824,48,24,754,624,82.76,130,17.24
4825,48,25,643,572,88.96,71,11.04
4826,48,26,337,291,86.35,46,13.65
4827,48,27,397,338,85.14,59,14.86
4828,48,28,541,490,90.57,51,9.43
4829,48,29,180,154,85.56,26,14.44
4830,48,30,570,505,88.6,65,11.4
4831,48,31,589,532,90.32,57,9.68
4832,48,32,461,391,84.82,70,15.18
4833,48,33,227,199,87.67,28,12.33
4834,48,34,444,388,87.39,56,12.61
4835,48,35,715,644,90.07,71,9.93
4901,49,1,673,553,82.17,120,17.83
4902,49,2,576,489,84.9,87,15.1
4903,49,3,793,673,84.87,120,15.13
4904,49,4,781,692,88.6,89,11.4
4905,49,5,847,745,87.96,102,12.04
4906,49,6,78,68,87.18,10,12.82
4907,49,7,816,700,85.78,116,14.22
4908,49,8,980,889,90.71,91,9.29
4909,49,9,876,742,84.7,134,15.3
4910,49,10,587,500,85.18,87,14.82
4911,49,11,642,545,84.89,97,15.11
4912,49,12,582,486,83.51,96,16.49
4913,49,13,725,620,85.52,105,14.48
4914,49,14,874,763,87.3,111,12.7
4915,49,15,798,688,86.22,110,13.78
4916,49,16,728,635,87.23,93,12.77
4917,49,17,844,733,86.85,111,13.15
5001,50,1,307,246,80.13,61,19.87
5002,50,2,363,271,74.66,92,25.34
5003,50,3,288,217,75.35,71,24.65
5004,50,4,364,288,79.12,76,20.88
5005,50,5,522,423,81.03,99,18.97
5006,50,6,249,210,84.34,39,15.66
5007,50,7,666,562,84.38,104,15.62
5008,50,8,455,395,86.81,60,13.19
5009,50,9,122,107,87.7,15,12.3
5010,50,10,269,204,75.84,65,24.16
5011,50,11,313,237,75.72,76,24.28
5012,50,12,122,91,74.59,31,25.41
5013,50,13,456,373,81.8,83,18.2
5014,50,14,91,63,69.23,28,30.77
5015,50,15,457,375,82.06,82,17.94
5016,50,16,85,56,65.88,29,34.12
5017,50,17,211,160,75.83,51,24.17
5018,50,18,35,21,60.0,14,40.0
5019,50,19,202,168,83.17,34,16.83
5020,50,20,192,160,83.33,32,16.67
5021,50,21,421,341,81.0,80,19.0
5022,50,22,363,272,74.93,91,25.07
5023,50,23,293,217,74.06,76,25.94
5024,50,24,363,256,70.52,107,29.48
5025,50,25,112,88,78.57,24,21.43
5026,50,26,182,142,78.02,40,21.98
5027,50,27,78,54,69.23,24,30.77
5028,50,28,472,407,86.23,65,13.77
