id,ward,precinct,total,Yes,Yes Percent,No,No Percent
0101,1,1,730,383,52.47,347,47.53
0102,1,2,686,383,55.83,303,44.17
0103,1,3,775,452,58.32,323,41.68
0104,1,4,694,404,58.21,290,41.79
0105,1,5,709,399,56.28,310,43.72
0106,1,6,616,372,60.39,244,39.61
0107,1,7,741,378,51.01,363,48.99
0108,1,8,665,388,58.35,277,41.65
0109,1,9,337,203,60.24,134,39.76
0110,1,10,871,547,62.8,324,37.2
0111,1,11,663,382,57.62,281,42.38
0112,1,12,289,179,61.94,110,38.06
0113,1,13,463,265,57.24,198,42.76
0114,1,14,393,255,64.89,138,35.11
0115,1,15,683,416,60.91,267,39.09
0116,1,16,673,414,61.52,259,38.48
0117,1,17,433,247,57.04,186,42.96
0118,1,18,623,364,58.43,259,41.57
0119,1,19,587,378,64.4,209,35.6
0120,1,20,538,374,69.52,164,30.48
0121,1,21,563,333,59.15,230,40.85
0122,1,22,756,469,62.04,287,37.96
0123,1,23,388,240,61.86,148,38.14
0124,1,24,836,534,63.88,302,36.12
0125,1,25,699,435,62.23,264,37.77
0126,1,26,630,394,62.54,236,37.46
0201,2,1,636,467,73.43,169,26.57
0202,2,2,751,565,75.23,186,24.77
0203,2,3,472,347,73.52,125,26.48
0204,2,4,514,386,75.1,128,24.9
0205,2,5,489,369,75.46,120,24.54
0206,2,6,712,529,74.3,183,25.7
0207,2,7,628,462,73.57,166,26.43
0208,2,8,493,382,77.48,111,22.52
0209,2,9,720,519,72.08,201,27.92
0210,2,10,318,225,70.75,93,29.25
0211,2,11,545,398,73.03,147,26.97
0212,2,12,501,347,69.26,154,30.74
0213,2,13,668,469,70.21,199,29.79
0214,2,14,383,272,71.02,111,28.98
0215,2,15,546,399,73.08,147,26.92
0216,2,16,624,477,76.44,147,23.56
0217,2,17,908,685,75.44,223,24.56
0218,2,18,529,367,69.38,162,30.62
0219,2,19,301,237,78.74,64,21.26
0220,2,20,381,263,69.03,118,30.97
0221,2,21,122,68,55.74,54,44.26
0222,2,22,437,317,72.54,120,27.46
0223,2,23,483,359,74.33,124,25.67
0224,2,24,393,282,71.76,111,28.24
0225,2,25,581,414,71.26,167,28.74
0301,3,1,564,354,62.77,210,37.23
0302,3,2,540,424,78.52,116,21.48
0303,3,3,397,269,67.76,128,32.24
0304,3,4,422,309,73.22,113,26.78
0305,3,5,112,82,73.21,30,26.79
0306,3,6,574,378,65.85,196,34.15
0307,3,7,275,196,71.27,79,28.73
0308,3,8,439,274,62.41,165,37.59
0309,3,9,363,247,68.04,116,31.96
0310,3,10,383,267,69.71,116,30.29
0311,3,11,603,425,70.48,178,29.52
0312,3,12,441,306,69.39,135,30.61
0313,3,13,653,464,71.06,189,28.94
0314,3,14,762,507,66.54,255,33.46
0315,3,15,442,324,73.3,118,26.7
0316,3,16,270,199,73.7,71,26.3
0317,3,17,153,106,69.28,47,30.72
0318,3,18,173,108,62.43,65,37.57
0319,3,19,774,559,72.22,215,27.78
0320,3,20,500,349,69.8,151,30.2
0321,3,21,493,336,68.15,157,31.85
0322,3,22,385,270,70.13,115,29.87
0323,3,23,272,192,70.59,80,29.41
0324,3,24,105,81,77.14,24,22.86
0325,3,25,748,574,76.74,174,23.26
0326,3,26,250,156,62.4,94,37.6
0327,3,27,640,446,69.69,194,30.31
0401,4,1,700,454,64.86,246,35.14
0402,4,2,249,169,67.87,80,32.13
0403,4,3,467,352,75.37,115,24.63
0404,4,4,562,410,72.95,152,27.05
0405,4,5,270,194,71.85,76,28.15
0406,4,6,406,284,69.95,122,30.05
0407,4,7,289,200,69.2,89,30.8
0408,4,8,410,319,77.8,91,22.2
0409,4,9,433,298,68.82,135,31.18
0410,4,10,399,297,74.44,102,25.56
0411,4,11,552,387,70.11,165,29.89
0412,4,12,339,241,71.09,98,28.91
0413,4,13,358,263,73.46,95,26.54
0414,4,14,304,216,71.05,88,28.95
0415,4,15,323,237,73.37,86,26.63
0416,4,16,456,345,75.66,111,24.34
0417,4,17,581,408,70.22,173,29.78
0418,4,18,182,128,70.33,54,29.67
0419,4,19,378,256,67.72,122,32.28
0420,4,20,553,410,74.14,143,25.86
0421,4,21,360,264,73.33,96,26.67
0422,4,22,183,140,76.5,43,23.5
0423,4,23,331,239,72.21,92,27.79
0424,4,24,602,442,73.42,160,26.58
0425,4,25,761,574,75.43,187,24.57
0426,4,26,665,491,73.83,174,26.17
0427,4,27,730,471,64.52,259,35.48
0428,4,28,755,514,68.08,241,31.92
0501,5,1,513,363,70.76,150,29.24
0502,5,2,609,458,75.21,151,24.79
0503,5,3,564,406,71.99,158,28.01
0504,5,4,459,321,69.93,138,30.07
0505,5,5,246,187,76.02,59,23.98
0506,5,6,222,166,74.77,56,25.23
0507,5,7,129,88,68.22,41,31.78
0508,5,8,173,117,67.63,56,32.37
0509,5,9,159,105,66.04,54,33.96
0510,5,10,259,175,67.57,84,32.43
0511,5,11,341,222,65.1,119,34.9
0512,5,12,601,461,76.71,140,23.29
0513,5,13,258,177,68.6,81,31.4
0514,5,14,277,202,72.92,75,27.08
0515,5,15,873,613,70.22,260,29.78
0516,5,16,547,379,69.29,168,30.71
0517,5,17,384,297,77.34,87,22.66
0518,5,18,805,587,72.92,218,27.08
0519,5,19,345,281,81.45,64,18.55
0520,5,20,610,421,69.02,189,30.98
0521,5,21,508,351,69.09,157,30.91
0522,5,22,609,374,61.41,235,38.59
0523,5,23,319,237,74.29,82,25.71
0524,5,24,313,240,76.68,73,23.32
0525,5,25,804,567,70.52,237,29.48
0601,6,1,160,117,73.13,43,26.88
0602,6,2,207,145,70.05,62,29.95
0603,6,3,68,39,57.35,29,42.65
0604,6,4,160,111,69.38,49,30.63
0605,6,5,287,196,68.29,91,31.71
0606,6,6,259,173,66.8,86,33.2
0607,6,7,333,233,69.97,100,30.03
0608,6,8,250,174,69.6,76,30.4
0609,6,9,533,383,71.86,150,28.14
0610,6,10,122,88,72.13,34,27.87
0611,6,11,146,96,65.75,50,34.25
0612,6,12,350,230,65.71,120,34.29
0613,6,13,446,323,72.42,123,27.58
0614,6,14,425,313,73.65,112,26.35
0615,6,15,452,314,69.47,138,30.53
0616,6,16,293,200,68.26,93,31.74
0617,6,17,503,351,69.78,152,30.22
0618,6,18,596,440,73.83,156,26.17
0619,6,19,374,264,70.59,110,29.41
0620,6,20,634,493,77.76,141,22.24
0621,6,21,466,323,69.31,143,30.69
0622,6,22,636,451,70.91,185,29.09
0623,6,23,601,431,71.71,170,28.29
0624,6,24,544,415,76.29,129,23.71
0625,6,25,400,312,78.0,88,22.0
0626,6,26,692,523,75.58,169,24.42
0627,6,27,630,464,73.65,166,26.35
0701,7,1,467,308,65.95,159,34.05
0702,7,2,602,448,74.42,154,25.58
0703,7,3,326,215,65.95,111,34.05
0704,7,4,381,274,71.92,107,28.08
0705,7,5,528,390,73.86,138,26.14
0706,7,6,137,100,72.99,37,27.01
0707,7,7,317,215,67.82,102,32.18
0708,7,8,213,154,72.3,59,27.7
0709,7,9,345,240,69.57,105,30.43
0710,7,10,505,377,74.65,128,25.35
0711,7,11,423,295,69.74,128,30.26
0712,7,12,515,387,75.15,128,24.85
0713,7,13,365,254,69.59,111,30.41
0714,7,14,307,221,71.99,86,28.01
0715,7,15,464,343,73.92,121,26.08
0716,7,16,159,126,79.25,33,20.75
0717,7,17,126,94,74.6,32,25.4
0718,7,18,61,52,85.25,9,14.75
0719,7,19,606,454,74.92,152,25.08
0720,7,20,341,259,75.95,82,24.05
0721,7,21,254,182,71.65,72,28.35
0722,7,22,290,222,76.55,68,23.45
0723,7,23,215,159,73.95,56,26.05
0724,7,24,61,40,65.57,21,34.43
0725,7,25,318,235,73.9,83,26.1
0726,7,26,459,346,75.38,113,24.62
0727,7,27,272,206,75.74,66,24.26
0728,7,28,178,126,70.79,52,29.21
0729,7,29,259,190,73.36,69,26.64
0730,7,30,235,170,72.34,65,27.66
0731,7,31,110,80,72.73,30,27.27
0801,8,1,490,353,72.04,137,27.96
0802,8,2,238,160,67.23,78,32.77
0803,8,3,191,147,76.96,44,23.04
0804,8,4,459,330,71.9,129,28.1
0805,8,5,320,247,77.19,73,22.81
0806,8,6,555,404,72.79,151,27.21
0807,8,7,320,222,69.38,98,30.63
0808,8,8,684,545,79.68,139,20.32
0809,8,9,437,315,72.08,122,27.92
0810,8,10,502,343,68.33,159,31.67
0811,8,11,406,301,74.14,105,25.86
0812,8,12,463,362,78.19,101,21.81
0813,8,13,445,351,78.88,94,21.12
0814,8,14,497,384,77.26,113,22.74
0815,8,15,378,280,74.07,98,25.93
0816,8,16,351,266,75.78,85,24.22
0817,8,17,585,457,78.12,128,21.88
0818,8,18,761,585,76.87,176,23.13
0819,8,19,605,452,74.71,153,25.29
0820,8,20,266,192,72.18,74,27.82
0821,8,21,230,157,68.26,73,31.74
0822,8,22,226,188,83.19,38,16.81
0823,8,23,585,440,75.21,145,24.79
0824,8,24,418,325,77.75,93,22.25
0825,8,25,167,118,70.66,49,29.34
0826,8,26,341,239,70.09,102,29.91
0827,8,27,451,338,74.94,113,25.06
0828,8,28,310,212,68.39,98,31.61
0829,8,29,296,226,76.35,70,23.65
0830,8,30,396,294,74.24,102,25.76
0901,9,1,488,324,66.39,164,33.61
0902,9,2,322,225,69.88,97,30.12
0903,9,3,164,110,67.07,54,32.93
0904,9,4,356,254,71.35,102,28.65
0905,9,5,346,249,71.97,97,28.03
0906,9,6,613,460,75.04,153,24.96
0907,9,7,447,304,68.01,143,31.99
0908,9,8,457,326,71.33,131,28.67
0909,9,9,274,191,69.71,83,30.29
0910,9,10,566,430,75.97,136,24.03
0911,9,11,188,138,73.4,50,26.6
0912,9,12,515,387,75.15,128,24.85
0913,9,13,500,374,74.8,126,25.2
0914,9,14,280,206,73.57,74,26.43
0915,9,15,376,271,72.07,105,27.93
0916,9,16,532,370,69.55,162,30.45
0917,9,17,165,118,71.52,47,28.48
0918,9,18,265,191,72.08,74,27.92
0919,9,19,226,172,76.11,54,23.89
0920,9,20,410,272,66.34,138,33.66
0921,9,21,481,350,72.77,131,27.23
0922,9,22,328,247,75.3,81,24.7
0923,9,23,267,204,76.4,63,23.6
0924,9,24,401,303,75.56,98,24.44
0925,9,25,310,229,73.87,81,26.13
0926,9,26,450,334,74.22,116,25.78
0927,9,27,250,166,66.4,84,33.6
0928,9,28,205,145,70.73,60,29.27
0929,9,29,597,440,73.7,157,26.3
0930,9,30,484,354,73.14,130,26.86
1001,10,1,122,86,70.49,36,29.51
1002,10,2,146,101,69.18,45,30.82
1003,10,3,253,179,70.75,74,29.25
1004,10,4,284,196,69.01,88,30.99
1005,10,5,110,72,65.45,38,34.55
1006,10,6,134,96,71.64,38,28.36
1007,10,7,261,156,59.77,105,40.23
1008,10,8,253,180,71.15,73,28.85
1009,10,9,280,185,66.07,95,33.93
1010,10,10,303,202,66.67,101,33.33
1011,10,11,107,71,66.36,36,33.64
1012,10,12,276,184,66.67,92,33.33
1013,10,13,304,197,64.8,107,35.2
1014,10,14,393,245,62.34,148,37.66
1015,10,15,357,249,69.75,108,30.25
1016,10,16,426,249,58.45,177,41.55
1017,10,17,383,233,60.84,150,39.16
1018,10,18,469,260,55.44,209,44.56
1019,10,19,276,184,66.67,92,33.33
1020,10,20,187,122,65.24,65,34.76
1021,10,21,231,129,55.84,102,44.16
1022,10,22,408,238,58.33,170,41.67
1023,10,23,278,199,71.58,79,28.42
1024,10,24,125,87,69.6,38,30.4
1025,10,25,220,146,66.36,74,33.64
1101,11,1,140,90,64.29,50,35.71
1102,11,2,75,54,72.0,21,28.0
1103,11,3,408,249,61.03,159,38.97
1104,11,4,306,184,60.13,122,39.87
1105,11,5,329,200,60.79,129,39.21
1106,11,6,417,240,57.55,177,42.45
1107,11,7,208,130,62.5,78,37.5
1108,11,8,360,201,55.83,159,44.17
1109,11,9,402,258,64.18,144,35.82
1110,11,10,71,40,56.34,31,43.66
1111,11,11,56,39,69.64,17,30.36
1112,11,12,120,74,61.67,46,38.33
1113,11,13,348,231,66.38,117,33.62
1114,11,14,693,408,58.87,285,41.13
1115,11,15,506,279,55.14,227,44.86
1116,11,16,608,344,56.58,264,43.42
1117,11,17,279,152,54.48,127,45.52
1118,11,18,386,257,66.58,129,33.42
1119,11,19,124,72,58.06,52,41.94
1120,11,20,371,240,64.69,131,35.31
1121,11,21,638,410,64.26,228,35.74
1122,11,22,412,259,62.86,153,37.14
1123,11,23,457,275,60.18,182,39.82
1201,12,1,235,130,55.32,105,44.68
1202,12,2,171,116,67.84,55,32.16
1203,12,3,326,171,52.45,155,47.55
1204,12,4,270,142,52.59,128,47.41
1205,12,5,256,148,57.81,108,42.19
1206,12,6,228,143,62.72,85,37.28
1207,12,7,237,150,63.29,87,36.71
1208,12,8,227,161,70.93,66,29.07
1209,12,9,128,71,55.47,57,44.53
1210,12,10,272,154,56.62,118,43.38
1211,12,11,200,131,65.5,69,34.5
1212,12,12,168,108,64.29,60,35.71
1213,12,13,184,118,64.13,66,35.87
1214,12,14,108,77,71.3,31,28.7
1215,12,15,235,143,60.85,92,39.15
1216,12,16,267,170,63.67,97,36.33
1217,12,17,217,145,66.82,72,33.18
1218,12,18,244,157,64.34,87,35.66
1219,12,19,148,91,61.49,57,38.51
1220,12,20,199,123,61.81,76,38.19
1221,12,21,196,117,59.69,79,40.31
1222,12,22,194,123,63.4,71,36.6
1301,13,1,220,163,74.09,57,25.91
1302,13,2,269,182,67.66,87,32.34
1303,13,3,369,183,49.59,186,50.41
1304,13,4,290,198,68.28,92,31.72
1305,13,5,264,164,62.12,100,37.88
1306,13,6,276,157,56.88,119,43.12
1307,13,7,210,124,59.05,86,40.95
1308,13,8,339,229,67.55,110,32.45
1309,13,9,381,219,57.48,162,42.52
1310,13,10,366,205,56.01,161,43.99
1311,13,11,219,121,55.25,98,44.75
1312,13,12,205,127,61.95,78,38.05
1313,13,13,264,136,51.52,128,48.48
1314,13,14,235,128,54.47,107,45.53
1315,13,15,192,105,54.69,87,45.31
1316,13,16,304,181,59.54,123,40.46
1317,13,17,333,210,63.06,123,36.94
1318,13,18,232,157,67.67,75,32.33
1319,13,19,213,106,49.77,107,50.23
1320,13,20,314,181,57.64,133,42.36
1321,13,21,262,154,58.78,108,41.22
1322,13,22,334,221,66.17,113,33.83
1323,13,23,342,161,47.08,181,52.92
1324,13,24,264,172,65.15,92,34.85
1325,13,25,253,161,63.64,92,36.36
1326,13,26,203,133,65.52,70,34.48
1327,13,27,175,119,68.0,56,32.0
1328,13,28,217,133,61.29,84,38.71
1329,13,29,202,142,70.3,60,29.7
1330,13,30,321,164,51.09,157,48.91
1331,13,31,220,119,54.09,101,45.91
1332,13,32,226,126,55.75,100,44.25
1333,13,33,277,166,59.93,111,40.07
1334,13,34,332,190,57.23,142,42.77
1335,13,35,402,230,57.21,172,42.79
1336,13,36,167,119,71.26,48,28.74
1337,13,37,340,179,52.65,161,47.35
1338,13,38,187,119,63.64,68,36.36
1339,13,39,338,193,57.1,145,42.9
1340,13,40,274,162,59.12,112,40.88
1401,14,1,367,256,69.75,111,30.25
1402,14,2,258,168,65.12,90,34.88
1403,14,3,176,116,65.91,60,34.09
1404,14,4,81,54,66.67,27,33.33
1405,14,5,293,202,68.94,91,31.06
1406,14,6,374,247,66.04,127,33.96
1407,14,7,329,205,62.31,124,37.69
1408,14,8,346,229,66.18,117,33.82
1409,14,9,371,231,62.26,140,37.74
1410,14,10,317,207,65.3,110,34.7
1411,14,11,373,251,67.29,122,32.71
1412,14,12,249,160,64.26,89,35.74
1413,14,13,398,265,66.58,133,33.42
1414,14,14,205,131,63.9,74,36.1
1415,14,15,210,140,66.67,70,33.33
1501,15,1,239,148,61.92,91,38.08
1502,15,2,336,210,62.5,126,37.5
1503,15,3,126,81,64.29,45,35.71
1504,15,4,152,94,61.84,58,38.16
1505,15,5,101,66,65.35,35,34.65
1506,15,6,224,136,60.71,88,39.29
1507,15,7,175,97,55.43,78,44.57
1508,15,8,199,131,65.83,68,34.17
1509,15,9,222,135,60.81,87,39.19
1510,15,10,175,120,68.57,55,31.43
1511,15,11,176,120,68.18,56,31.82
1512,15,12,234,163,69.66,71,30.34
1513,15,13,183,114,62.3,69,37.7
1514,15,14,191,123,64.4,68,35.6
1515,15,15,188,124,65.96,64,34.04
1516,15,16,298,181,60.74,117,39.26
1517,15,17,324,227,70.06,97,29.94
1518,15,18,220,151,68.64,69,31.36
1519,15,19,136,90,66.18,46,33.82
1520,15,20,211,132,62.56,79,37.44
1601,16,1,280,186,66.43,94,33.57
1602,16,2,186,122,65.59,64,34.41
1603,16,3,233,159,68.24,74,31.76
1604,16,4,147,104,70.75,43,29.25
1605,16,5,320,225,70.31,95,29.69
1606,16,6,303,204,67.33,99,32.67
1607,16,7,184,136,73.91,48,26.09
1608,16,8,135,93,68.89,42,31.11
1609,16,9,299,207,69.23,92,30.77
1610,16,10,226,154,68.14,72,31.86
1611,16,11,203,137,67.49,66,32.51
1612,16,12,81,57,70.37,24,29.63
1613,16,13,117,84,71.79,33,28.21
1614,16,14,314,213,67.83,101,32.17
1615,16,15,253,169,66.8,84,33.2
1616,16,16,194,138,71.13,56,28.87
1617,16,17,365,250,68.49,115,31.51
1618,16,18,336,212,63.1,124,36.9
1619,16,19,266,171,64.29,95,35.71
1620,16,20,257,179,69.65,78,30.35
1621,16,21,166,113,68.07,53,31.93
1622,16,22,270,185,68.52,85,31.48
1623,16,23,195,119,61.03,76,38.97
1624,16,24,221,158,71.49,63,28.51
1625,16,25,103,70,67.96,33,32.04
1701,17,1,353,237,67.14,116,32.86
1702,17,2,220,150,68.18,70,31.82
1703,17,3,260,193,74.23,67,25.77
1704,17,4,267,183,68.54,84,31.46
1705,17,5,172,115,66.86,57,33.14
1706,17,6,245,183,74.69,62,25.31
1707,17,7,147,109,74.15,38,25.85
1708,17,8,200,147,73.5,53,26.5
1709,17,9,192,136,70.83,56,29.17
1710,17,10,380,251,66.05,129,33.95
1711,17,11,232,149,64.22,83,35.78
1712,17,12,151,105,69.54,46,30.46
1713,17,13,163,115,70.55,48,29.45
1714,17,14,177,122,68.93,55,31.07
1715,17,15,483,360,74.53,123,25.47
1716,17,16,209,144,68.9,65,31.1
1717,17,17,192,142,73.96,50,26.04
1718,17,18,555,385,69.37,170,30.63
1719,17,19,368,273,74.18,95,25.82
1720,17,20,371,270,72.78,101,27.22
1721,17,21,415,304,73.25,111,26.75
1722,17,22,412,273,66.26,139,33.74
1723,17,23,263,187,71.1,76,28.9
1724,17,24,444,317,71.4,127,28.6
1725,17,25,194,138,71.13,56,28.87
1726,17,26,383,292,76.24,91,23.76
1727,17,27,457,329,71.99,128,28.01
1728,17,28,527,362,68.69,165,31.31
1729,17,29,467,329,70.45,138,29.55
1801,18,1,575,412,71.65,163,28.35
1802,18,2,620,454,73.23,166,26.77
1803,18,3,262,193,73.66,69,26.34
1804,18,4,434,339,78.11,95,21.89
1805,18,5,364,280,76.92,84,23.08
1806,18,6,557,434,77.92,123,22.08
1807,18,7,495,370,74.75,125,25.25
1808,18,8,750,544,72.53,206,27.47
1809,18,9,597,436,73.03,161,26.97
1810,18,10,677,508,75.04,169,24.96
1811,18,11,373,276,73.99,97,26.01
1812,18,12,607,458,75.45,149,24.55
1813,18,13,485,360,74.23,125,25.77
1814,18,14,374,255,68.18,119,31.82
1815,18,15,284,209,73.59,75,26.41
1816,18,16,444,317,71.4,127,28.6
1817,18,17,326,213,65.34,113,34.66
1818,18,18,399,241,60.4,158,39.6
1819,18,19,357,254,71.15,103,28.85
1820,18,20,328,232,70.73,96,29.27
1821,18,21,453,328,72.41,125,27.59
1822,18,22,436,284,65.14,152,34.86
1823,18,23,505,288,57.03,217,42.97
1824,18,24,560,358,63.93,202,36.07
1825,18,25,300,187,62.33,113,37.67
1826,18,26,520,325,62.5,195,37.5
1901,19,1,677,367,54.21,310,45.79
1902,19,2,652,469,71.93,183,28.07
1903,19,3,462,191,41.34,271,58.66
1904,19,4,466,198,42.49,268,57.51
1905,19,5,534,390,73.03,144,26.97
1906,19,6,497,220,44.27,277,55.73
1907,19,7,660,320,48.48,340,51.52
1908,19,8,491,373,75.97,118,24.03
1909,19,9,443,309,69.75,134,30.25
1910,19,10,490,357,72.86,133,27.14
1911,19,11,427,198,46.37,229,53.63
1912,19,12,650,289,44.46,361,55.54
1913,19,13,444,329,74.1,115,25.9
1914,19,14,591,409,69.2,182,30.8
1915,19,15,385,153,39.74,232,60.26
1916,19,16,480,207,43.13,273,56.88
1917,19,17,446,240,53.81,206,46.19
1918,19,18,438,174,39.73,264,60.27
1919,19,19,535,366,68.41,169,31.59
1920,19,20,424,311,73.35,113,26.65
1921,19,21,670,292,43.58,378,56.42
1922,19,22,451,282,62.53,169,37.47
1923,19,23,466,250,53.65,216,46.35
1924,19,24,469,189,40.3,280,59.7
1925,19,25,453,344,75.94,109,24.06
1926,19,26,416,287,68.99,129,31.01
1927,19,27,681,476,69.9,205,30.1
1928,19,28,843,579,68.68,264,31.32
1929,19,29,592,281,47.47,311,52.53
1930,19,30,478,192,40.17,286,59.83
1931,19,31,728,493,67.72,235,32.28
1932,19,32,447,315,70.47,132,29.53
1933,19,33,338,130,38.46,208,61.54
1934,19,34,751,428,56.99,323,43.01
1935,19,35,520,353,67.88,167,32.12
1936,19,36,418,290,69.38,128,30.62
2001,20,1,209,135,64.59,74,35.41
2002,20,2,124,84,67.74,40,32.26
2003,20,3,141,96,68.09,45,31.91
2004,20,4,109,78,71.56,31,28.44
2005,20,5,193,129,66.84,64,33.16
2006,20,6,129,100,77.52,29,22.48
2007,20,7,155,108,69.68,47,30.32
2008,20,8,200,142,71.0,58,29.0
2009,20,9,380,266,70.0,114,30.0
2010,20,10,418,282,67.46,136,32.54
2011,20,11,339,227,66.96,112,33.04
2012,20,12,71,38,53.52,33,46.48
2013,20,13,599,406,67.78,193,32.22
2014,20,14,383,278,72.58,105,27.42
2015,20,15,344,230,66.86,114,33.14
2016,20,16,370,264,71.35,106,28.65
2017,20,17,459,306,66.67,153,33.33
2018,20,18,547,381,69.65,166,30.35
2019,20,19,322,212,65.84,110,34.16
2020,20,20,359,261,72.7,98,27.3
2021,20,21,509,331,65.03,178,34.97
2022,20,22,454,321,70.7,133,29.3
2023,20,23,153,107,69.93,46,30.07
2101,21,1,556,402,72.3,154,27.7
2102,21,2,167,130,77.84,37,22.16
2103,21,3,595,440,73.95,155,26.05
2104,21,4,479,367,76.62,112,23.38
2105,21,5,501,369,73.65,132,26.35
2106,21,6,441,321,72.79,120,27.21
2107,21,7,625,442,70.72,183,29.28
2108,21,8,454,346,76.21,108,23.79
2109,21,9,163,120,73.62,43,26.38
2110,21,10,572,423,73.95,149,26.05
2111,21,11,573,424,74.0,149,26.0
2112,21,12,250,182,72.8,68,27.2
2113,21,13,416,301,72.36,115,27.64
2114,21,14,620,460,74.19,160,25.81
2115,21,15,613,452,73.74,161,26.26
2116,21,16,544,407,74.82,137,25.18
2117,21,17,390,303,77.69,87,22.31
2118,21,18,595,452,75.97,143,24.03
2119,21,19,467,345,73.88,122,26.12
2120,21,20,325,230,70.77,95,29.23
2121,21,21,594,389,65.49,205,34.51
2122,21,22,618,433,70.06,185,29.94
2123,21,23,441,295,66.89,146,33.11
2124,21,24,431,310,71.93,121,28.07
2125,21,25,360,253,70.28,107,29.72
2126,21,26,392,288,73.47,104,26.53
2127,21,27,554,390,70.4,164,29.6
2128,21,28,498,344,69.08,154,30.92
2129,21,29,523,368,70.36,155,29.64
2201,22,1,174,130,74.71,44,25.29
2202,22,2,108,75,69.44,33,30.56
2203,22,3,218,156,71.56,62,28.44
2204,22,4,129,85,65.89,44,34.11
2205,22,5,357,224,62.75,133,37.25
2206,22,6,186,118,63.44,68,36.56
2207,22,7,194,111,57.22,83,42.78
2208,22,8,220,142,64.55,78,35.45
2209,22,9,182,131,71.98,51,28.02
2210,22,10,245,156,63.67,89,36.33
2211,22,11,308,217,70.45,91,29.55
2212,22,12,193,137,70.98,56,29.02
2213,22,13,251,170,67.73,81,32.27
2214,22,14,193,129,66.84,64,33.16
2215,22,15,126,75,59.52,51,40.48
2216,22,16,284,183,64.44,101,35.56
2217,22,17,121,83,68.6,38,31.4
2218,22,18,239,185,77.41,54,22.59
2219,22,19,401,251,62.59,150,37.41
2301,23,1,229,119,51.97,110,48.03
2302,23,2,399,202,50.63,197,49.37
2303,23,3,254,117,46.06,137,53.94
2304,23,4,206,89,43.2,117,56.8
2305,23,5,345,169,48.99,176,51.01
2306,23,6,192,89,46.35,103,53.65
2307,23,7,259,134,51.74,125,48.26
2308,23,8,238,127,53.36,111,46.64
2309,23,9,397,240,60.45,157,39.55
2310,23,10,438,262,59.82,176,40.18
2311,23,11,178,113,63.48,65,36.52
2312,23,12,249,142,57.03,107,42.97
2313,23,13,410,272,66.34,138,33.66
2314,23,14,311,204,65.59,107,34.41
2315,23,15,344,222,64.53,122,35.47
2316,23,16,178,117,65.73,61,34.27
2317,23,17,240,165,68.75,75,31.25
2318,23,18,215,147,68.37,68,31.63
2319,23,19,181,128,70.72,53,29.28
2320,23,20,171,106,61.99,65,38.01
2321,23,21,154,106,68.83,48,31.17
2322,23,22,167,113,67.66,54,32.34
2323,23,23,166,112,67.47,54,32.53
2324,23,24,155,100,64.52,55,35.48
2325,23,25,135,106,78.52,29,21.48
2326,23,26,115,73,63.48,42,36.52
2327,23,27,139,96,69.06,43,30.94
2328,23,28,208,151,72.6,57,27.4
2329,23,29,288,189,65.63,99,34.38
2330,23,30,167,106,63.47,61,36.53
2331,23,31,194,129,66.49,65,33.51
2332,23,32,168,121,72.02,47,27.98
2333,23,33,383,249,65.01,134,34.99
2401,24,1,144,111,77.08,33,22.92
2402,24,2,152,114,75.0,38,25.0
2403,24,3,341,230,67.45,111,32.55
2404,24,4,271,185,68.27,86,31.73
2405,24,5,438,320,73.06,118,26.94
2406,24,6,299,206,68.9,93,31.1
2407,24,7,147,111,75.51,36,24.49
2408,24,8,195,133,68.21,62,31.79
2409,24,9,363,249,68.6,114,31.4
2410,24,10,278,203,73.02,75,26.98
2411,24,11,319,233,73.04,86,26.96
2412,24,12,374,254,67.91,120,32.09
2413,24,13,337,242,71.81,95,28.19
2414,24,14,252,186,73.81,66,26.19
2415,24,15,312,210,67.31,102,32.69
2416,24,16,417,251,60.19,166,39.81
2417,24,17,241,163,67.63,78,32.37
2418,24,18,404,232,57.43,172,42.57
2419,24,19,940,445,47.34,495,52.66
2501,25,1,288,183,63.54,105,36.46
2502,25,2,205,125,60.98,80,39.02
2503,25,3,290,168,57.93,122,42.07
2504,25,4,344,192,55.81,152,44.19
2505,25,5,420,249,59.29,171,40.71
2506,25,6,459,241,52.51,218,47.49
2507,25,7,445,236,53.03,209,46.97
2508,25,8,419,236,56.32,183,43.68
2509,25,9,464,261,56.25,203,43.75
2510,25,10,500,270,54.0,230,46.0
2511,25,11,450,266,59.11,184,40.89
2512,25,12,406,230,56.65,176,43.35
2513,25,13,591,370,62.61,221,37.39
2514,25,14,573,318,55.5,255,44.5
2515,25,15,459,326,71.02,133,28.98
2516,25,16,577,315,54.59,262,45.41
2517,25,17,249,157,63.05,92,36.95
2601,26,1,176,108,61.36,68,38.64
2602,26,2,239,135,56.49,104,43.51
2603,26,3,434,243,55.99,191,44.01
2604,26,4,240,157,65.42,83,34.58
2605,26,5,327,174,53.21,153,46.79
2606,26,6,199,104,52.26,95,47.74
2607,26,7,309,159,51.46,150,48.54
2608,26,8,224,131,58.48,93,41.52
2609,26,9,218,129,59.17,89,40.83
2610,26,10,252,136,53.97,116,46.03
2611,26,11,235,124,52.77,111,47.23
2612,26,12,98,54,55.1,44,44.9
2613,26,13,196,102,52.04,94,47.96
2614,26,14,136,86,63.24,50,36.76
2615,26,15,165,92,55.76,73,44.24
2616,26,16,388,196,50.52,192,49.48
2617,26,17,351,165,47.01,186,52.99
2618,26,18,167,106,63.47,61,36.53
2619,26,19,397,211,53.15,186,46.85
2620,26,20,428,225,52.57,203,47.43
2621,26,21,189,124,65.61,65,34.39
2622,26,22,149,86,57.72,63,42.28
2623,26,23,337,183,54.3,154,45.7
2624,26,24,160,98,61.25,62,38.75
2625,26,25,365,205,56.16,160,43.84
2626,26,26,393,200,50.89,193,49.11
2627,26,27,447,236,52.8,211,47.2
2628,26,28,397,208,52.39,189,47.61
2629,26,29,387,209,54.01,178,45.99
2630,26,30,227,117,51.54,110,48.46
2631,26,31,229,154,67.25,75,32.75
2632,26,32,330,193,58.48,137,41.52
2701,27,1,440,284,64.55,156,35.45
2702,27,2,579,408,70.47,171,29.53
2703,27,3,247,164,66.4,83,33.6
2704,27,4,395,262,66.33,133,33.67
2705,27,5,245,148,60.41,97,39.59
2706,27,6,506,346,68.38,160,31.62
2707,27,7,672,442,65.77,230,34.23
2708,27,8,161,109,67.7,52,32.3
2709,27,9,459,337,73.42,122,26.58
2710,27,10,263,193,73.38,70,26.62
2711,27,11,490,327,66.73,163,33.27
2712,27,12,360,248,68.89,112,31.11
2713,27,13,403,259,64.27,144,35.73
2714,27,14,301,200,66.45,101,33.55
2715,27,15,396,275,69.44,121,30.56
2716,27,16,559,380,67.98,179,32.02
2717,27,17,207,133,64.25,74,35.75
2718,27,18,483,323,66.87,160,33.13
2719,27,19,146,93,63.7,53,36.3
2720,27,20,264,184,69.7,80,30.3
2721,27,21,200,142,71.0,58,29.0
2722,27,22,281,190,67.62,91,32.38
2723,27,23,252,177,70.24,75,29.76
2724,27,24,151,112,74.17,39,25.83
2725,27,25,376,246,65.43,130,34.57
2726,27,26,408,273,66.91,135,33.09
2727,27,27,296,190,64.19,106,35.81
2728,27,28,340,245,72.06,95,27.94
2729,27,29,686,453,66.03,233,33.97
2801,28,1,218,153,70.18,65,29.82
2802,28,2,225,167,74.22,58,25.78
2803,28,3,70,49,70.0,21,30.0
2804,28,4,191,139,72.77,52,27.23
2805,28,5,169,125,73.96,44,26.04
2806,28,6,327,221,67.58,106,32.42
2807,28,7,151,87,57.62,64,42.38
2808,28,8,290,212,73.1,78,26.9
2809,28,9,148,96,64.86,52,35.14
2810,28,10,108,73,67.59,35,32.41
2811,28,11,449,287,63.92,162,36.08
2812,28,12,590,375,63.56,215,36.44
2813,28,13,460,345,75.0,115,25.0
2814,28,14,351,236,67.24,115,32.76
2815,28,15,203,139,68.47,64,31.53
2816,28,16,445,284,63.82,161,36.18
2817,28,17,244,157,64.34,87,35.66
2818,28,18,282,211,74.82,71,25.18
2819,28,19,287,219,76.31,68,23.69
2820,28,20,232,143,61.64,89,38.36
2821,28,21,237,165,69.62,72,30.38
2822,28,22,208,152,73.08,56,26.92
2823,28,23,279,206,73.84,73,26.16
2824,28,24,228,169,74.12,59,25.88
2825,28,25,396,292,73.74,104,26.26
2826,28,26,140,102,72.86,38,27.14
2901,29,1,469,288,61.41,181,38.59
2902,29,2,378,249,65.87,129,34.13
2903,29,3,319,205,64.26,114,35.74
2904,29,4,356,214,60.11,142,39.89
2905,29,5,357,242,67.79,115,32.21
2906,29,6,290,192,66.21,98,33.79
2907,29,7,573,385,67.19,188,32.81
2908,29,8,729,530,72.7,199,27.3
2909,29,9,315,228,72.38,87,27.62
2910,29,10,449,340,75.72,109,24.28
2911,29,11,387,275,71.06,112,28.94
2912,29,12,481,349,72.56,132,27.44
2913,29,13,470,339,72.13,131,27.87
2914,29,14,388,261,67.27,127,32.73
2915,29,15,382,246,64.4,136,35.6
2916,29,16,437,322,73.68,115,26.32
2917,29,17,272,204,75.0,68,25.0
2918,29,18,404,272,67.33,132,32.67
2919,29,19,470,323,68.72,147,31.28
2920,29,20,273,191,69.96,82,30.04
2921,29,21,313,224,71.57,89,28.43
2922,29,22,427,307,71.9,120,28.1
2923,29,23,416,297,71.39,119,28.61
2924,29,24,336,247,73.51,89,26.49
3001,30,1,443,284,64.11,159,35.89
3002,30,2,311,201,64.63,110,35.37
3003,30,3,422,259,61.37,163,38.63
3004,30,4,318,197,61.95,121,38.05
3005,30,5,346,218,63.01,128,36.99
3006,30,6,411,287,69.83,124,30.17
3007,30,7,279,190,68.1,89,31.9
3008,30,8,496,273,55.04,223,44.96
3009,30,9,417,275,65.95,142,34.05
3010,30,10,333,199,59.76,134,40.24
3011,30,11,298,198,66.44,100,33.56
3012,30,12,392,252,64.29,140,35.71
3013,30,13,319,192,60.19,127,39.81
3014,30,14,367,230,62.67,137,37.33
3015,30,15,530,338,63.77,192,36.23
3016,30,16,275,184,66.91,91,33.09
3017,30,17,382,241,63.09,141,36.91
3018,30,18,342,204,59.65,138,40.35
3019,30,19,212,131,61.79,81,38.21
3020,30,20,285,170,59.65,115,40.35
3021,30,21,459,295,64.27,164,35.73
3022,30,22,453,280,61.81,173,38.19
3023,30,23,490,320,65.31,170,34.69
3024,30,24,397,254,63.98,143,36.02
3025,30,25,262,155,59.16,107,40.84
3026,30,26,504,279,55.36,225,44.64
3101,31,1,276,170,61.59,106,38.41
3102,31,2,450,232,51.56,218,48.44
3103,31,3,245,155,63.27,90,36.73
3104,31,4,318,182,57.23,136,42.77
3105,31,5,282,167,59.22,115,40.78
3106,31,6,227,132,58.15,95,41.85
3107,31,7,269,185,68.77,84,31.23
3108,31,8,377,236,62.6,141,37.4
3109,31,9,243,140,57.61,103,42.39
3110,31,10,387,234,60.47,153,39.53
3111,31,11,362,234,64.64,128,35.36
3112,31,12,427,279,65.34,148,34.66
3113,31,13,318,209,65.72,109,34.28
3114,31,14,308,199,64.61,109,35.39
3115,31,15,138,93,67.39,45,32.61
3116,31,16,199,118,59.3,81,40.7
3117,31,17,261,161,61.69,100,38.31
3118,31,18,213,145,68.08,68,31.92
3119,31,19,275,196,71.27,79,28.73
3120,31,20,272,178,65.44,94,34.56
3121,31,21,272,186,68.38,86,31.62
3122,31,22,115,70,60.87,45,39.13
3123,31,23,156,92,58.97,64,41.03
3201,32,1,985,675,68.53,310,31.47
3202,32,2,770,529,68.7,241,31.3
3203,32,3,532,358,67.29,174,32.71
3204,32,4,552,374,67.75,178,32.25
3205,32,5,419,287,68.5,132,31.5
3206,32,6,252,172,68.25,80,31.75
3207,32,7,551,379,68.78,172,31.22
3208,32,8,395,267,67.59,128,32.41
3209,32,9,384,261,67.97,123,32.03
3210,32,10,704,486,69.03,218,30.97
3211,32,11,442,312,70.59,130,29.41
3212,32,12,273,194,71.06,79,28.94
3213,32,13,182,119,65.38,63,34.62
3214,32,14,808,561,69.43,247,30.57
3215,32,15,785,577,73.5,208,26.5
3216,32,16,388,280,72.16,108,27.84
3217,32,17,728,488,67.03,240,32.97
3218,32,18,291,175,60.14,116,39.86
3219,32,19,351,225,64.1,126,35.9
3220,32,20,740,505,68.24,235,31.76
3221,32,21,746,473,63.4,273,36.6
3222,32,22,738,472,63.96,266,36.04
3223,32,23,495,305,61.62,190,38.38
3224,32,24,258,169,65.5,89,34.5
3225,32,25,537,365,67.97,172,32.03
3226,32,26,719,508,70.65,211,29.35
3227,32,27,697,494,70.88,203,29.12
3228,32,28,209,142,67.94,67,32.06
3229,32,29,558,374,67.03,184,32.97
3230,32,30,703,451,64.15,252,35.85
3301,33,1,771,481,62.39,290,37.61
3302,33,2,839,503,59.95,336,40.05
3303,33,3,581,371,63.86,210,36.14
3304,33,4,796,480,60.3,316,39.7
3305,33,5,641,403,62.87,238,37.13
3306,33,6,694,408,58.79,286,41.21
3307,33,7,652,415,63.65,237,36.35
3308,33,8,476,295,61.97,181,38.03
3309,33,9,469,283,60.34,186,39.66
3310,33,10,498,298,59.84,200,40.16
3311,33,11,395,253,64.05,142,35.95
3312,33,12,610,358,58.69,252,41.31
3313,33,13,526,307,58.37,219,41.63
3314,33,14,715,411,57.48,304,42.52
3315,33,15,514,283,55.06,231,44.94
3316,33,16,687,469,68.27,218,31.73
3317,33,17,631,366,58.0,265,42.0
3401,34,1,500,351,70.2,149,29.8
3402,34,2,312,208,66.67,104,33.33
3403,34,3,679,469,69.07,210,30.93
3404,34,4,389,292,75.06,97,24.94
3405,34,5,670,472,70.45,198,29.55
3406,34,6,461,343,74.4,118,25.6
3407,34,7,222,164,73.87,58,26.13
3408,34,8,367,245,66.76,122,33.24
3409,34,9,687,464,67.54,223,32.46
3410,34,10,281,211,75.09,70,24.91
3411,34,11,469,334,71.22,135,28.78
3412,34,12,478,335,70.08,143,29.92
3413,34,13,581,411,70.74,170,29.26
3414,34,14,555,401,72.25,154,27.75
3415,34,15,445,316,71.01,129,28.99
3416,34,16,717,489,68.2,228,31.8
3417,34,17,637,440,69.07,197,30.93
3418,34,18,588,402,68.37,186,31.63
3419,34,19,461,346,75.05,115,24.95
3420,34,20,599,458,76.46,141,23.54
3501,35,1,176,110,62.5,66,37.5
3502,35,2,423,272,64.3,151,35.7
3503,35,3,322,183,56.83,139,43.17
3504,35,4,484,294,60.74,190,39.26
3505,35,5,668,344,51.5,324,48.5
3506,35,6,970,485,50.0,485,50.0
3507,35,7,670,351,52.39,319,47.61
3508,35,8,449,247,55.01,202,44.99
3509,35,9,777,369,47.49,408,52.51
3510,35,10,489,252,51.53,237,48.47
3511,35,11,653,366,56.05,287,43.95
3512,35,12,818,404,49.39,414,50.61
3513,35,13,543,277,51.01,266,48.99
3514,35,14,490,255,52.04,235,47.96
3515,35,15,637,326,51.18,311,48.82
3516,35,16,848,441,52.0,407,48.0
3517,35,17,535,318,59.44,217,40.56
3518,35,18,352,188,53.41,164,46.59
3519,35,19,530,305,57.55,225,42.45
3520,35,20,307,186,60.59,121,39.41
3521,35,21,476,275,57.77,201,42.23
3522,35,22,636,433,68.08,203,31.92
3601,36,1,258,141,54.65,117,45.35
3602,36,2,319,199,62.38,120,37.62
3603,36,3,257,147,57.2,110,42.8
3604,36,4,310,197,63.55,113,36.45
3605,36,5,255,177,69.41,78,30.59
3606,36,6,201,121,60.2,80,39.8
3607,36,7,174,121,69.54,53,30.46
3608,36,8,138,91,65.94,47,34.06
3609,36,9,384,260,67.71,124,32.29
3610,36,10,281,176,62.63,105,37.37
3611,36,11,203,126,62.07,77,37.93
3612,36,12,148,90,60.81,58,39.19
3613,36,13,81,41,50.62,40,49.38
3614,36,14,259,147,56.76,112,43.24
3615,36,15,131,78,59.54,53,40.46
3616,36,16,97,66,68.04,31,31.96
3617,36,17,381,195,51.18,186,48.82
3618,36,18,438,224,51.14,214,48.86
3619,36,19,557,304,54.58,253,45.42
3620,36,20,632,330,52.22,302,47.78
3621,36,21,424,250,58.96,174,41.04
3622,36,22,548,297,54.2,251,45.8
3623,36,23,476,275,57.77,201,42.23
3624,36,24,512,307,59.96,205,40.04
3625,36,25,585,361,61.71,224,38.29
3626,36,26,516,313,60.66,203,39.34
3627,36,27,577,370,64.12,207,35.88
3701,37,1,367,244,66.49,123,33.51
3702,37,2,289,191,66.09,98,33.91
3703,37,3,319,234,73.35,85,26.65
3704,37,4,355,248,69.86,107,30.14
3705,37,5,245,159,64.9,86,35.1
3706,37,6,459,316,68.85,143,31.15
3707,37,7,292,200,68.49,92,31.51
3708,37,8,425,289,68.0,136,32.0
3709,37,9,169,128,75.74,41,24.26
3710,37,10,295,217,73.56,78,26.44
3711,37,11,299,192,64.21,107,35.79
3712,37,12,407,274,67.32,133,32.68
3713,37,13,252,163,64.68,89,35.32
3714,37,14,394,296,75.13,98,24.87
3715,37,15,319,232,72.73,87,27.27
3716,37,16,425,296,69.65,129,30.35
3717,37,17,250,176,70.4,74,29.6
3718,37,18,310,225,72.58,85,27.42
3719,37,19,265,182,68.68,83,31.32
3720,37,20,431,325,75.41,106,24.59
3721,37,21,234,168,71.79,66,28.21
3722,37,22,308,220,71.43,88,28.57
3801,38,1,612,310,50.65,302,49.35
3802,38,2,320,172,53.75,148,46.25
3803,38,3,456,237,51.97,219,48.03
3804,38,4,330,196,59.39,134,40.61
3805,38,5,521,294,56.43,227,43.57
3806,38,6,359,187,52.09,172,47.91
3807,38,7,423,240,56.74,183,43.26
3808,38,8,363,203,55.92,160,44.08
3809,38,9,367,231,62.94,136,37.06
3810,38,10,349,218,62.46,131,37.54
3811,38,11,405,264,65.19,141,34.81
3812,38,12,567,322,56.79,245,43.21
3813,38,13,296,185,62.5,111,37.5
3814,38,14,380,236,62.11,144,37.89
3815,38,15,325,196,60.31,129,39.69
3816,38,16,567,333,58.73,234,41.27
3817,38,17,481,305,63.41,176,36.59
3818,38,18,577,371,64.3,206,35.7
3819,38,19,586,373,63.65,213,36.35
3820,38,20,502,312,62.15,190,37.85
3821,38,21,640,389,60.78,251,39.22
3822,38,22,438,290,66.21,148,33.79
3823,38,23,602,368,61.13,234,38.87
3824,38,24,563,356,63.23,207,36.77
3825,38,25,658,434,65.96,224,34.04
3901,39,1,457,311,68.05,146,31.95
3902,39,2,218,166,76.15,52,23.85
3903,39,3,386,259,67.1,127,32.9
3904,39,4,505,305,60.4,200,39.6
3905,39,5,349,245,70.2,104,29.8
3906,39,6,279,168,60.22,111,39.78
3907,39,7,262,182,69.47,80,30.53
3908,39,8,262,171,65.27,91,34.73
3909,39,9,238,153,64.29,85,35.71
3910,39,10,340,199,58.53,141,41.47
3911,39,11,211,135,63.98,76,36.02
3912,39,12,419,290,69.21,129,30.79
3913,39,13,643,423,65.79,220,34.21
3914,39,14,637,381,59.81,256,40.19
3915,39,15,531,346,65.16,185,34.84
3916,39,16,284,176,61.97,108,38.03
3917,39,17,708,410,57.91,298,42.09
3918,39,18,318,170,53.46,148,46.54
3919,39,19,657,436,66.36,221,33.64
3920,39,20,431,235,54.52,196,45.48
3921,39,21,564,355,62.94,209,37.06
3922,39,22,278,178,64.03,100,35.97
3923,39,23,63,37,58.73,26,41.27
3924,39,24,425,265,62.35,160,37.65
3925,39,25,293,187,63.82,106,36.18
3926,39,26,256,172,67.19,84,32.81
3927,39,27,252,168,66.67,84,33.33
3928,39,28,269,182,67.66,87,32.34
3929,39,29,131,93,70.99,38,29.01
3930,39,30,236,140,59.32,96,40.68
3931,39,31,302,194,64.24,108,35.76
3932,39,32,740,450,60.81,290,39.19
3933,39,33,265,173,65.28,92,34.72
3934,39,34,296,193,65.2,103,34.8
3935,39,35,525,334,63.62,191,36.38
4001,40,1,499,367,73.55,132,26.45
4002,40,2,526,391,74.33,135,25.67
4003,40,3,464,333,71.77,131,28.23
4004,40,4,476,328,68.91,148,31.09
4005,40,5,391,263,67.26,128,32.74
4006,40,6,444,315,70.95,129,29.05
4007,40,7,490,319,65.1,171,34.9
4008,40,8,329,231,70.21,98,29.79
4009,40,9,579,368,63.56,211,36.44
4010,40,10,891,587,65.88,304,34.12
4011,40,11,545,348,63.85,197,36.15
4012,40,12,608,416,68.42,192,31.58
4013,40,13,631,418,66.24,213,33.76
4014,40,14,813,452,55.6,361,44.4
4015,40,15,608,391,64.31,217,35.69
4016,40,16,599,365,60.93,234,39.07
4017,40,17,641,423,65.99,218,34.01
4018,40,18,687,427,62.15,260,37.85
4019,40,19,601,376,62.56,225,37.44
4020,40,20,700,460,65.71,240,34.29
4021,40,21,631,384,60.86,247,39.14
4022,40,22,879,524,59.61,355,40.39
4023,40,23,915,590,64.48,325,35.52
4101,41,1,360,204,56.67,156,43.33
4102,41,2,245,151,61.63,94,38.37
4103,41,3,264,149,56.44,115,43.56
4104,41,4,364,192,52.75,172,47.25
4105,41,5,397,204,51.39,193,48.61
4106,41,6,376,207,55.05,169,44.95
4107,41,7,330,161,48.79,169,51.21
4108,41,8,334,179,53.59,155,46.41
4109,41,9,639,345,53.99,294,46.01
4110,41,10,529,279,52.74,250,47.26
4111,41,11,399,242,60.65,157,39.35
4112,41,12,252,130,51.59,122,48.41
4113,41,13,574,329,57.32,245,42.68
4114,41,14,656,356,54.27,300,45.73
4115,41,15,828,427,51.57,401,48.43
4116,41,16,282,161,57.09,121,42.91
4117,41,17,189,104,55.03,85,44.97
4118,41,18,609,358,58.78,251,41.22
4119,41,19,304,177,58.22,127,41.78
4120,41,20,334,168,50.3,166,49.7
4121,41,21,335,184,54.93,151,45.07
4122,41,22,269,138,51.3,131,48.7
4123,41,23,386,208,53.89,178,46.11
4124,41,24,602,322,53.49,280,46.51
4125,41,25,524,242,46.18,282,53.82
4126,41,26,656,375,57.16,281,42.84
4127,41,27,468,269,57.48,199,42.52
4128,41,28,776,455,58.63,321,41.37
4129,41,29,808,486,60.15,322,39.85
4130,41,30,629,319,50.72,310,49.28
4131,41,31,555,268,48.29,287,51.71
4201,42,1,255,186,72.94,69,27.06
4202,42,2,239,168,70.29,71,29.71
4203,42,3,657,488,74.28,169,25.72
4204,42,4,556,388,69.78,168,30.22
4205,42,5,782,571,73.02,211,26.98
4206,42,6,334,254,76.05,80,23.95
4207,42,7,520,375,72.12,145,27.88
4208,42,8,352,246,69.89,106,30.11
4209,42,9,591,419,70.9,172,29.1
4210,42,10,384,255,66.41,129,33.59
4211,42,11,436,305,69.95,131,30.05
4212,42,12,343,237,69.1,106,30.9
4213,42,13,260,175,67.31,85,32.69
4214,42,14,200,142,71.0,58,29.0
4215,42,15,187,132,70.59,55,29.41
4216,42,16,642,446,69.47,196,30.53
4217,42,17,705,504,71.49,201,28.51
4218,42,18,393,281,71.5,112,28.5
4219,42,19,572,426,74.48,146,25.52
4220,42,20,589,420,71.31,169,28.69
4221,42,21,647,476,73.57,171,26.43
4222,42,22,636,425,66.82,211,33.18
4223,42,23,656,499,76.07,157,23.93
4224,42,24,670,514,76.72,156,23.28
4301,43,1,645,485,75.19,160,24.81
4302,43,2,758,585,77.18,173,22.82
4303,43,3,249,182,73.09,67,26.91
4304,43,4,507,383,75.54,124,24.46
4305,43,5,807,625,77.45,182,22.55
4306,43,6,944,701,74.26,243,25.74
4307,43,7,846,601,71.04,245,28.96
4308,43,8,702,493,70.23,209,29.77
4309,43,9,931,692,74.33,239,25.67
4310,43,10,595,442,74.29,153,25.71
4311,43,11,399,279,69.92,120,30.08
4312,43,12,756,551,72.88,205,27.12
4313,43,13,589,440,74.7,149,25.3
4314,43,14,343,253,73.76,90,26.24
4315,43,15,756,570,75.4,186,24.6
4316,43,16,299,218,72.91,81,27.09
4317,43,17,724,503,69.48,221,30.52
4318,43,18,856,617,72.08,239,27.92
4319,43,19,794,569,71.66,225,28.34
4320,43,20,668,513,76.8,155,23.2
4321,43,21,351,255,72.65,96,27.35
4322,43,22,821,602,73.33,219,26.67
4323,43,23,560,421,75.18,139,24.82
4401,44,1,825,580,70.3,245,29.7
4402,44,2,549,367,66.85,182,33.15
4403,44,3,704,547,77.7,157,22.3
4404,44,4,925,711,76.86,214,23.14
4405,44,5,727,493,67.81,234,32.19
4406,44,6,655,425,64.89,230,35.11
4407,44,7,682,458,67.16,224,32.84
4408,44,8,718,506,70.47,212,29.53
4409,44,9,959,644,67.15,315,32.85
4410,44,10,906,638,70.42,268,29.58
4411,44,11,728,469,64.42,259,35.58
4412,44,12,881,627,71.17,254,28.83
4413,44,13,872,561,64.33,311,35.67
4414,44,14,825,558,67.64,267,32.36
4415,44,15,918,634,69.06,284,30.94
4416,44,16,915,616,67.32,299,32.68
4417,44,17,932,654,70.17,278,29.83
4418,44,18,647,427,66.0,220,34.0
4419,44,19,873,565,64.72,308,35.28
4420,44,20,554,364,65.7,190,34.3
4421,44,21,913,612,67.03,301,32.97
4501,45,1,783,446,56.96,337,43.04
4502,45,2,414,266,64.25,148,35.75
4503,45,3,237,133,56.12,104,43.88
4504,45,4,296,173,58.45,123,41.55
4505,45,5,434,292,67.28,142,32.72
4506,45,6,508,294,57.87,214,42.13
4507,45,7,499,296,59.32,203,40.68
4508,45,8,420,241,57.38,179,42.62
4509,45,9,452,273,60.4,179,39.6
4510,45,10,471,246,52.23,225,47.77
4511,45,11,625,353,56.48,272,43.52
4512,45,12,396,237,59.85,159,40.15
4513,45,13,606,365,60.23,241,39.77
4514,45,14,346,212,61.27,134,38.73
4515,45,15,429,274,63.87,155,36.13
4516,45,16,513,339,66.08,174,33.92
4517,45,17,567,340,59.96,227,40.04
4518,45,18,554,360,64.98,194,35.02
4519,45,19,350,221,63.14,129,36.86
4520,45,20,475,311,65.47,164,34.53
4521,45,21,412,267,64.81,145,35.19
4522,45,22,534,337,63.11,197,36.89
4523,45,23,528,308,58.33,220,41.67
4524,45,24,448,273,60.94,175,39.06
4525,45,25,633,397,62.72,236,37.28
4526,45,26,473,297,62.79,176,37.21
4527,45,27,583,386,66.21,197,33.79
4528,45,28,511,322,63.01,189,36.99
4529,45,29,521,314,60.27,207,39.73
4601,46,1,645,464,71.94,181,28.06
4602,46,2,609,409,67.16,200,32.84
4603,46,3,721,444,61.58,277,38.42
4604,46,4,832,574,68.99,258,31.01
4605,46,5,672,491,73.07,181,26.93
4606,46,6,1016,670,65.94,346,34.06
4607,46,7,622,425,68.33,197,31.67
4608,46,8,796,522,65.58,274,34.42
4609,46,9,770,560,72.73,210,27.27
4610,46,10,710,404,56.9,306,43.1
4611,46,11,813,507,62.36,306,37.64
4612,46,12,991,696,70.23,295,29.77
4613,46,13,875,552,63.09,323,36.91
4614,46,14,479,302,63.05,177,36.95
4615,46,15,927,660,71.2,267,28.8
4616,46,16,677,436,64.4,241,35.6
4617,46,17,885,552,62.37,333,37.63
4618,46,18,820,503,61.34,317,38.66
4619,46,19,640,401,62.66,239,37.34
4620,46,20,587,397,67.63,190,32.37
4621,46,21,453,319,70.42,134,29.58
4622,46,22,555,381,68.65,174,31.35
4623,46,23,479,306,63.88,173,36.12
4701,47,1,658,414,62.92,244,37.08
4702,47,2,622,366,58.84,256,41.16
4703,47,3,617,377,61.1,240,38.9
4704,47,4,800,483,60.38,317,39.63
4705,47,5,914,504,55.14,410,44.86
4706,47,6,777,468,60.23,309,39.77
4707,47,7,1137,723,63.59,414,36.41
4708,47,8,713,418,58.63,295,41.37
4709,47,9,884,560,63.35,324,36.65
4710,47,10,768,445,57.94,323,42.06
4711,47,11,681,451,66.23,230,33.77
4712,47,12,506,341,67.39,165,32.61
4713,47,13,536,351,65.49,185,34.51
4714,47,14,670,446,66.57,224,33.43
4715,47,15,685,512,74.74,173,25.26
4716,47,16,719,493,68.57,226,31.43
4717,47,17,617,406,65.8,211,34.2
4718,47,18,791,482,60.94,309,39.06
4719,47,19,783,508,64.88,275,35.12
4720,47,20,757,510,67.37,247,32.63
4721,47,21,759,527,69.43,232,30.57
4722,47,22,620,417,67.26,203,32.74
4723,47,23,740,470,63.51,270,36.49
4724,47,24,864,551,63.77,313,36.23
4725,47,25,676,461,68.2,215,31.8
4726,47,26,848,601,70.87,247,29.13
4727,47,27,774,569,73.51,205,26.49
4728,47,28,553,393,71.07,160,28.93
4801,48,1,792,479,60.48,313,39.52
4802,48,2,245,179,73.06,66,26.94
4803,48,3,415,272,65.54,143,34.46
4804,48,4,453,280,61.81,173,38.19
4805,48,5,254,204,80.31,50,19.69
4806,48,6,627,411,65.55,216,34.45
4807,48,7,624,407,65.22,217,34.78
4808,48,8,387,286,73.9,101,26.1
4809,48,9,284,210,73.94,74,26.06
4810,48,10,748,457,61.1,291,38.9
4811,48,11,464,318,68.53,146,31.47
4812,48,12,655,418,63.82,237,36.18
4813,48,13,491,362,73.73,129,26.27
4814,48,14,575,409,71.13,166,28.87
4815,48,15,445,275,61.8,170,38.2
4816,48,16,359,230,64.07,129,35.93
4817,48,17,188,137,72.87,51,27.13
4818,48,18,611,374,61.21,237,38.79
4819,48,19,334,230,68.86,104,31.14
4820,48,20,234,183,78.21,51,21.79
4821,48,21,541,335,61.92,206,38.08
4822,48,22,309,246,79.61,63,20.39
4823,48,23,376,292,77.66,84,22.34
4824,48,24,749,487,65.02,262,34.98
4825,48,25,636,384,60.38,252,39.62
4826,48,26,328,237,72.26,91,27.74
4827,48,27,382,261,68.32,121,31.68
4828,48,28,535,303,56.64,232,43.36
4829,48,29,181,135,74.59,46,25.41
4830,48,30,568,381,67.08,187,32.92
4831,48,31,585,340,58.12,245,41.88
4832,48,32,451,298,66.08,153,33.92
4833,48,33,222,168,75.68,54,24.32
4834,48,34,443,265,59.82,178,40.18
4835,48,35,717,484,67.5,233,32.5
4901,49,1,669,431,64.42,238,35.58
4902,49,2,568,390,68.66,178,31.34
4903,49,3,784,543,69.26,241,30.74
4904,49,4,767,459,59.84,308,40.16
4905,49,5,832,543,65.26,289,34.74
4906,49,6,77,59,76.62,18,23.38
4907,49,7,805,532,66.09,273,33.91
4908,49,8,978,585,59.82,393,40.18
4909,49,9,876,483,55.14,393,44.86
4910,49,10,574,401,69.86,173,30.14
4911,49,11,628,455,72.45,173,27.55
4912,49,12,568,399,70.25,169,29.75
4913,49,13,711,511,71.87,200,28.13
4914,49,14,858,584,68.07,274,31.93
4915,49,15,779,486,62.39,293,37.61
4916,49,16,724,396,54.7,328,45.3
4917,49,17,835,509,60.96,326,39.04
5001,50,1,303,221,72.94,82,27.06
5002,50,2,351,230,65.53,121,34.47
5003,50,3,282,193,68.44,89,31.56
5004,50,4,350,242,69.14,108,30.86
5005,50,5,503,346,68.79,157,31.21
5006,50,6,243,163,67.08,80,32.92
5007,50,7,643,460,71.54,183,28.46
5008,50,8,440,325,73.86,115,26.14
5009,50,9,118,96,81.36,22,18.64
5010,50,10,255,173,67.84,82,32.16
5011,50,11,298,216,72.48,82,27.52
5012,50,12,116,76,65.52,40,34.48
5013,50,13,452,318,70.35,134,29.65
5014,50,14,86,54,62.79,32,37.21
5015,50,15,448,318,70.98,130,29.02
5016,50,16,82,52,63.41,30,36.59
5017,50,17,208,144,69.23,64,30.77
5018,50,18,32,17,53.13,15,46.88
5019,50,19,192,135,70.31,57,29.69
5020,50,20,183,135,73.77,48,26.23
5021,50,21,404,295,73.02,109,26.98
5022,50,22,340,222,65.29,118,34.71
5023,50,23,290,187,64.48,103,35.52
5024,50,24,346,220,63.58,126,36.42
5025,50,25,103,77,74.76,26,25.24
5026,50,26,177,129,72.88,48,27.12
5027,50,27,76,49,64.47,27,35.53
5028,50,28,461,325,70.5,136,29.5
