id,ward,precinct,total,Yes,Yes Percent,No,No Percent
0101,1,1,727,653,89.82,74,10.18
0102,1,2,685,613,89.49,72,10.51
0103,1,3,778,688,88.43,90,11.57
0104,1,4,696,637,91.52,59,8.48
0105,1,5,708,622,87.85,86,12.15
0106,1,6,612,548,89.54,64,10.46
0107,1,7,737,662,89.82,75,10.18
0108,1,8,665,595,89.47,70,10.53
0109,1,9,335,297,88.66,38,11.34
0110,1,10,870,780,89.66,90,10.34
0111,1,11,664,585,88.1,79,11.9
0112,1,12,286,246,86.01,40,13.99
0113,1,13,468,416,88.89,52,11.11
0114,1,14,399,352,88.22,47,11.78
0115,1,15,695,633,91.08,62,8.92
0116,1,16,661,584,88.35,77,11.65
0117,1,17,430,381,88.6,49,11.4
0118,1,18,621,560,90.18,61,9.82
0119,1,19,583,515,88.34,68,11.66
0120,1,20,533,478,89.68,55,10.32
0121,1,21,563,492,87.39,71,12.61
0122,1,22,754,677,89.79,77,10.21
0123,1,23,384,326,84.9,58,15.1
0124,1,24,835,751,89.94,84,10.06
0125,1,25,694,608,87.61,86,12.39
0126,1,26,618,530,85.76,88,14.24
0201,2,1,640,540,84.38,100,15.63
0202,2,2,749,632,84.38,117,15.62
0203,2,3,474,408,86.08,66,13.92
0204,2,4,517,442,85.49,75,14.51
0205,2,5,496,416,83.87,80,16.13
0206,2,6,718,597,83.15,121,16.85
0207,2,7,635,524,82.52,111,17.48
0208,2,8,496,410,82.66,86,17.34
0209,2,9,733,604,82.4,129,17.6
0210,2,10,322,271,84.16,51,15.84
0211,2,11,542,461,85.06,81,14.94
0212,2,12,502,408,81.27,94,18.73
0213,2,13,665,553,83.16,112,16.84
0214,2,14,385,329,85.45,56,14.55
0215,2,15,551,456,82.76,95,17.24
0216,2,16,636,545,85.69,91,14.31
0217,2,17,908,784,86.34,124,13.66
0218,2,18,526,448,85.17,78,14.83
0219,2,19,301,273,90.7,28,9.3
0220,2,20,382,305,79.84,77,20.16
0221,2,21,115,84,73.04,31,26.96
0222,2,22,441,374,84.81,67,15.19
0223,2,23,480,418,87.08,62,12.92
0224,2,24,392,319,81.38,73,18.62
0225,2,25,591,490,82.91,101,17.09
0301,3,1,568,426,75.0,142,25.0
0302,3,2,560,476,85.0,84,15.0
0303,3,3,392,324,82.65,68,17.35
0304,3,4,426,344,80.75,82,19.25
0305,3,5,111,85,76.58,26,23.42
0306,3,6,582,466,80.07,116,19.93
0307,3,7,273,226,82.78,47,17.22
0308,3,8,440,327,74.32,113,25.68
0309,3,9,358,325,90.78,33,9.22
0310,3,10,385,322,83.64,63,16.36
0311,3,11,605,498,82.31,107,17.69
0312,3,12,448,356,79.46,92,20.54
0313,3,13,657,553,84.17,104,15.83
0314,3,14,762,643,84.38,119,15.62
0315,3,15,448,369,82.37,79,17.63
0316,3,16,273,241,88.28,32,11.72
0317,3,17,157,123,78.34,34,21.66
0318,3,18,173,128,73.99,45,26.01
0319,3,19,777,671,86.36,106,13.64
0320,3,20,501,399,79.64,102,20.36
0321,3,21,494,417,84.41,77,15.59
0322,3,22,379,322,84.96,57,15.04
0323,3,23,279,223,79.93,56,20.07
0324,3,24,102,82,80.39,20,19.61
0325,3,25,754,635,84.22,119,15.78
0326,3,26,257,192,74.71,65,25.29
0327,3,27,640,532,83.13,108,16.88
0401,4,1,690,615,89.13,75,10.87
0402,4,2,248,210,84.68,38,15.32
0403,4,3,461,411,89.15,50,10.85
0404,4,4,562,465,82.74,97,17.26
0405,4,5,276,234,84.78,42,15.22
0406,4,6,405,343,84.69,62,15.31
0407,4,7,289,245,84.78,44,15.22
0408,4,8,422,355,84.12,67,15.88
0409,4,9,444,352,79.28,92,20.72
0410,4,10,403,351,87.1,52,12.9
0411,4,11,544,450,82.72,94,17.28
0412,4,12,338,270,79.88,68,20.12
0413,4,13,366,306,83.61,60,16.39
0414,4,14,308,256,83.12,52,16.88
0415,4,15,329,283,86.02,46,13.98
0416,4,16,462,380,82.25,82,17.75
0417,4,17,585,484,82.74,101,17.26
0418,4,18,187,141,75.4,46,24.6
0419,4,19,384,305,79.43,79,20.57
0420,4,20,562,474,84.34,88,15.66
0421,4,21,367,315,85.83,52,14.17
0422,4,22,187,157,83.96,30,16.04
0423,4,23,334,269,80.54,65,19.46
0424,4,24,623,514,82.5,109,17.5
0425,4,25,766,658,85.9,108,14.1
0426,4,26,670,593,88.51,77,11.49
0427,4,27,740,616,83.24,124,16.76
0428,4,28,759,660,86.96,99,13.04
0501,5,1,518,434,83.78,84,16.22
0502,5,2,616,509,82.63,107,17.37
0503,5,3,568,465,81.87,103,18.13
0504,5,4,463,373,80.56,90,19.44
0505,5,5,245,205,83.67,40,16.33
0506,5,6,223,188,84.3,35,15.7
0507,5,7,128,101,78.91,27,21.09
0508,5,8,174,141,81.03,33,18.97
0509,5,9,162,124,76.54,38,23.46
0510,5,10,261,208,79.69,53,20.31
0511,5,11,343,265,77.26,78,22.74
0512,5,12,602,558,92.69,44,7.31
0513,5,13,264,216,81.82,48,18.18
0514,5,14,282,235,83.33,47,16.67
0515,5,15,881,797,90.47,84,9.53
0516,5,16,544,492,90.44,52,9.56
0517,5,17,386,346,89.64,40,10.36
0518,5,18,805,701,87.08,104,12.92
0519,5,19,353,314,88.95,39,11.05
0520,5,20,604,531,87.91,73,12.09
0521,5,21,507,459,90.53,48,9.47
0522,5,22,607,543,89.46,64,10.54
0523,5,23,322,283,87.89,39,12.11
0524,5,24,316,295,93.35,21,6.65
0525,5,25,794,744,93.7,50,6.3
0601,6,1,158,121,76.58,37,23.42
0602,6,2,206,171,83.01,35,16.99
0603,6,3,66,44,66.67,22,33.33
0604,6,4,161,125,77.64,36,22.36
0605,6,5,288,229,79.51,59,20.49
0606,6,6,263,209,79.47,54,20.53
0607,6,7,334,263,78.74,71,21.26
0608,6,8,256,205,80.08,51,19.92
0609,6,9,536,438,81.72,98,18.28
0610,6,10,128,99,77.34,29,22.66
0611,6,11,148,119,80.41,29,19.59
0612,6,12,357,278,77.87,79,22.13
0613,6,13,462,369,79.87,93,20.13
0614,6,14,433,364,84.06,69,15.94
0615,6,15,456,359,78.73,97,21.27
0616,6,16,296,234,79.05,62,20.95
0617,6,17,516,402,77.91,114,22.09
0618,6,18,601,507,84.36,94,15.64
0619,6,19,378,293,77.51,85,22.49
0620,6,20,643,532,82.74,111,17.26
0621,6,21,476,371,77.94,105,22.06
0622,6,22,643,511,79.47,132,20.53
0623,6,23,614,506,82.41,108,17.59
0624,6,24,557,469,84.2,88,15.8
0625,6,25,404,351,86.88,53,13.12
0626,6,26,705,584,82.84,121,17.16
0627,6,27,629,506,80.45,123,19.55
0701,7,1,469,373,79.53,96,20.47
0702,7,2,609,512,84.07,97,15.93
0703,7,3,327,244,74.62,83,25.38
0704,7,4,389,313,80.46,76,19.54
0705,7,5,534,439,82.21,95,17.79
0706,7,6,141,113,80.14,28,19.86
0707,7,7,322,251,77.95,71,22.05
0708,7,8,213,170,79.81,43,20.19
0709,7,9,356,280,78.65,76,21.35
0710,7,10,503,415,82.5,88,17.5
0711,7,11,424,346,81.6,78,18.4
0712,7,12,516,417,80.81,99,19.19
0713,7,13,362,278,76.8,84,23.2
0714,7,14,310,250,80.65,60,19.35
0715,7,15,478,381,79.71,97,20.29
0716,7,16,159,131,82.39,28,17.61
0717,7,17,126,102,80.95,24,19.05
0718,7,18,63,56,88.89,7,11.11
0719,7,19,616,512,83.12,104,16.88
0720,7,20,342,274,80.12,68,19.88
0721,7,21,251,206,82.07,45,17.93
0722,7,22,292,247,84.59,45,15.41
0723,7,23,211,170,80.57,41,19.43
0724,7,24,63,49,77.78,14,22.22
0725,7,25,324,261,80.56,63,19.44
0726,7,26,472,393,83.26,79,16.74
0727,7,27,276,230,83.33,46,16.67
0728,7,28,183,144,78.69,39,21.31
0729,7,29,264,211,79.92,53,20.08
0730,7,30,236,193,81.78,43,18.22
0731,7,31,108,94,87.04,14,12.96
0801,8,1,493,391,79.31,102,20.69
0802,8,2,242,201,83.06,41,16.94
0803,8,3,197,165,83.76,32,16.24
0804,8,4,453,368,81.24,85,18.76
0805,8,5,321,270,84.11,51,15.89
0806,8,6,562,460,81.85,102,18.15
0807,8,7,323,267,82.66,56,17.34
0808,8,8,690,601,87.1,89,12.9
0809,8,9,440,354,80.45,86,19.55
0810,8,10,507,392,77.32,115,22.68
0811,8,11,414,338,81.64,76,18.36
0812,8,12,470,412,87.66,58,12.34
0813,8,13,449,386,85.97,63,14.03
0814,8,14,500,428,85.6,72,14.4
0815,8,15,385,320,83.12,65,16.88
0816,8,16,349,281,80.52,68,19.48
0817,8,17,587,509,86.71,78,13.29
0818,8,18,769,654,85.05,115,14.95
0819,8,19,613,496,80.91,117,19.09
0820,8,20,267,210,78.65,57,21.35
0821,8,21,229,175,76.42,54,23.58
0822,8,22,229,191,83.41,38,16.59
0823,8,23,586,479,81.74,107,18.26
0824,8,24,425,357,84.0,68,16.0
0825,8,25,168,139,82.74,29,17.26
0826,8,26,345,276,80.0,69,20.0
0827,8,27,457,370,80.96,87,19.04
0828,8,28,313,234,74.76,79,25.24
0829,8,29,303,263,86.8,40,13.2
0830,8,30,394,317,80.46,77,19.54
0901,9,1,487,378,77.62,109,22.38
0902,9,2,325,261,80.31,64,19.69
0903,9,3,166,125,75.3,41,24.7
0904,9,4,356,286,80.34,70,19.66
0905,9,5,359,281,78.27,78,21.73
0906,9,6,613,511,83.36,102,16.64
0907,9,7,463,361,77.97,102,22.03
0908,9,8,469,372,79.32,97,20.68
0909,9,9,274,210,76.64,64,23.36
0910,9,10,575,471,81.91,104,18.09
0911,9,11,190,148,77.89,42,22.11
0912,9,12,516,425,82.36,91,17.64
0913,9,13,503,411,81.71,92,18.29
0914,9,14,286,236,82.52,50,17.48
0915,9,15,380,312,82.11,68,17.89
0916,9,16,530,410,77.36,120,22.64
0917,9,17,168,135,80.36,33,19.64
0918,9,18,271,222,81.92,49,18.08
0919,9,19,226,183,80.97,43,19.03
0920,9,20,416,315,75.72,101,24.28
0921,9,21,480,383,79.79,97,20.21
0922,9,22,331,269,81.27,62,18.73
0923,9,23,273,224,82.05,49,17.95
0924,9,24,407,332,81.57,75,18.43
0925,9,25,311,262,84.24,49,15.76
0926,9,26,455,367,80.66,88,19.34
0927,9,27,253,200,79.05,53,20.95
0928,9,28,205,152,74.15,53,25.85
0929,9,29,608,492,80.92,116,19.08
0930,9,30,482,387,80.29,95,19.71
1001,10,1,128,106,82.81,22,17.19
1002,10,2,145,108,74.48,37,25.52
1003,10,3,259,206,79.54,53,20.46
1004,10,4,290,226,77.93,64,22.07
1005,10,5,114,87,76.32,27,23.68
1006,10,6,137,114,83.21,23,16.79
1007,10,7,264,195,73.86,69,26.14
1008,10,8,257,198,77.04,59,22.96
1009,10,9,289,227,78.55,62,21.45
1010,10,10,305,235,77.05,70,22.95
1011,10,11,110,87,79.09,23,20.91
1012,10,12,282,235,83.33,47,16.67
1013,10,13,312,250,80.13,62,19.87
1014,10,14,405,305,75.31,100,24.69
1015,10,15,362,280,77.35,82,22.65
1016,10,16,438,308,70.32,130,29.68
1017,10,17,394,284,72.08,110,27.92
1018,10,18,478,306,64.02,172,35.98
1019,10,19,278,199,71.58,79,28.42
1020,10,20,190,142,74.74,48,25.26
1021,10,21,232,156,67.24,76,32.76
1022,10,22,415,283,68.19,132,31.81
1023,10,23,280,224,80.0,56,20.0
1024,10,24,127,89,70.08,38,29.92
1025,10,25,219,163,74.43,56,25.57
1101,11,1,142,115,80.99,27,19.01
1102,11,2,73,62,84.93,11,15.07
1103,11,3,410,315,76.83,95,23.17
1104,11,4,312,235,75.32,77,24.68
1105,11,5,336,256,76.19,80,23.81
1106,11,6,419,316,75.42,103,24.58
1107,11,7,219,169,77.17,50,22.83
1108,11,8,363,249,68.6,114,31.4
1109,11,9,407,302,74.2,105,25.8
1110,11,10,73,45,61.64,28,38.36
1111,11,11,62,48,77.42,14,22.58
1112,11,12,123,92,74.8,31,25.2
1113,11,13,349,269,77.08,80,22.92
1114,11,14,694,533,76.8,161,23.2
1115,11,15,516,428,82.95,88,17.05
1116,11,16,608,484,79.61,124,20.39
1117,11,17,278,207,74.46,71,25.54
1118,11,18,384,307,79.95,77,20.05
1119,11,19,125,89,71.2,36,28.8
1120,11,20,375,305,81.33,70,18.67
1121,11,21,646,514,79.57,132,20.43
1122,11,22,414,306,73.91,108,26.09
1123,11,23,461,345,74.84,116,25.16
1201,12,1,243,190,78.19,53,21.81
1202,12,2,171,133,77.78,38,22.22
1203,12,3,323,250,77.4,73,22.6
1204,12,4,269,209,77.7,60,22.3
1205,12,5,257,190,73.93,67,26.07
1206,12,6,228,169,74.12,59,25.88
1207,12,7,236,179,75.85,57,24.15
1208,12,8,231,184,79.65,47,20.35
1209,12,9,133,98,73.68,35,26.32
1210,12,10,274,201,73.36,73,26.64
1211,12,11,206,159,77.18,47,22.82
1212,12,12,169,122,72.19,47,27.81
1213,12,13,187,142,75.94,45,24.06
1214,12,14,110,88,80.0,22,20.0
1215,12,15,239,182,76.15,57,23.85
1216,12,16,264,208,78.79,56,21.21
1217,12,17,222,176,79.28,46,20.72
1218,12,18,246,199,80.89,47,19.11
1219,12,19,151,118,78.15,33,21.85
1220,12,20,200,162,81.0,38,19.0
1221,12,21,200,150,75.0,50,25.0
1222,12,22,194,149,76.8,45,23.2
1301,13,1,224,174,77.68,50,22.32
1302,13,2,271,211,77.86,60,22.14
1303,13,3,379,212,55.94,167,44.06
1304,13,4,296,231,78.04,65,21.96
1305,13,5,266,185,69.55,81,30.45
1306,13,6,281,182,64.77,99,35.23
1307,13,7,211,141,66.82,70,33.18
1308,13,8,340,264,77.65,76,22.35
1309,13,9,397,257,64.74,140,35.26
1310,13,10,376,238,63.3,138,36.7
1311,13,11,217,134,61.75,83,38.25
1312,13,12,205,148,72.2,57,27.8
1313,13,13,268,167,62.31,101,37.69
1314,13,14,239,154,64.44,85,35.56
1315,13,15,195,119,61.03,76,38.97
1316,13,16,309,221,71.52,88,28.48
1317,13,17,332,252,75.9,80,24.1
1318,13,18,232,176,75.86,56,24.14
1319,13,19,219,127,57.99,92,42.01
1320,13,20,315,209,66.35,106,33.65
1321,13,21,261,177,67.82,84,32.18
1322,13,22,338,267,78.99,71,21.01
1323,13,23,344,192,55.81,152,44.19
1324,13,24,266,190,71.43,76,28.57
1325,13,25,257,184,71.6,73,28.4
1326,13,26,209,151,72.25,58,27.75
1327,13,27,178,141,79.21,37,20.79
1328,13,28,221,166,75.11,55,24.89
1329,13,29,207,160,77.29,47,22.71
1330,13,30,322,192,59.63,130,40.37
1331,13,31,228,144,63.16,84,36.84
1332,13,32,230,144,62.61,86,37.39
1333,13,33,281,192,68.33,89,31.67
1334,13,34,335,222,66.27,113,33.73
1335,13,35,410,274,66.83,136,33.17
1336,13,36,167,134,80.24,33,19.76
1337,13,37,349,215,61.6,134,38.4
1338,13,38,190,136,71.58,54,28.42
1339,13,39,338,230,68.05,108,31.95
1340,13,40,281,184,65.48,97,34.52
1401,14,1,377,300,79.58,77,20.42
1402,14,2,260,198,76.15,62,23.85
1403,14,3,177,138,77.97,39,22.03
1404,14,4,82,57,69.51,25,30.49
1405,14,5,295,240,81.36,55,18.64
1406,14,6,381,293,76.9,88,23.1
1407,14,7,337,248,73.59,89,26.41
1408,14,8,351,276,78.63,75,21.37
1409,14,9,367,283,77.11,84,22.89
1410,14,10,323,258,79.88,65,20.12
1411,14,11,382,303,79.32,79,20.68
1412,14,12,257,192,74.71,65,25.29
1413,14,13,399,309,77.44,90,22.56
1414,14,14,209,162,77.51,47,22.49
1415,14,15,212,169,79.72,43,20.28
1501,15,1,242,173,71.49,69,28.51
1502,15,2,345,240,69.57,105,30.43
1503,15,3,127,92,72.44,35,27.56
1504,15,4,159,123,77.36,36,22.64
1505,15,5,99,78,78.79,21,21.21
1506,15,6,226,174,76.99,52,23.01
1507,15,7,182,128,70.33,54,29.67
1508,15,8,200,157,78.5,43,21.5
1509,15,9,224,173,77.23,51,22.77
1510,15,10,177,141,79.66,36,20.34
1511,15,11,177,140,79.1,37,20.9
1512,15,12,236,187,79.24,49,20.76
1513,15,13,181,142,78.45,39,21.55
1514,15,14,191,142,74.35,49,25.65
1515,15,15,190,151,79.47,39,20.53
1516,15,16,300,228,76.0,72,24.0
1517,15,17,331,258,77.95,73,22.05
1518,15,18,223,175,78.48,48,21.52
1519,15,19,135,100,74.07,35,25.93
1520,15,20,213,169,79.34,44,20.66
1601,16,1,286,219,76.57,67,23.43
1602,16,2,187,146,78.07,41,21.93
1603,16,3,231,183,79.22,48,20.78
1604,16,4,148,118,79.73,30,20.27
1605,16,5,327,258,78.9,69,21.1
1606,16,6,305,238,78.03,67,21.97
1607,16,7,185,155,83.78,30,16.22
1608,16,8,134,101,75.37,33,24.63
1609,16,9,306,247,80.72,59,19.28
1610,16,10,226,179,79.2,47,20.8
1611,16,11,202,149,73.76,53,26.24
1612,16,12,80,64,80.0,16,20.0
1613,16,13,114,93,81.58,21,18.42
1614,16,14,327,243,74.31,84,25.69
1615,16,15,254,194,76.38,60,23.62
1616,16,16,190,147,77.37,43,22.63
1617,16,17,361,285,78.95,76,21.05
1618,16,18,340,255,75.0,85,25.0
1619,16,19,268,201,75.0,67,25.0
1620,16,20,257,208,80.93,49,19.07
1621,16,21,166,135,81.33,31,18.67
1622,16,22,272,209,76.84,63,23.16
1623,16,23,191,151,79.06,40,20.94
1624,16,24,217,162,74.65,55,25.35
1625,16,25,104,84,80.77,20,19.23
1701,17,1,356,279,78.37,77,21.63
1702,17,2,221,172,77.83,49,22.17
1703,17,3,263,215,81.75,48,18.25
1704,17,4,272,214,78.68,58,21.32
1705,17,5,175,132,75.43,43,24.57
1706,17,6,247,197,79.76,50,20.24
1707,17,7,148,114,77.03,34,22.97
1708,17,8,198,159,80.3,39,19.7
1709,17,9,191,153,80.1,38,19.9
1710,17,10,387,294,75.97,93,24.03
1711,17,11,235,173,73.62,62,26.38
1712,17,12,152,125,82.24,27,17.76
1713,17,13,166,133,80.12,33,19.88
1714,17,14,177,146,82.49,31,17.51
1715,17,15,493,396,80.32,97,19.68
1716,17,16,216,173,80.09,43,19.91
1717,17,17,187,157,83.96,30,16.04
1718,17,18,557,457,82.05,100,17.95
1719,17,19,373,298,79.89,75,20.11
1720,17,20,375,310,82.67,65,17.33
1721,17,21,418,332,79.43,86,20.57
1722,17,22,427,333,77.99,94,22.01
1723,17,23,267,209,78.28,58,21.72
1724,17,24,452,375,82.96,77,17.04
1725,17,25,202,156,77.23,46,22.77
1726,17,26,384,323,84.11,61,15.89
1727,17,27,463,381,82.29,82,17.71
1728,17,28,530,423,79.81,107,20.19
1729,17,29,474,387,81.65,87,18.35
1801,18,1,584,471,80.65,113,19.35
1802,18,2,620,494,79.68,126,20.32
1803,18,3,267,216,80.9,51,19.1
1804,18,4,444,375,84.46,69,15.54
1805,18,5,370,311,84.05,59,15.95
1806,18,6,567,484,85.36,83,14.64
1807,18,7,497,398,80.08,99,19.92
1808,18,8,757,603,79.66,154,20.34
1809,18,9,609,488,80.13,121,19.87
1810,18,10,676,538,79.59,138,20.41
1811,18,11,371,302,81.4,69,18.6
1812,18,12,611,504,82.49,107,17.51
1813,18,13,495,404,81.62,91,18.38
1814,18,14,378,297,78.57,81,21.43
1815,18,15,284,234,82.39,50,17.61
1816,18,16,442,356,80.54,86,19.46
1817,18,17,326,240,73.62,86,26.38
1818,18,18,404,295,73.02,109,26.98
1819,18,19,356,285,80.06,71,19.94
1820,18,20,333,267,80.18,66,19.82
1821,18,21,452,360,79.65,92,20.35
1822,18,22,439,315,71.75,124,28.25
1823,18,23,512,358,69.92,154,30.08
1824,18,24,564,413,73.23,151,26.77
1825,18,25,303,238,78.55,65,21.45
1826,18,26,527,387,73.43,140,26.57
1901,19,1,692,454,65.61,238,34.39
1902,19,2,663,538,81.15,125,18.85
1903,19,3,466,228,48.93,238,51.07
1904,19,4,468,244,52.14,224,47.86
1905,19,5,547,454,83.0,93,17.0
1906,19,6,512,279,54.49,233,45.51
1907,19,7,676,417,61.69,259,38.31
1908,19,8,500,403,80.6,97,19.4
1909,19,9,447,367,82.1,80,17.9
1910,19,10,501,407,81.24,94,18.76
1911,19,11,432,235,54.4,197,45.6
1912,19,12,663,350,52.79,313,47.21
1913,19,13,446,365,81.84,81,18.16
1914,19,14,593,485,81.79,108,18.21
1915,19,15,392,194,49.49,198,50.51
1916,19,16,483,249,51.55,234,48.45
1917,19,17,453,295,65.12,158,34.88
1918,19,18,437,213,48.74,224,51.26
1919,19,19,535,439,82.06,96,17.94
1920,19,20,426,346,81.22,80,18.78
1921,19,21,674,370,54.9,304,45.1
1922,19,22,458,335,73.14,123,26.86
1923,19,23,476,307,64.5,169,35.5
1924,19,24,476,237,49.79,239,50.21
1925,19,25,458,375,81.88,83,18.12
1926,19,26,416,309,74.28,107,25.72
1927,19,27,685,546,79.71,139,20.29
1928,19,28,847,675,79.69,172,20.31
1929,19,29,595,343,57.65,252,42.35
1930,19,30,482,236,48.96,246,51.04
1931,19,31,739,557,75.37,182,24.63
1932,19,32,453,362,79.91,91,20.09
1933,19,33,338,153,45.27,185,54.73
1934,19,34,780,531,68.08,249,31.92
1935,19,35,534,421,78.84,113,21.16
1936,19,36,431,341,79.12,90,20.88
2001,20,1,211,167,79.15,44,20.85
2002,20,2,126,100,79.37,26,20.63
2003,20,3,142,114,80.28,28,19.72
2004,20,4,109,83,76.15,26,23.85
2005,20,5,196,150,76.53,46,23.47
2006,20,6,132,113,85.61,19,14.39
2007,20,7,155,126,81.29,29,18.71
2008,20,8,204,154,75.49,50,24.51
2009,20,9,387,306,79.07,81,20.93
2010,20,10,429,338,78.79,91,21.21
2011,20,11,346,270,78.03,76,21.97
2012,20,12,71,43,60.56,28,39.44
2013,20,13,605,509,84.13,96,15.87
2014,20,14,385,327,84.94,58,15.06
2015,20,15,345,270,78.26,75,21.74
2016,20,16,374,312,83.42,62,16.58
2017,20,17,453,370,81.68,83,18.32
2018,20,18,547,467,85.37,80,14.63
2019,20,19,321,256,79.75,65,20.25
2020,20,20,359,299,83.29,60,16.71
2021,20,21,503,387,76.94,116,23.06
2022,20,22,465,365,78.49,100,21.51
2023,20,23,158,128,81.01,30,18.99
2101,21,1,561,455,81.11,106,18.89
2102,21,2,171,143,83.63,28,16.37
2103,21,3,598,485,81.1,113,18.9
2104,21,4,486,389,80.04,97,19.96
2105,21,5,510,409,80.2,101,19.8
2106,21,6,441,365,82.77,76,17.23
2107,21,7,625,494,79.04,131,20.96
2108,21,8,460,381,82.83,79,17.17
2109,21,9,164,135,82.32,29,17.68
2110,21,10,579,473,81.69,106,18.31
2111,21,11,578,488,84.43,90,15.57
2112,21,12,249,195,78.31,54,21.69
2113,21,13,417,333,79.86,84,20.14
2114,21,14,631,524,83.04,107,16.96
2115,21,15,616,508,82.47,108,17.53
2116,21,16,550,455,82.73,95,17.27
2117,21,17,391,330,84.4,61,15.6
2118,21,18,599,491,81.97,108,18.03
2119,21,19,477,383,80.29,94,19.71
2120,21,20,327,252,77.06,75,22.94
2121,21,21,594,462,77.78,132,22.22
2122,21,22,623,495,79.45,128,20.55
2123,21,23,447,348,77.85,99,22.15
2124,21,24,437,352,80.55,85,19.45
2125,21,25,366,296,80.87,70,19.13
2126,21,26,396,319,80.56,77,19.44
2127,21,27,568,460,80.99,108,19.01
2128,21,28,504,398,78.97,106,21.03
2129,21,29,532,430,80.83,102,19.17
2201,22,1,174,136,78.16,38,21.84
2202,22,2,108,83,76.85,25,23.15
2203,22,3,220,178,80.91,42,19.09
2204,22,4,131,110,83.97,21,16.03
2205,22,5,360,285,79.17,75,20.83
2206,22,6,188,148,78.72,40,21.28
2207,22,7,199,150,75.38,49,24.62
2208,22,8,228,185,81.14,43,18.86
2209,22,9,183,143,78.14,40,21.86
2210,22,10,245,208,84.9,37,15.1
2211,22,11,316,258,81.65,58,18.35
2212,22,12,191,150,78.53,41,21.47
2213,22,13,252,202,80.16,50,19.84
2214,22,14,204,173,84.8,31,15.2
2215,22,15,131,101,77.1,30,22.9
2216,22,16,289,208,71.97,81,28.03
2217,22,17,124,94,75.81,30,24.19
2218,22,18,247,210,85.02,37,14.98
2219,22,19,410,317,77.32,93,22.68
2301,23,1,235,142,60.43,93,39.57
2302,23,2,402,231,57.46,171,42.54
2303,23,3,257,145,56.42,112,43.58
2304,23,4,210,111,52.86,99,47.14
2305,23,5,349,201,57.59,148,42.41
2306,23,6,189,101,53.44,88,46.56
2307,23,7,258,155,60.08,103,39.92
2308,23,8,244,146,59.84,98,40.16
2309,23,9,403,280,69.48,123,30.52
2310,23,10,441,304,68.93,137,31.07
2311,23,11,182,138,75.82,44,24.18
2312,23,12,257,188,73.15,69,26.85
2313,23,13,422,332,78.67,90,21.33
2314,23,14,316,240,75.95,76,24.05
2315,23,15,346,259,74.86,87,25.14
2316,23,16,182,145,79.67,37,20.33
2317,23,17,244,203,83.2,41,16.8
2318,23,18,214,163,76.17,51,23.83
2319,23,19,184,146,79.35,38,20.65
2320,23,20,175,139,79.43,36,20.57
2321,23,21,155,126,81.29,29,18.71
2322,23,22,169,134,79.29,35,20.71
2323,23,23,166,129,77.71,37,22.29
2324,23,24,155,115,74.19,40,25.81
2325,23,25,140,112,80.0,28,20.0
2326,23,26,118,101,85.59,17,14.41
2327,23,27,141,112,79.43,29,20.57
2328,23,28,213,175,82.16,38,17.84
2329,23,29,290,214,73.79,76,26.21
2330,23,30,172,154,89.53,18,10.47
2331,23,31,194,159,81.96,35,18.04
2332,23,32,168,136,80.95,32,19.05
2333,23,33,392,303,77.3,89,22.7
2401,24,1,146,117,80.14,29,19.86
2402,24,2,154,125,81.17,29,18.83
2403,24,3,339,262,77.29,77,22.71
2404,24,4,265,207,78.11,58,21.89
2405,24,5,433,331,76.44,102,23.56
2406,24,6,298,232,77.85,66,22.15
2407,24,7,148,121,81.76,27,18.24
2408,24,8,201,157,78.11,44,21.89
2409,24,9,367,276,75.2,91,24.8
2410,24,10,278,229,82.37,49,17.63
2411,24,11,328,262,79.88,66,20.12
2412,24,12,370,287,77.57,83,22.43
2413,24,13,337,269,79.82,68,20.18
2414,24,14,257,204,79.38,53,20.62
2415,24,15,312,245,78.53,67,21.47
2416,24,16,411,301,73.24,110,26.76
2417,24,17,245,184,75.1,61,24.9
2418,24,18,402,316,78.61,86,21.39
2419,24,19,944,578,61.23,366,38.77
2501,25,1,294,228,77.55,66,22.45
2502,25,2,206,161,78.16,45,21.84
2503,25,3,291,240,82.47,51,17.53
2504,25,4,347,267,76.95,80,23.05
2505,25,5,422,354,83.89,68,16.11
2506,25,6,466,379,81.33,87,18.67
2507,25,7,446,357,80.04,89,19.96
2508,25,8,426,341,80.05,85,19.95
2509,25,9,461,369,80.04,92,19.96
2510,25,10,512,415,81.05,97,18.95
2511,25,11,451,386,85.59,65,14.41
2512,25,12,401,342,85.29,59,14.71
2513,25,13,591,484,81.9,107,18.1
2514,25,14,571,473,82.84,98,17.16
2515,25,15,460,379,82.39,81,17.61
2516,25,16,571,479,83.89,92,16.11
2517,25,17,247,204,82.59,43,17.41
2601,26,1,178,137,76.97,41,23.03
2602,26,2,245,211,86.12,34,13.88
2603,26,3,430,383,89.07,47,10.93
2604,26,4,242,188,77.69,54,22.31
2605,26,5,324,280,86.42,44,13.58
2606,26,6,203,164,80.79,39,19.21
2607,26,7,314,270,85.99,44,14.01
2608,26,8,225,187,83.11,38,16.89
2609,26,9,215,165,76.74,50,23.26
2610,26,10,251,206,82.07,45,17.93
2611,26,11,234,189,80.77,45,19.23
2612,26,12,98,80,81.63,18,18.37
2613,26,13,200,169,84.5,31,15.5
2614,26,14,143,110,76.92,33,23.08
2615,26,15,168,132,78.57,36,21.43
2616,26,16,388,334,86.08,54,13.92
2617,26,17,347,311,89.63,36,10.37
2618,26,18,170,128,75.29,42,24.71
2619,26,19,395,356,90.13,39,9.87
2620,26,20,430,374,86.98,56,13.02
2621,26,21,187,160,85.56,27,14.44
2622,26,22,154,118,76.62,36,23.38
2623,26,23,335,287,85.67,48,14.33
2624,26,24,161,131,81.37,30,18.63
2625,26,25,363,321,88.43,42,11.57
2626,26,26,386,325,84.2,61,15.8
2627,26,27,453,384,84.77,69,15.23
2628,26,28,400,362,90.5,38,9.5
2629,26,29,391,329,84.14,62,15.86
2630,26,30,227,201,88.55,26,11.45
2631,26,31,235,195,82.98,40,17.02
2632,26,32,330,275,83.33,55,16.67
2701,27,1,450,374,83.11,76,16.89
2702,27,2,571,469,82.14,102,17.86
2703,27,3,251,193,76.89,58,23.11
2704,27,4,399,330,82.71,69,17.29
2705,27,5,247,176,71.26,71,28.74
2706,27,6,506,419,82.81,87,17.19
2707,27,7,670,584,87.16,86,12.84
2708,27,8,163,132,80.98,31,19.02
2709,27,9,471,402,85.35,69,14.65
2710,27,10,263,211,80.23,52,19.77
2711,27,11,488,408,83.61,80,16.39
2712,27,12,360,283,78.61,77,21.39
2713,27,13,401,317,79.05,84,20.95
2714,27,14,304,242,79.61,62,20.39
2715,27,15,397,327,82.37,70,17.63
2716,27,16,555,466,83.96,89,16.04
2717,27,17,211,169,80.09,42,19.91
2718,27,18,490,402,82.04,88,17.96
2719,27,19,152,121,79.61,31,20.39
2720,27,20,270,208,77.04,62,22.96
2721,27,21,199,168,84.42,31,15.58
2722,27,22,281,216,76.87,65,23.13
2723,27,23,255,204,80.0,51,20.0
2724,27,24,150,129,86.0,21,14.0
2725,27,25,378,304,80.42,74,19.58
2726,27,26,417,326,78.18,91,21.82
2727,27,27,298,232,77.85,66,22.15
2728,27,28,341,281,82.4,60,17.6
2729,27,29,688,578,84.01,110,15.99
2801,28,1,220,169,76.82,51,23.18
2802,28,2,221,179,81.0,42,19.0
2803,28,3,70,50,71.43,20,28.57
2804,28,4,192,152,79.17,40,20.83
2805,28,5,169,135,79.88,34,20.12
2806,28,6,335,276,82.39,59,17.61
2807,28,7,148,118,79.73,30,20.27
2808,28,8,284,226,79.58,58,20.42
2809,28,9,151,115,76.16,36,23.84
2810,28,10,107,79,73.83,28,26.17
2811,28,11,455,360,79.12,95,20.88
2812,28,12,589,474,80.48,115,19.52
2813,28,13,461,398,86.33,63,13.67
2814,28,14,360,289,80.28,71,19.72
2815,28,15,206,161,78.16,45,21.84
2816,28,16,454,358,78.85,96,21.15
2817,28,17,242,193,79.75,49,20.25
2818,28,18,283,226,79.86,57,20.14
2819,28,19,291,246,84.54,45,15.46
2820,28,20,238,166,69.75,72,30.25
2821,28,21,245,185,75.51,60,24.49
2822,28,22,213,157,73.71,56,26.29
2823,28,23,281,223,79.36,58,20.64
2824,28,24,234,191,81.62,43,18.38
2825,28,25,402,330,82.09,72,17.91
2826,28,26,141,116,82.27,25,17.73
2901,29,1,483,336,69.57,147,30.43
2902,29,2,389,281,72.24,108,27.76
2903,29,3,328,247,75.3,81,24.7
2904,29,4,358,259,72.35,99,27.65
2905,29,5,361,278,77.01,83,22.99
2906,29,6,296,228,77.03,68,22.97
2907,29,7,582,452,77.66,130,22.34
2908,29,8,737,603,81.82,134,18.18
2909,29,9,322,261,81.06,61,18.94
2910,29,10,451,376,83.37,75,16.63
2911,29,11,386,295,76.42,91,23.58
2912,29,12,480,392,81.67,88,18.33
2913,29,13,471,383,81.32,88,18.68
2914,29,14,390,300,76.92,90,23.08
2915,29,15,386,290,75.13,96,24.87
2916,29,16,449,357,79.51,92,20.49
2917,29,17,277,227,81.95,50,18.05
2918,29,18,420,335,79.76,85,20.24
2919,29,19,480,383,79.79,97,20.21
2920,29,20,276,226,81.88,50,18.12
2921,29,21,319,238,74.61,81,25.39
2922,29,22,443,356,80.36,87,19.64
2923,29,23,420,339,80.71,81,19.29
2924,29,24,340,269,79.12,71,20.88
3001,30,1,447,338,75.62,109,24.38
3002,30,2,314,243,77.39,71,22.61
3003,30,3,415,353,85.06,62,14.94
3004,30,4,322,250,77.64,72,22.36
3005,30,5,354,266,75.14,88,24.86
3006,30,6,410,350,85.37,60,14.63
3007,30,7,279,224,80.29,55,19.71
3008,30,8,491,418,85.13,73,14.87
3009,30,9,427,342,80.09,85,19.91
3010,30,10,337,280,83.09,57,16.91
3011,30,11,296,225,76.01,71,23.99
3012,30,12,399,297,74.44,102,25.56
3013,30,13,321,247,76.95,74,23.05
3014,30,14,369,288,78.05,81,21.95
3015,30,15,538,456,84.76,82,15.24
3016,30,16,280,209,74.64,71,25.36
3017,30,17,384,323,84.11,61,15.89
3018,30,18,349,287,82.23,62,17.77
3019,30,19,215,173,80.47,42,19.53
3020,30,20,285,229,80.35,56,19.65
3021,30,21,472,359,76.06,113,23.94
3022,30,22,452,386,85.4,66,14.6
3023,30,23,489,409,83.64,80,16.36
3024,30,24,404,322,79.7,82,20.3
3025,30,25,266,197,74.06,69,25.94
3026,30,26,507,423,83.43,84,16.57
3101,31,1,279,212,75.99,67,24.01
3102,31,2,453,387,85.43,66,14.57
3103,31,3,246,189,76.83,57,23.17
3104,31,4,314,269,85.67,45,14.33
3105,31,5,294,231,78.57,63,21.43
3106,31,6,231,172,74.46,59,25.54
3107,31,7,267,224,83.9,43,16.1
3108,31,8,376,299,79.52,77,20.48
3109,31,9,244,177,72.54,67,27.46
3110,31,10,391,334,85.42,57,14.58
3111,31,11,365,297,81.37,68,18.63
3112,31,12,437,338,77.35,99,22.65
3113,31,13,324,262,80.86,62,19.14
3114,31,14,304,232,76.32,72,23.68
3115,31,15,139,107,76.98,32,23.02
3116,31,16,201,148,73.63,53,26.37
3117,31,17,264,211,79.92,53,20.08
3118,31,18,214,170,79.44,44,20.56
3119,31,19,275,228,82.91,47,17.09
3120,31,20,274,212,77.37,62,22.63
3121,31,21,272,216,79.41,56,20.59
3122,31,22,116,97,83.62,19,16.38
3123,31,23,156,108,69.23,48,30.77
3201,32,1,997,884,88.67,113,11.33
3202,32,2,770,679,88.18,91,11.82
3203,32,3,539,459,85.16,80,14.84
3204,32,4,546,484,88.64,62,11.36
3205,32,5,423,374,88.42,49,11.58
3206,32,6,253,219,86.56,34,13.44
3207,32,7,554,466,84.12,88,15.88
3208,32,8,406,352,86.7,54,13.3
3209,32,9,380,326,85.79,54,14.21
3210,32,10,709,615,86.74,94,13.26
3211,32,11,450,384,85.33,66,14.67
3212,32,12,273,224,82.05,49,17.95
3213,32,13,182,146,80.22,36,19.78
3214,32,14,812,705,86.82,107,13.18
3215,32,15,781,673,86.17,108,13.83
3216,32,16,394,351,89.09,43,10.91
3217,32,17,725,603,83.17,122,16.83
3218,32,18,293,249,84.98,44,15.02
3219,32,19,352,310,88.07,42,11.93
3220,32,20,737,627,85.07,110,14.93
3221,32,21,753,657,87.25,96,12.75
3222,32,22,739,651,88.09,88,11.91
3223,32,23,493,422,85.6,71,14.4
3224,32,24,260,222,85.38,38,14.62
3225,32,25,545,482,88.44,63,11.56
3226,32,26,713,628,88.08,85,11.92
3227,32,27,699,629,89.99,70,10.01
3228,32,28,206,175,84.95,31,15.05
3229,32,29,557,492,88.33,65,11.67
3230,32,30,702,625,89.03,77,10.97
3301,33,1,768,667,86.85,101,13.15
3302,33,2,834,742,88.97,92,11.03
3303,33,3,581,491,84.51,90,15.49
3304,33,4,803,672,83.69,131,16.31
3305,33,5,643,540,83.98,103,16.02
3306,33,6,700,598,85.43,102,14.57
3307,33,7,665,571,85.86,94,14.14
3308,33,8,467,391,83.73,76,16.27
3309,33,9,475,393,82.74,82,17.26
3310,33,10,496,431,86.9,65,13.1
3311,33,11,400,354,88.5,46,11.5
3312,33,12,613,524,85.48,89,14.52
3313,33,13,531,457,86.06,74,13.94
3314,33,14,714,636,89.08,78,10.92
3315,33,15,513,444,86.55,69,13.45
3316,33,16,683,618,90.48,65,9.52
3317,33,17,628,549,87.42,79,12.58
3401,34,1,505,406,80.4,99,19.6
3402,34,2,314,261,83.12,53,16.88
3403,34,3,678,582,85.84,96,14.16
3404,34,4,389,331,85.09,58,14.91
3405,34,5,666,575,86.34,91,13.66
3406,34,6,461,396,85.9,65,14.1
3407,34,7,217,190,87.56,27,12.44
3408,34,8,366,308,84.15,58,15.85
3409,34,9,687,572,83.26,115,16.74
3410,34,10,279,235,84.23,44,15.77
3411,34,11,468,389,83.12,79,16.88
3412,34,12,481,422,87.73,59,12.27
3413,34,13,580,501,86.38,79,13.62
3414,34,14,555,471,84.86,84,15.14
3415,34,15,446,370,82.96,76,17.04
3416,34,16,707,602,85.15,105,14.85
3417,34,17,635,548,86.3,87,13.7
3418,34,18,590,512,86.78,78,13.22
3419,34,19,467,410,87.79,57,12.21
3420,34,20,601,512,85.19,89,14.81
3501,35,1,173,138,79.77,35,20.23
3502,35,2,426,351,82.39,75,17.61
3503,35,3,321,264,82.24,57,17.76
3504,35,4,495,439,88.69,56,11.31
3505,35,5,667,571,85.61,96,14.39
3506,35,6,963,853,88.58,110,11.42
3507,35,7,665,586,88.12,79,11.88
3508,35,8,456,388,85.09,68,14.91
3509,35,9,777,684,88.03,93,11.97
3510,35,10,481,426,88.57,55,11.43
3511,35,11,649,568,87.52,81,12.48
3512,35,12,825,718,87.03,107,12.97
3513,35,13,542,467,86.16,75,13.84
3514,35,14,488,423,86.68,65,13.32
3515,35,15,636,549,86.32,87,13.68
3516,35,16,843,725,86.0,118,14.0
3517,35,17,536,444,82.84,92,17.16
3518,35,18,356,303,85.11,53,14.89
3519,35,19,534,451,84.46,83,15.54
3520,35,20,303,250,82.51,53,17.49
3521,35,21,487,396,81.31,91,18.69
3522,35,22,639,528,82.63,111,17.37
3601,36,1,269,189,70.26,80,29.74
3602,36,2,327,244,74.62,83,25.38
3603,36,3,261,181,69.35,80,30.65
3604,36,4,312,238,76.28,74,23.72
3605,36,5,258,197,76.36,61,23.64
3606,36,6,214,166,77.57,48,22.43
3607,36,7,178,134,75.28,44,24.72
3608,36,8,140,109,77.86,31,22.14
3609,36,9,392,308,78.57,84,21.43
3610,36,10,285,219,76.84,66,23.16
3611,36,11,203,152,74.88,51,25.12
3612,36,12,149,110,73.83,39,26.17
3613,36,13,84,63,75.0,21,25.0
3614,36,14,266,192,72.18,74,27.82
3615,36,15,131,107,81.68,24,18.32
3616,36,16,101,82,81.19,19,18.81
3617,36,17,375,314,83.73,61,16.27
3618,36,18,436,365,83.72,71,16.28
3619,36,19,556,489,87.95,67,12.05
3620,36,20,628,538,85.67,90,14.33
3621,36,21,429,356,82.98,73,17.02
3622,36,22,542,485,89.48,57,10.52
3623,36,23,483,399,82.61,84,17.39
3624,36,24,504,439,87.1,65,12.9
3625,36,25,585,502,85.81,83,14.19
3626,36,26,509,448,88.02,61,11.98
3627,36,27,584,516,88.36,68,11.64
3701,37,1,369,295,79.95,74,20.05
3702,37,2,292,229,78.42,63,21.58
3703,37,3,332,268,80.72,64,19.28
3704,37,4,356,265,74.44,91,25.56
3705,37,5,246,186,75.61,60,24.39
3706,37,6,460,357,77.61,103,22.39
3707,37,7,299,236,78.93,63,21.07
3708,37,8,432,340,78.7,92,21.3
3709,37,9,171,135,78.95,36,21.05
3710,37,10,295,234,79.32,61,20.68
3711,37,11,309,237,76.7,72,23.3
3712,37,12,415,322,77.59,93,22.41
3713,37,13,255,199,78.04,56,21.96
3714,37,14,396,327,82.58,69,17.42
3715,37,15,337,263,78.04,74,21.96
3716,37,16,428,337,78.74,91,21.26
3717,37,17,253,201,79.45,52,20.55
3718,37,18,315,246,78.1,69,21.9
3719,37,19,267,210,78.65,57,21.35
3720,37,20,428,342,79.91,86,20.09
3721,37,21,231,186,80.52,45,19.48
3722,37,22,313,244,77.96,69,22.04
3801,38,1,625,361,57.76,264,42.24
3802,38,2,321,198,61.68,123,38.32
3803,38,3,465,277,59.57,188,40.43
3804,38,4,336,221,65.77,115,34.23
3805,38,5,538,321,59.67,217,40.33
3806,38,6,362,238,65.75,124,34.25
3807,38,7,429,291,67.83,138,32.17
3808,38,8,364,234,64.29,130,35.71
3809,38,9,373,262,70.24,111,29.76
3810,38,10,352,240,68.18,112,31.82
3811,38,11,415,315,75.9,100,24.1
3812,38,12,569,377,66.26,192,33.74
3813,38,13,296,210,70.95,86,29.05
3814,38,14,382,252,65.97,130,34.03
3815,38,15,332,224,67.47,108,32.53
3816,38,16,565,380,67.26,185,32.74
3817,38,17,495,358,72.32,137,27.68
3818,38,18,591,445,75.3,146,24.7
3819,38,19,595,452,75.97,143,24.03
3820,38,20,507,384,75.74,123,24.26
3821,38,21,643,497,77.29,146,22.71
3822,38,22,440,344,78.18,96,21.82
3823,38,23,611,462,75.61,149,24.39
3824,38,24,574,447,77.87,127,22.13
3825,38,25,661,543,82.15,118,17.85
3901,39,1,460,354,76.96,106,23.04
3902,39,2,233,197,84.55,36,15.45
3903,39,3,387,318,82.17,69,17.83
3904,39,4,507,368,72.58,139,27.42
3905,39,5,351,286,81.48,65,18.52
3906,39,6,290,239,82.41,51,17.59
3907,39,7,259,211,81.47,48,18.53
3908,39,8,269,213,79.18,56,20.82
3909,39,9,239,181,75.73,58,24.27
3910,39,10,348,295,84.77,53,15.23
3911,39,11,213,173,81.22,40,18.78
3912,39,12,422,343,81.28,79,18.72
3913,39,13,644,522,81.06,122,18.94
3914,39,14,647,453,70.02,194,29.98
3915,39,15,530,429,80.94,101,19.06
3916,39,16,293,245,83.62,48,16.38
3917,39,17,716,478,66.76,238,33.24
3918,39,18,322,210,65.22,112,34.78
3919,39,19,659,565,85.74,94,14.26
3920,39,20,434,267,61.52,167,38.48
3921,39,21,565,470,83.19,95,16.81
3922,39,22,278,197,70.86,81,29.14
3923,39,23,63,48,76.19,15,23.81
3924,39,24,418,350,83.73,68,16.27
3925,39,25,301,252,83.72,49,16.28
3926,39,26,254,216,85.04,38,14.96
3927,39,27,258,198,76.74,60,23.26
3928,39,28,270,219,81.11,51,18.89
3929,39,29,130,103,79.23,27,20.77
3930,39,30,243,181,74.49,62,25.51
3931,39,31,306,223,72.88,83,27.12
3932,39,32,747,548,73.36,199,26.64
3933,39,33,269,200,74.35,69,25.65
3934,39,34,304,223,73.36,81,26.64
3935,39,35,532,430,80.83,102,19.17
4001,40,1,498,442,88.76,56,11.24
4002,40,2,526,463,88.02,63,11.98
4003,40,3,472,401,84.96,71,15.04
4004,40,4,483,398,82.4,85,17.6
4005,40,5,391,327,83.63,64,16.37
4006,40,6,450,382,84.89,68,15.11
4007,40,7,494,425,86.03,69,13.97
4008,40,8,335,280,83.58,55,16.42
4009,40,9,589,480,81.49,109,18.51
4010,40,10,895,794,88.72,101,11.28
4011,40,11,553,444,80.29,109,19.71
4012,40,12,606,531,87.62,75,12.38
4013,40,13,628,568,90.45,60,9.55
4014,40,14,808,732,90.59,76,9.41
4015,40,15,609,564,92.61,45,7.39
4016,40,16,612,551,90.03,61,9.97
4017,40,17,638,572,89.66,66,10.34
4018,40,18,701,630,89.87,71,10.13
4019,40,19,612,558,91.18,54,8.82
4020,40,20,691,622,90.01,69,9.99
4021,40,21,632,576,91.14,56,8.86
4022,40,22,868,773,89.06,95,10.94
4023,40,23,908,807,88.88,101,11.12
4101,41,1,366,246,67.21,120,32.79
4102,41,2,243,171,70.37,72,29.63
4103,41,3,269,174,64.68,95,35.32
4104,41,4,367,218,59.4,149,40.6
4105,41,5,399,232,58.15,167,41.85
4106,41,6,377,228,60.48,149,39.52
4107,41,7,337,199,59.05,138,40.95
4108,41,8,339,225,66.37,114,33.63
4109,41,9,650,441,67.85,209,32.15
4110,41,10,534,338,63.3,196,36.7
4111,41,11,401,283,70.57,118,29.43
4112,41,12,253,150,59.29,103,40.71
4113,41,13,578,396,68.51,182,31.49
4114,41,14,662,421,63.6,241,36.4
4115,41,15,841,504,59.93,337,40.07
4116,41,16,285,186,65.26,99,34.74
4117,41,17,190,121,63.68,69,36.32
4118,41,18,626,436,69.65,190,30.35
4119,41,19,306,211,68.95,95,31.05
4120,41,20,342,208,60.82,134,39.18
4121,41,21,335,212,63.28,123,36.72
4122,41,22,274,171,62.41,103,37.59
4123,41,23,392,225,57.4,167,42.6
4124,41,24,603,360,59.7,243,40.3
4125,41,25,538,297,55.2,241,44.8
4126,41,26,659,450,68.29,209,31.71
4127,41,27,473,305,64.48,168,35.52
4128,41,28,782,530,67.77,252,32.23
4129,41,29,815,560,68.71,255,31.29
4130,41,30,646,387,59.91,259,40.09
4131,41,31,569,320,56.24,249,43.76
4201,42,1,258,207,80.23,51,19.77
4202,42,2,238,195,81.93,43,18.07
4203,42,3,649,537,82.74,112,17.26
4204,42,4,561,454,80.93,107,19.07
4205,42,5,790,652,82.53,138,17.47
4206,42,6,343,285,83.09,58,16.91
4207,42,7,524,438,83.59,86,16.41
4208,42,8,361,309,85.6,52,14.4
4209,42,9,588,476,80.95,112,19.05
4210,42,10,386,300,77.72,86,22.28
4211,42,11,439,373,84.97,66,15.03
4212,42,12,339,272,80.24,67,19.76
4213,42,13,271,216,79.7,55,20.3
4214,42,14,200,178,89.0,22,11.0
4215,42,15,185,154,83.24,31,16.76
4216,42,16,639,512,80.13,127,19.87
4217,42,17,702,570,81.2,132,18.8
4218,42,18,393,326,82.95,67,17.05
4219,42,19,572,498,87.06,74,12.94
4220,42,20,578,475,82.18,103,17.82
4221,42,21,654,563,86.09,91,13.91
4222,42,22,643,533,82.89,110,17.11
4223,42,23,652,551,84.51,101,15.49
4224,42,24,661,562,85.02,99,14.98
4301,43,1,663,563,84.92,100,15.08
4302,43,2,756,650,85.98,106,14.02
4303,43,3,253,212,83.79,41,16.21
4304,43,4,511,453,88.65,58,11.35
4305,43,5,812,729,89.78,83,10.22
4306,43,6,936,818,87.39,118,12.61
4307,43,7,847,733,86.54,114,13.46
4308,43,8,695,606,87.19,89,12.81
4309,43,9,929,831,89.45,98,10.55
4310,43,10,593,505,85.16,88,14.84
4311,43,11,395,334,84.56,61,15.44
4312,43,12,753,659,87.52,94,12.48
4313,43,13,587,510,86.88,77,13.12
4314,43,14,344,301,87.5,43,12.5
4315,43,15,754,643,85.28,111,14.72
4316,43,16,306,258,84.31,48,15.69
4317,43,17,719,639,88.87,80,11.13
4318,43,18,848,737,86.91,111,13.09
4319,43,19,798,681,85.34,117,14.66
4320,43,20,670,583,87.01,87,12.99
4321,43,21,351,298,84.9,53,15.1
4322,43,22,830,734,88.43,96,11.57
4323,43,23,566,490,86.57,76,13.43
4401,44,1,826,743,89.95,83,10.05
4402,44,2,550,470,85.45,80,14.55
4403,44,3,720,635,88.19,85,11.81
4404,44,4,919,816,88.79,103,11.21
4405,44,5,727,653,89.82,74,10.18
4406,44,6,656,575,87.65,81,12.35
4407,44,7,689,608,88.24,81,11.76
4408,44,8,713,643,90.18,70,9.82
4409,44,9,963,848,88.06,115,11.94
4410,44,10,905,799,88.29,106,11.71
4411,44,11,731,621,84.95,110,15.05
4412,44,12,889,788,88.64,101,11.36
4413,44,13,865,760,87.86,105,12.14
4414,44,14,818,731,89.36,87,10.64
4415,44,15,914,807,88.29,107,11.71
4416,44,16,916,814,88.86,102,11.14
4417,44,17,932,812,87.12,120,12.88
4418,44,18,646,570,88.24,76,11.76
4419,44,19,877,754,85.97,123,14.03
4420,44,20,560,516,92.14,44,7.86
4421,44,21,918,838,91.29,80,8.71
4501,45,1,794,528,66.5,266,33.5
4502,45,2,422,311,73.7,111,26.3
4503,45,3,239,164,68.62,75,31.38
4504,45,4,299,209,69.9,90,30.1
4505,45,5,445,330,74.16,115,25.84
4506,45,6,515,350,67.96,165,32.04
4507,45,7,517,372,71.95,145,28.05
4508,45,8,428,300,70.09,128,29.91
4509,45,9,459,335,72.98,124,27.02
4510,45,10,473,323,68.29,150,31.71
4511,45,11,632,435,68.83,197,31.17
4512,45,12,404,311,76.98,93,23.02
4513,45,13,613,465,75.86,148,24.14
4514,45,14,355,266,74.93,89,25.07
4515,45,15,433,338,78.06,95,21.94
4516,45,16,512,418,81.64,94,18.36
4517,45,17,564,413,73.23,151,26.77
4518,45,18,554,434,78.34,120,21.66
4519,45,19,355,271,76.34,84,23.66
4520,45,20,488,385,78.89,103,21.11
4521,45,21,419,318,75.89,101,24.11
4522,45,22,542,442,81.55,100,18.45
4523,45,23,534,420,78.65,114,21.35
4524,45,24,461,348,75.49,113,24.51
4525,45,25,637,512,80.38,125,19.62
4526,45,26,472,377,79.87,95,20.13
4527,45,27,578,482,83.39,96,16.61
4528,45,28,518,409,78.96,109,21.04
4529,45,29,525,442,84.19,83,15.81
4601,46,1,648,575,88.73,73,11.27
4602,46,2,617,549,88.98,68,11.02
4603,46,3,720,639,88.75,81,11.25
4604,46,4,827,718,86.82,109,13.18
4605,46,5,669,585,87.44,84,12.56
4606,46,6,1014,886,87.38,128,12.62
4607,46,7,624,557,89.26,67,10.74
4608,46,8,795,691,86.92,104,13.08
4609,46,9,759,673,88.67,86,11.33
4610,46,10,706,647,91.64,59,8.36
4611,46,11,823,719,87.36,104,12.64
4612,46,12,987,902,91.39,85,8.61
4613,46,13,871,798,91.62,73,8.38
4614,46,14,482,431,89.42,51,10.58
4615,46,15,940,821,87.34,119,12.66
4616,46,16,679,619,91.16,60,8.84
4617,46,17,880,801,91.02,79,8.98
4618,46,18,824,741,89.93,83,10.07
4619,46,19,641,556,86.74,85,13.26
4620,46,20,592,525,88.68,67,11.32
4621,46,21,456,407,89.25,49,10.75
4622,46,22,562,494,87.9,68,12.1
4623,46,23,489,456,93.25,33,6.75
4701,47,1,656,576,87.8,80,12.2
4702,47,2,619,555,89.66,64,10.34
4703,47,3,620,557,89.84,63,10.16
4704,47,4,796,726,91.21,70,8.79
4705,47,5,913,845,92.55,68,7.45
4706,47,6,775,713,92.0,62,8.0
4707,47,7,1136,1023,90.05,113,9.95
4708,47,8,702,638,90.88,64,9.12
4709,47,9,884,790,89.37,94,10.63
4710,47,10,768,700,91.15,68,8.85
4711,47,11,675,605,89.63,70,10.37
4712,47,12,505,467,92.48,38,7.52
4713,47,13,535,492,91.96,43,8.04
4714,47,14,675,586,86.81,89,13.19
4715,47,15,689,612,88.82,77,11.18
4716,47,16,717,623,86.89,94,13.11
4717,47,17,618,546,88.35,72,11.65
4718,47,18,792,709,89.52,83,10.48
4719,47,19,782,711,90.92,71,9.08
4720,47,20,753,667,88.58,86,11.42
4721,47,21,747,668,89.42,79,10.58
4722,47,22,612,533,87.09,79,12.91
4723,47,23,738,651,88.21,87,11.79
4724,47,24,872,762,87.39,110,12.61
4725,47,25,672,590,87.8,82,12.2
4726,47,26,849,752,88.57,97,11.43
4727,47,27,776,690,88.92,86,11.08
4728,47,28,556,480,86.33,76,13.67
4801,48,1,792,725,91.54,67,8.46
4802,48,2,253,227,89.72,26,10.28
4803,48,3,416,353,84.86,63,15.14
4804,48,4,454,394,86.78,60,13.22
4805,48,5,252,225,89.29,27,10.71
4806,48,6,627,562,89.63,65,10.37
4807,48,7,620,570,91.94,50,8.06
4808,48,8,395,343,86.84,52,13.16
4809,48,9,295,237,80.34,58,19.66
4810,48,10,748,697,93.18,51,6.82
4811,48,11,465,444,95.48,21,4.52
4812,48,12,662,585,88.37,77,11.63
4813,48,13,497,427,85.92,70,14.08
4814,48,14,577,522,90.47,55,9.53
4815,48,15,439,388,88.38,51,11.62
4816,48,16,357,320,89.64,37,10.36
4817,48,17,193,163,84.46,30,15.54
4818,48,18,613,527,85.97,86,14.03
4819,48,19,328,277,84.45,51,15.55
4820,48,20,230,200,86.96,30,13.04
4821,48,21,544,472,86.76,72,13.24
4822,48,22,310,269,86.77,41,13.23
4823,48,23,388,354,91.24,34,8.76
4824,48,24,754,622,82.49,132,17.51
4825,48,25,635,570,89.76,65,10.24
4826,48,26,329,295,89.67,34,10.33
4827,48,27,395,346,87.59,49,12.41
4828,48,28,535,489,91.4,46,8.6
4829,48,29,180,156,86.67,24,13.33
4830,48,30,564,513,90.96,51,9.04
4831,48,31,585,533,91.11,52,8.89
4832,48,32,452,389,86.06,63,13.94
4833,48,33,219,193,88.13,26,11.87
4834,48,34,445,400,89.89,45,10.11
4835,48,35,710,647,91.13,63,8.87
4901,49,1,670,581,86.72,89,13.28
4902,49,2,578,499,86.33,79,13.67
4903,49,3,787,687,87.29,100,12.71
4904,49,4,774,699,90.31,75,9.69
4905,49,5,832,745,89.54,87,10.46
4906,49,6,76,65,85.53,11,14.47
4907,49,7,814,728,89.43,86,10.57
4908,49,8,971,890,91.66,81,8.34
4909,49,9,875,777,88.8,98,11.2
4910,49,10,579,506,87.39,73,12.61
4911,49,11,631,559,88.59,72,11.41
4912,49,12,578,507,87.72,71,12.28
4913,49,13,719,646,89.85,73,10.15
4914,49,14,863,773,89.57,90,10.43
4915,49,15,787,708,89.96,79,10.04
4916,49,16,724,644,88.95,80,11.05
4917,49,17,834,728,87.29,106,12.71
5001,50,1,294,241,81.97,53,18.03
5002,50,2,352,274,77.84,78,22.16
5003,50,3,282,234,82.98,48,17.02
5004,50,4,353,279,79.04,74,20.96
5005,50,5,514,416,80.93,98,19.07
5006,50,6,239,203,84.94,36,15.06
5007,50,7,646,559,86.53,87,13.47
5008,50,8,440,384,87.27,56,12.73
5009,50,9,120,103,85.83,17,14.17
5010,50,10,257,191,74.32,66,25.68
5011,50,11,302,233,77.15,69,22.85
5012,50,12,121,96,79.34,25,20.66
5013,50,13,451,373,82.71,78,17.29
5014,50,14,89,67,75.28,22,24.72
5015,50,15,456,386,84.65,70,15.35
5016,50,16,84,60,71.43,24,28.57
5017,50,17,212,168,79.25,44,20.75
5018,50,18,33,21,63.64,12,36.36
5019,50,19,198,170,85.86,28,14.14
5020,50,20,184,160,86.96,24,13.04
5021,50,21,409,350,85.57,59,14.43
5022,50,22,350,260,74.29,90,25.71
5023,50,23,299,224,74.92,75,25.08
5024,50,24,347,253,72.91,94,27.09
5025,50,25,109,90,82.57,19,17.43
5026,50,26,180,138,76.67,42,23.33
5027,50,27,74,52,70.27,22,29.73
5028,50,28,457,395,86.43,62,13.57
