id,ward,precinct,total,Yes,Yes Percent,No,No Percent
0101,1,1,724,359,49.59,365,50.41
0102,1,2,686,371,54.08,315,45.92
0103,1,3,779,407,52.25,372,47.75
0104,1,4,695,391,56.26,304,43.74
0105,1,5,709,371,52.33,338,47.67
0106,1,6,615,351,57.07,264,42.93
0107,1,7,737,332,45.05,405,54.95
0108,1,8,666,370,55.56,296,44.44
0109,1,9,335,190,56.72,145,43.28
0110,1,10,874,518,59.27,356,40.73
0111,1,11,666,359,53.9,307,46.1
0112,1,12,291,165,56.7,126,43.3
0113,1,13,474,263,55.49,211,44.51
0114,1,14,391,247,63.17,144,36.83
0115,1,15,689,400,58.06,289,41.94
0116,1,16,674,371,55.04,303,44.96
0117,1,17,438,246,56.16,192,43.84
0118,1,18,625,336,53.76,289,46.24
0119,1,19,587,330,56.22,257,43.78
0120,1,20,543,360,66.3,183,33.7
0121,1,21,563,300,53.29,263,46.71
0122,1,22,756,445,58.86,311,41.14
0123,1,23,392,229,58.42,163,41.58
0124,1,24,841,502,59.69,339,40.31
0125,1,25,690,419,60.72,271,39.28
0126,1,26,626,389,62.14,237,37.86
0201,2,1,641,468,73.01,173,26.99
0202,2,2,756,556,73.54,200,26.46
0203,2,3,470,337,71.7,133,28.3
0204,2,4,514,381,74.12,133,25.88
0205,2,5,492,367,74.59,125,25.41
0206,2,6,718,537,74.79,181,25.21
0207,2,7,633,453,71.56,180,28.44
0208,2,8,490,371,75.71,119,24.29
0209,2,9,725,534,73.66,191,26.34
0210,2,10,321,221,68.85,100,31.15
0211,2,11,544,378,69.49,166,30.51
0212,2,12,502,343,68.33,159,31.67
0213,2,13,671,486,72.43,185,27.57
0214,2,14,383,272,71.02,111,28.98
0215,2,15,549,396,72.13,153,27.87
0216,2,16,627,480,76.56,147,23.44
0217,2,17,913,667,73.06,246,26.94
0218,2,18,522,354,67.82,168,32.18
0219,2,19,299,225,75.25,74,24.75
0220,2,20,383,259,67.62,124,32.38
0221,2,21,123,65,52.85,58,47.15
0222,2,22,443,316,71.33,127,28.67
0223,2,23,479,338,70.56,141,29.44
0224,2,24,392,271,69.13,121,30.87
0225,2,25,591,415,70.22,176,29.78
0301,3,1,570,367,64.39,203,35.61
0302,3,2,557,449,80.61,108,19.39
0303,3,3,390,257,65.9,133,34.1
0304,3,4,426,313,73.47,113,26.53
0305,3,5,111,82,73.87,29,26.13
0306,3,6,576,383,66.49,193,33.51
0307,3,7,275,196,71.27,79,28.73
0308,3,8,451,306,67.85,145,32.15
0309,3,9,360,228,63.33,132,36.67
0310,3,10,382,263,68.85,119,31.15
0311,3,11,606,439,72.44,167,27.56
0312,3,12,447,317,70.92,130,29.08
0313,3,13,661,463,70.05,198,29.95
0314,3,14,760,476,62.63,284,37.37
0315,3,15,442,337,76.24,105,23.76
0316,3,16,273,206,75.46,67,24.54
0317,3,17,159,120,75.47,39,24.53
0318,3,18,175,116,66.29,59,33.71
0319,3,19,779,536,68.81,243,31.19
0320,3,20,502,365,72.71,137,27.29
0321,3,21,493,333,67.55,160,32.45
0322,3,22,379,247,65.17,132,34.83
0323,3,23,279,201,72.04,78,27.96
0324,3,24,102,80,78.43,22,21.57
0325,3,25,755,567,75.1,188,24.9
0326,3,26,256,161,62.89,95,37.11
0327,3,27,643,446,69.36,197,30.64
0401,4,1,696,448,64.37,248,35.63
0402,4,2,252,163,64.68,89,35.32
0403,4,3,461,339,73.54,122,26.46
0404,4,4,564,415,73.58,149,26.42
0405,4,5,278,201,72.3,77,27.7
0406,4,6,406,286,70.44,120,29.56
0407,4,7,289,199,68.86,90,31.14
0408,4,8,423,330,78.01,93,21.99
0409,4,9,438,320,73.06,118,26.94
0410,4,10,400,305,76.25,95,23.75
0411,4,11,545,369,67.71,176,32.29
0412,4,12,338,241,71.3,97,28.7
0413,4,13,366,273,74.59,93,25.41
0414,4,14,307,220,71.66,87,28.34
0415,4,15,326,235,72.09,91,27.91
0416,4,16,457,341,74.62,116,25.38
0417,4,17,583,431,73.93,152,26.07
0418,4,18,184,128,69.57,56,30.43
0419,4,19,373,261,69.97,112,30.03
0420,4,20,559,422,75.49,137,24.51
0421,4,21,363,271,74.66,92,25.34
0422,4,22,184,141,76.63,43,23.37
0423,4,23,336,247,73.51,89,26.49
0424,4,24,624,462,74.04,162,25.96
0425,4,25,764,554,72.51,210,27.49
0426,4,26,673,489,72.66,184,27.34
0427,4,27,733,453,61.8,280,38.2
0428,4,28,761,489,64.26,272,35.74
0501,5,1,514,376,73.15,138,26.85
0502,5,2,619,473,76.41,146,23.59
0503,5,3,570,415,72.81,155,27.19
0504,5,4,463,341,73.65,122,26.35
0505,5,5,244,184,75.41,60,24.59
0506,5,6,226,171,75.66,55,24.34
0507,5,7,132,94,71.21,38,28.79
0508,5,8,175,126,72.0,49,28.0
0509,5,9,159,115,72.33,44,27.67
0510,5,10,262,183,69.85,79,30.15
0511,5,11,344,230,66.86,114,33.14
0512,5,12,591,420,71.07,171,28.93
0513,5,13,268,197,73.51,71,26.49
0514,5,14,277,213,76.9,64,23.1
0515,5,15,879,588,66.89,291,33.11
0516,5,16,547,373,68.19,174,31.81
0517,5,17,378,290,76.72,88,23.28
0518,5,18,799,569,71.21,230,28.79
0519,5,19,351,281,80.06,70,19.94
0520,5,20,612,428,69.93,184,30.07
0521,5,21,512,345,67.38,167,32.62
0522,5,22,610,357,58.52,253,41.48
0523,5,23,321,237,73.83,84,26.17
0524,5,24,313,228,72.84,85,27.16
0525,5,25,801,525,65.54,276,34.46
0601,6,1,162,124,76.54,38,23.46
0602,6,2,210,155,73.81,55,26.19
0603,6,3,66,40,60.61,26,39.39
0604,6,4,162,121,74.69,41,25.31
0605,6,5,291,218,74.91,73,25.09
0606,6,6,266,195,73.31,71,26.69
0607,6,7,335,253,75.52,82,24.48
0608,6,8,255,182,71.37,73,28.63
0609,6,9,534,401,75.09,133,24.91
0610,6,10,129,93,72.09,36,27.91
0611,6,11,146,110,75.34,36,24.66
0612,6,12,347,244,70.32,103,29.68
0613,6,13,457,332,72.65,125,27.35
0614,6,14,430,338,78.6,92,21.4
0615,6,15,458,333,72.71,125,27.29
0616,6,16,298,218,73.15,80,26.85
0617,6,17,515,390,75.73,125,24.27
0618,6,18,597,458,76.72,139,23.28
0619,6,19,377,263,69.76,114,30.24
0620,6,20,644,513,79.66,131,20.34
0621,6,21,477,339,71.07,138,28.93
0622,6,22,644,472,73.29,172,26.71
0623,6,23,616,480,77.92,136,22.08
0624,6,24,554,430,77.62,124,22.38
0625,6,25,404,318,78.71,86,21.29
0626,6,26,702,538,76.64,164,23.36
0627,6,27,631,485,76.86,146,23.14
0701,7,1,460,325,70.65,135,29.35
0702,7,2,603,464,76.95,139,23.05
0703,7,3,324,226,69.75,98,30.25
0704,7,4,388,276,71.13,112,28.87
0705,7,5,525,397,75.62,128,24.38
0706,7,6,139,102,73.38,37,26.62
0707,7,7,322,230,71.43,92,28.57
0708,7,8,213,161,75.59,52,24.41
0709,7,9,350,255,72.86,95,27.14
0710,7,10,498,374,75.1,124,24.9
0711,7,11,417,309,74.1,108,25.9
0712,7,12,519,390,75.14,129,24.86
0713,7,13,364,258,70.88,106,29.12
0714,7,14,313,234,74.76,79,25.24
0715,7,15,469,362,77.19,107,22.81
0716,7,16,160,123,76.88,37,23.13
0717,7,17,126,97,76.98,29,23.02
0718,7,18,62,54,87.1,8,12.9
0719,7,19,613,461,75.2,152,24.8
0720,7,20,341,266,78.01,75,21.99
0721,7,21,252,192,76.19,60,23.81
0722,7,22,292,243,83.22,49,16.78
0723,7,23,212,154,72.64,58,27.36
0724,7,24,61,43,70.49,18,29.51
0725,7,25,323,243,75.23,80,24.77
0726,7,26,471,376,79.83,95,20.17
0727,7,27,275,217,78.91,58,21.09
0728,7,28,181,140,77.35,41,22.65
0729,7,29,259,185,71.43,74,28.57
0730,7,30,238,180,75.63,58,24.37
0731,7,31,111,84,75.68,27,24.32
0801,8,1,492,362,73.58,130,26.42
0802,8,2,239,175,73.22,64,26.78
0803,8,3,197,157,79.7,40,20.3
0804,8,4,452,342,75.66,110,24.34
0805,8,5,320,247,77.19,73,22.81
0806,8,6,558,415,74.37,143,25.63
0807,8,7,327,253,77.37,74,22.63
0808,8,8,690,552,80.0,138,20.0
0809,8,9,443,328,74.04,115,25.96
0810,8,10,511,373,72.99,138,27.01
0811,8,11,413,329,79.66,84,20.34
0812,8,12,470,372,79.15,98,20.85
0813,8,13,446,361,80.94,85,19.06
0814,8,14,498,398,79.92,100,20.08
0815,8,15,384,292,76.04,92,23.96
0816,8,16,353,283,80.17,70,19.83
0817,8,17,589,486,82.51,103,17.49
0818,8,18,767,600,78.23,167,21.77
0819,8,19,617,478,77.47,139,22.53
0820,8,20,269,199,73.98,70,26.02
0821,8,21,230,175,76.09,55,23.91
0822,8,22,228,188,82.46,40,17.54
0823,8,23,585,462,78.97,123,21.03
0824,8,24,418,321,76.79,97,23.21
0825,8,25,165,126,76.36,39,23.64
0826,8,26,348,259,74.43,89,25.57
0827,8,27,450,348,77.33,102,22.67
0828,8,28,307,224,72.96,83,27.04
0829,8,29,298,234,78.52,64,21.48
0830,8,30,391,300,76.73,91,23.27
0901,9,1,486,338,69.55,148,30.45
0902,9,2,326,248,76.07,78,23.93
0903,9,3,163,111,68.1,52,31.9
0904,9,4,356,265,74.44,91,25.56
0905,9,5,357,270,75.63,87,24.37
0906,9,6,618,473,76.54,145,23.46
0907,9,7,465,341,73.33,124,26.67
0908,9,8,468,344,73.5,124,26.5
0909,9,9,272,204,75.0,68,25.0
0910,9,10,578,453,78.37,125,21.63
0911,9,11,191,141,73.82,50,26.18
0912,9,12,521,404,77.54,117,22.46
0913,9,13,501,370,73.85,131,26.15
0914,9,14,285,231,81.05,54,18.95
0915,9,15,379,293,77.31,86,22.69
0916,9,16,524,411,78.44,113,21.56
0917,9,17,167,125,74.85,42,25.15
0918,9,18,271,211,77.86,60,22.14
0919,9,19,226,173,76.55,53,23.45
0920,9,20,419,290,69.21,129,30.79
0921,9,21,480,361,75.21,119,24.79
0922,9,22,332,251,75.6,81,24.4
0923,9,23,275,205,74.55,70,25.45
0924,9,24,406,314,77.34,92,22.66
0925,9,25,307,246,80.13,61,19.87
0926,9,26,447,348,77.85,99,22.15
0927,9,27,251,194,77.29,57,22.71
0928,9,28,202,150,74.26,52,25.74
0929,9,29,612,472,77.12,140,22.88
0930,9,30,481,360,74.84,121,25.16
1001,10,1,121,93,76.86,28,23.14
1002,10,2,147,108,73.47,39,26.53
1003,10,3,253,179,70.75,74,29.25
1004,10,4,283,203,71.73,80,28.27
1005,10,5,110,78,70.91,32,29.09
1006,10,6,133,100,75.19,33,24.81
1007,10,7,267,158,59.18,109,40.82
1008,10,8,252,187,74.21,65,25.79
1009,10,9,289,198,68.51,91,31.49
1010,10,10,306,218,71.24,88,28.76
1011,10,11,109,76,69.72,33,30.28
1012,10,12,280,189,67.5,91,32.5
1013,10,13,313,226,72.2,87,27.8
1014,10,14,393,252,64.12,141,35.88
1015,10,15,361,256,70.91,105,29.09
1016,10,16,433,275,63.51,158,36.49
1017,10,17,388,265,68.3,123,31.7
1018,10,18,488,298,61.07,190,38.93
1019,10,19,277,195,70.4,82,29.6
1020,10,20,188,133,70.74,55,29.26
1021,10,21,231,141,61.04,90,38.96
1022,10,22,410,257,62.68,153,37.32
1023,10,23,271,197,72.69,74,27.31
1024,10,24,123,90,73.17,33,26.83
1025,10,25,218,156,71.56,62,28.44
1101,11,1,142,98,69.01,44,30.99
1102,11,2,74,51,68.92,23,31.08
1103,11,3,423,270,63.83,153,36.17
1104,11,4,311,176,56.59,135,43.41
1105,11,5,333,191,57.36,142,42.64
1106,11,6,424,254,59.91,170,40.09
1107,11,7,218,139,63.76,79,36.24
1108,11,8,364,213,58.52,151,41.48
1109,11,9,420,287,68.33,133,31.67
1110,11,10,71,45,63.38,26,36.62
1111,11,11,62,48,77.42,14,22.58
1112,11,12,124,84,67.74,40,32.26
1113,11,13,358,240,67.04,118,32.96
1114,11,14,708,427,60.31,281,39.69
1115,11,15,515,272,52.82,243,47.18
1116,11,16,611,335,54.83,276,45.17
1117,11,17,283,170,60.07,113,39.93
1118,11,18,385,259,67.27,126,32.73
1119,11,19,127,76,59.84,51,40.16
1120,11,20,382,240,62.83,142,37.17
1121,11,21,674,491,72.85,183,27.15
1122,11,22,429,303,70.63,126,29.37
1123,11,23,480,315,65.63,165,34.38
1201,12,1,238,138,57.98,100,42.02
1202,12,2,169,118,69.82,51,30.18
1203,12,3,328,187,57.01,141,42.99
1204,12,4,272,145,53.31,127,46.69
1205,12,5,261,147,56.32,114,43.68
1206,12,6,229,150,65.5,79,34.5
1207,12,7,238,146,61.34,92,38.66
1208,12,8,231,165,71.43,66,28.57
1209,12,9,133,73,54.89,60,45.11
1210,12,10,274,162,59.12,112,40.88
1211,12,11,200,136,68.0,64,32.0
1212,12,12,171,110,64.33,61,35.67
1213,12,13,185,121,65.41,64,34.59
1214,12,14,109,72,66.06,37,33.94
1215,12,15,234,143,61.11,91,38.89
1216,12,16,269,175,65.06,94,34.94
1217,12,17,222,151,68.02,71,31.98
1218,12,18,243,164,67.49,79,32.51
1219,12,19,149,92,61.74,57,38.26
1220,12,20,199,134,67.34,65,32.66
1221,12,21,201,121,60.2,80,39.8
1222,12,22,193,128,66.32,65,33.68
1301,13,1,224,168,75.0,56,25.0
1302,13,2,270,194,71.85,76,28.15
1303,13,3,384,219,57.03,165,42.97
1304,13,4,297,212,71.38,85,28.62
1305,13,5,269,174,64.68,95,35.32
1306,13,6,281,166,59.07,115,40.93
1307,13,7,214,142,66.36,72,33.64
1308,13,8,342,235,68.71,107,31.29
1309,13,9,399,253,63.41,146,36.59
1310,13,10,387,241,62.27,146,37.73
1311,13,11,215,135,62.79,80,37.21
1312,13,12,204,129,63.24,75,36.76
1313,13,13,271,165,60.89,106,39.11
1314,13,14,242,149,61.57,93,38.43
1315,13,15,197,127,64.47,70,35.53
1316,13,16,309,205,66.34,104,33.66
1317,13,17,333,219,65.77,114,34.23
1318,13,18,230,167,72.61,63,27.39
1319,13,19,221,129,58.37,92,41.63
1320,13,20,324,214,66.05,110,33.95
1321,13,21,267,174,65.17,93,34.83
1322,13,22,338,236,69.82,102,30.18
1323,13,23,347,198,57.06,149,42.94
1324,13,24,269,182,67.66,87,32.34
1325,13,25,254,170,66.93,84,33.07
1326,13,26,206,135,65.53,71,34.47
1327,13,27,172,114,66.28,58,33.72
1328,13,28,218,142,65.14,76,34.86
1329,13,29,201,144,71.64,57,28.36
1330,13,30,327,199,60.86,128,39.14
1331,13,31,226,142,62.83,84,37.17
1332,13,32,230,137,59.57,93,40.43
1333,13,33,280,179,63.93,101,36.07
1334,13,34,337,216,64.09,121,35.91
1335,13,35,424,279,65.8,145,34.2
1336,13,36,164,121,73.78,43,26.22
1337,13,37,359,231,64.35,128,35.65
1338,13,38,188,117,62.23,71,37.77
1339,13,39,345,224,64.93,121,35.07
1340,13,40,284,184,64.79,100,35.21
1401,14,1,376,268,71.28,108,28.72
1402,14,2,259,169,65.25,90,34.75
1403,14,3,177,116,65.54,61,34.46
1404,14,4,85,54,63.53,31,36.47
1405,14,5,297,210,70.71,87,29.29
1406,14,6,378,258,68.25,120,31.75
1407,14,7,337,225,66.77,112,33.23
1408,14,8,351,234,66.67,117,33.33
1409,14,9,372,245,65.86,127,34.14
1410,14,10,320,215,67.19,105,32.81
1411,14,11,377,258,68.44,119,31.56
1412,14,12,251,163,64.94,88,35.06
1413,14,13,404,269,66.58,135,33.42
1414,14,14,208,129,62.02,79,37.98
1415,14,15,212,153,72.17,59,27.83
1501,15,1,255,185,72.55,70,27.45
1502,15,2,356,267,75.0,89,25.0
1503,15,3,129,95,73.64,34,26.36
1504,15,4,157,104,66.24,53,33.76
1505,15,5,101,65,64.36,36,35.64
1506,15,6,226,141,62.39,85,37.61
1507,15,7,178,100,56.18,78,43.82
1508,15,8,199,125,62.81,74,37.19
1509,15,9,226,138,61.06,88,38.94
1510,15,10,178,129,72.47,49,27.53
1511,15,11,176,118,67.05,58,32.95
1512,15,12,238,171,71.85,67,28.15
1513,15,13,182,124,68.13,58,31.87
1514,15,14,190,133,70.0,57,30.0
1515,15,15,185,128,69.19,57,30.81
1516,15,16,300,201,67.0,99,33.0
1517,15,17,329,247,75.08,82,24.92
1518,15,18,225,171,76.0,54,24.0
1519,15,19,136,93,68.38,43,31.62
1520,15,20,213,128,60.09,85,39.91
1601,16,1,285,205,71.93,80,28.07
1602,16,2,191,132,69.11,59,30.89
1603,16,3,232,175,75.43,57,24.57
1604,16,4,147,107,72.79,40,27.21
1605,16,5,333,252,75.68,81,24.32
1606,16,6,304,223,73.36,81,26.64
1607,16,7,185,139,75.14,46,24.86
1608,16,8,137,100,72.99,37,27.01
1609,16,9,301,228,75.75,73,24.25
1610,16,10,223,172,77.13,51,22.87
1611,16,11,201,141,70.15,60,29.85
1612,16,12,79,63,79.75,16,20.25
1613,16,13,116,87,75.0,29,25.0
1614,16,14,325,238,73.23,87,26.77
1615,16,15,261,185,70.88,76,29.12
1616,16,16,193,139,72.02,54,27.98
1617,16,17,359,258,71.87,101,28.13
1618,16,18,343,229,66.76,114,33.24
1619,16,19,271,196,72.32,75,27.68
1620,16,20,259,200,77.22,59,22.78
1621,16,21,169,115,68.05,54,31.95
1622,16,22,272,201,73.9,71,26.1
1623,16,23,190,130,68.42,60,31.58
1624,16,24,215,152,70.7,63,29.3
1625,16,25,103,76,73.79,27,26.21
1701,17,1,356,236,66.29,120,33.71
1702,17,2,220,164,74.55,56,25.45
1703,17,3,262,201,76.72,61,23.28
1704,17,4,264,199,75.38,65,24.62
1705,17,5,175,129,73.71,46,26.29
1706,17,6,243,182,74.9,61,25.1
1707,17,7,146,109,74.66,37,25.34
1708,17,8,199,155,77.89,44,22.11
1709,17,9,189,129,68.25,60,31.75
1710,17,10,387,271,70.03,116,29.97
1711,17,11,241,169,70.12,72,29.88
1712,17,12,150,112,74.67,38,25.33
1713,17,13,167,133,79.64,34,20.36
1714,17,14,180,132,73.33,48,26.67
1715,17,15,490,386,78.78,104,21.22
1716,17,16,211,150,71.09,61,28.91
1717,17,17,193,160,82.9,33,17.1
1718,17,18,561,423,75.4,138,24.6
1719,17,19,371,286,77.09,85,22.91
1720,17,20,380,296,77.89,84,22.11
1721,17,21,415,316,76.14,99,23.86
1722,17,22,424,311,73.35,113,26.65
1723,17,23,265,199,75.09,66,24.91
1724,17,24,453,344,75.94,109,24.06
1725,17,25,200,151,75.5,49,24.5
1726,17,26,387,310,80.1,77,19.9
1727,17,27,466,360,77.25,106,22.75
1728,17,28,527,392,74.38,135,25.62
1729,17,29,471,359,76.22,112,23.78
1801,18,1,581,447,76.94,134,23.06
1802,18,2,623,478,76.73,145,23.27
1803,18,3,266,201,75.56,65,24.44
1804,18,4,444,357,80.41,87,19.59
1805,18,5,370,295,79.73,75,20.27
1806,18,6,569,460,80.84,109,19.16
1807,18,7,498,379,76.1,119,23.9
1808,18,8,760,556,73.16,204,26.84
1809,18,9,604,451,74.67,153,25.33
1810,18,10,674,513,76.11,161,23.89
1811,18,11,378,290,76.72,88,23.28
1812,18,12,614,468,76.22,146,23.78
1813,18,13,496,371,74.8,125,25.2
1814,18,14,384,289,75.26,95,24.74
1815,18,15,288,226,78.47,62,21.53
1816,18,16,442,335,75.79,107,24.21
1817,18,17,331,237,71.6,94,28.4
1818,18,18,401,257,64.09,144,35.91
1819,18,19,357,267,74.79,90,25.21
1820,18,20,329,251,76.29,78,23.71
1821,18,21,456,340,74.56,116,25.44
1822,18,22,445,305,68.54,140,31.46
1823,18,23,519,346,66.67,173,33.33
1824,18,24,570,386,67.72,184,32.28
1825,18,25,307,201,65.47,106,34.53
1826,18,26,526,350,66.54,176,33.46
1901,19,1,706,448,63.46,258,36.54
1902,19,2,667,501,75.11,166,24.89
1903,19,3,503,284,56.46,219,43.54
1904,19,4,499,304,60.92,195,39.08
1905,19,5,556,434,78.06,122,21.94
1906,19,6,529,303,57.28,226,42.72
1907,19,7,699,419,59.94,280,40.06
1908,19,8,502,395,78.69,107,21.31
1909,19,9,444,326,73.42,118,26.58
1910,19,10,511,393,76.91,118,23.09
1911,19,11,458,280,61.14,178,38.86
1912,19,12,691,409,59.19,282,40.81
1913,19,13,446,319,71.52,127,28.48
1914,19,14,605,437,72.23,168,27.77
1915,19,15,411,234,56.93,177,43.07
1916,19,16,517,303,58.61,214,41.39
1917,19,17,481,312,64.86,169,35.14
1918,19,18,478,281,58.79,197,41.21
1919,19,19,540,392,72.59,148,27.41
1920,19,20,427,316,74.0,111,26.0
1921,19,21,709,413,58.25,296,41.75
1922,19,22,471,311,66.03,160,33.97
1923,19,23,505,347,68.71,158,31.29
1924,19,24,496,293,59.07,203,40.93
1925,19,25,461,359,77.87,102,22.13
1926,19,26,425,309,72.71,116,27.29
1927,19,27,687,488,71.03,199,28.97
1928,19,28,846,593,70.09,253,29.91
1929,19,29,618,380,61.49,238,38.51
1930,19,30,509,282,55.4,227,44.6
1931,19,31,754,537,71.22,217,28.78
1932,19,32,454,339,74.67,115,25.33
1933,19,33,358,193,53.91,165,46.09
1934,19,34,799,569,71.21,230,28.79
1935,19,35,535,401,74.95,134,25.05
1936,19,36,439,343,78.13,96,21.87
2001,20,1,212,141,66.51,71,33.49
2002,20,2,124,84,67.74,40,32.26
2003,20,3,141,103,73.05,38,26.95
2004,20,4,109,80,73.39,29,26.61
2005,20,5,198,141,71.21,57,28.79
2006,20,6,131,106,80.92,25,19.08
2007,20,7,154,115,74.68,39,25.32
2008,20,8,201,150,74.63,51,25.37
2009,20,9,388,282,72.68,106,27.32
2010,20,10,425,304,71.53,121,28.47
2011,20,11,346,258,74.57,88,25.43
2012,20,12,71,47,66.2,24,33.8
2013,20,13,601,409,68.05,192,31.95
2014,20,14,384,285,74.22,99,25.78
2015,20,15,347,250,72.05,97,27.95
2016,20,16,373,275,73.73,98,26.27
2017,20,17,464,318,68.53,146,31.47
2018,20,18,544,370,68.01,174,31.99
2019,20,19,319,216,67.71,103,32.29
2020,20,20,359,257,71.59,102,28.41
2021,20,21,501,338,67.47,163,32.53
2022,20,22,460,334,72.61,126,27.39
2023,20,23,158,111,70.25,47,29.75
2101,21,1,555,423,76.22,132,23.78
2102,21,2,166,132,79.52,34,20.48
2103,21,3,591,464,78.51,127,21.49
2104,21,4,487,375,77.0,112,23.0
2105,21,5,506,387,76.48,119,23.52
2106,21,6,439,341,77.68,98,22.32
2107,21,7,623,470,75.44,153,24.56
2108,21,8,455,342,75.16,113,24.84
2109,21,9,163,124,76.07,39,23.93
2110,21,10,576,438,76.04,138,23.96
2111,21,11,578,457,79.07,121,20.93
2112,21,12,251,198,78.88,53,21.12
2113,21,13,421,314,74.58,107,25.42
2114,21,14,628,486,77.39,142,22.61
2115,21,15,621,488,78.58,133,21.42
2116,21,16,547,415,75.87,132,24.13
2117,21,17,394,310,78.68,84,21.32
2118,21,18,597,465,77.89,132,22.11
2119,21,19,471,345,73.25,126,26.75
2120,21,20,332,241,72.59,91,27.41
2121,21,21,590,410,69.49,180,30.51
2122,21,22,617,456,73.91,161,26.09
2123,21,23,451,316,70.07,135,29.93
2124,21,24,435,339,77.93,96,22.07
2125,21,25,362,283,78.18,79,21.82
2126,21,26,393,306,77.86,87,22.14
2127,21,27,569,427,75.04,142,24.96
2128,21,28,513,375,73.1,138,26.9
2129,21,29,535,386,72.15,149,27.85
2201,22,1,174,131,75.29,43,24.71
2202,22,2,105,69,65.71,36,34.29
2203,22,3,217,152,70.05,65,29.95
2204,22,4,123,87,70.73,36,29.27
2205,22,5,358,227,63.41,131,36.59
2206,22,6,187,122,65.24,65,34.76
2207,22,7,196,124,63.27,72,36.73
2208,22,8,224,146,65.18,78,34.82
2209,22,9,180,129,71.67,51,28.33
2210,22,10,245,167,68.16,78,31.84
2211,22,11,312,214,68.59,98,31.41
2212,22,12,192,131,68.23,61,31.77
2213,22,13,251,176,70.12,75,29.88
2214,22,14,194,139,71.65,55,28.35
2215,22,15,124,76,61.29,48,38.71
2216,22,16,290,199,68.62,91,31.38
2217,22,17,123,88,71.54,35,28.46
2218,22,18,242,195,80.58,47,19.42
2219,22,19,408,277,67.89,131,32.11
2301,23,1,243,147,60.49,96,39.51
2302,23,2,407,236,57.99,171,42.01
2303,23,3,263,153,58.17,110,41.83
2304,23,4,214,117,54.67,97,45.33
2305,23,5,353,204,57.79,149,42.21
2306,23,6,195,101,51.79,94,48.21
2307,23,7,259,149,57.53,110,42.47
2308,23,8,252,166,65.87,86,34.13
2309,23,9,405,277,68.4,128,31.6
2310,23,10,446,269,60.31,177,39.69
2311,23,11,180,113,62.78,67,37.22
2312,23,12,256,173,67.58,83,32.42
2313,23,13,427,296,69.32,131,30.68
2314,23,14,312,205,65.71,107,34.29
2315,23,15,348,233,66.95,115,33.05
2316,23,16,180,116,64.44,64,35.56
2317,23,17,241,171,70.95,70,29.05
2318,23,18,212,150,70.75,62,29.25
2319,23,19,184,133,72.28,51,27.72
2320,23,20,176,110,62.5,66,37.5
2321,23,21,156,111,71.15,45,28.85
2322,23,22,169,121,71.6,48,28.4
2323,23,23,165,115,69.7,50,30.3
2324,23,24,155,102,65.81,53,34.19
2325,23,25,138,111,80.43,27,19.57
2326,23,26,118,88,74.58,30,25.42
2327,23,27,143,99,69.23,44,30.77
2328,23,28,211,148,70.14,63,29.86
2329,23,29,287,199,69.34,88,30.66
2330,23,30,171,122,71.35,49,28.65
2331,23,31,194,144,74.23,50,25.77
2332,23,32,166,123,74.1,43,25.9
2333,23,33,386,259,67.1,127,32.9
2401,24,1,149,115,77.18,34,22.82
2402,24,2,151,118,78.15,33,21.85
2403,24,3,343,261,76.09,82,23.91
2404,24,4,270,203,75.19,67,24.81
2405,24,5,441,328,74.38,113,25.62
2406,24,6,298,212,71.14,86,28.86
2407,24,7,147,113,76.87,34,23.13
2408,24,8,197,144,73.1,53,26.9
2409,24,9,365,250,68.49,115,31.51
2410,24,10,278,216,77.7,62,22.3
2411,24,11,325,251,77.23,74,22.77
2412,24,12,379,274,72.3,105,27.7
2413,24,13,342,256,74.85,86,25.15
2414,24,14,252,186,73.81,66,26.19
2415,24,15,316,235,74.37,81,25.63
2416,24,16,419,271,64.68,148,35.32
2417,24,17,245,183,74.69,62,25.31
2418,24,18,404,225,55.69,179,44.31
2419,24,19,942,504,53.5,438,46.5
2501,25,1,285,187,65.61,98,34.39
2502,25,2,204,128,62.75,76,37.25
2503,25,3,290,171,58.97,119,41.03
2504,25,4,350,194,55.43,156,44.57
2505,25,5,419,243,58.0,176,42.0
2506,25,6,463,232,50.11,231,49.89
2507,25,7,450,224,49.78,226,50.22
2508,25,8,431,247,57.31,184,42.69
2509,25,9,462,245,53.03,217,46.97
2510,25,10,511,262,51.27,249,48.73
2511,25,11,451,248,54.99,203,45.01
2512,25,12,397,210,52.9,187,47.1
2513,25,13,595,363,61.01,232,38.99
2514,25,14,582,312,53.61,270,46.39
2515,25,15,458,324,70.74,134,29.26
2516,25,16,574,292,50.87,282,49.13
2517,25,17,249,157,63.05,92,36.95
2601,26,1,179,113,63.13,66,36.87
2602,26,2,246,149,60.57,97,39.43
2603,26,3,431,224,51.97,207,48.03
2604,26,4,245,161,65.71,84,34.29
2605,26,5,326,175,53.68,151,46.32
2606,26,6,198,107,54.04,91,45.96
2607,26,7,310,157,50.65,153,49.35
2608,26,8,226,130,57.52,96,42.48
2609,26,9,212,124,58.49,88,41.51
2610,26,10,252,131,51.98,121,48.02
2611,26,11,232,118,50.86,114,49.14
2612,26,12,98,49,50.0,49,50.0
2613,26,13,200,110,55.0,90,45.0
2614,26,14,142,96,67.61,46,32.39
2615,26,15,165,96,58.18,69,41.82
2616,26,16,391,180,46.04,211,53.96
2617,26,17,347,160,46.11,187,53.89
2618,26,18,167,113,67.66,54,32.34
2619,26,19,395,207,52.41,188,47.59
2620,26,20,430,206,47.91,224,52.09
2621,26,21,191,131,68.59,60,31.41
2622,26,22,152,92,60.53,60,39.47
2623,26,23,335,178,53.13,157,46.87
2624,26,24,162,92,56.79,70,43.21
2625,26,25,366,192,52.46,174,47.54
2626,26,26,390,189,48.46,201,51.54
2627,26,27,452,232,51.33,220,48.67
2628,26,28,401,197,49.13,204,50.87
2629,26,29,393,215,54.71,178,45.29
2630,26,30,225,103,45.78,122,54.22
2631,26,31,232,150,64.66,82,35.34
2632,26,32,331,185,55.89,146,44.11
2701,27,1,445,272,61.12,173,38.88
2702,27,2,573,400,69.81,173,30.19
2703,27,3,251,180,71.71,71,28.29
2704,27,4,398,282,70.85,116,29.15
2705,27,5,251,169,67.33,82,32.67
2706,27,6,505,353,69.9,152,30.1
2707,27,7,671,430,64.08,241,35.92
2708,27,8,164,113,68.9,51,31.1
2709,27,9,463,342,73.87,121,26.13
2710,27,10,264,186,70.45,78,29.55
2711,27,11,485,308,63.51,177,36.49
2712,27,12,363,257,70.8,106,29.2
2713,27,13,398,268,67.34,130,32.66
2714,27,14,304,211,69.41,93,30.59
2715,27,15,396,276,69.7,120,30.3
2716,27,16,557,362,64.99,195,35.01
2717,27,17,215,144,66.98,71,33.02
2718,27,18,491,332,67.62,159,32.38
2719,27,19,148,102,68.92,46,31.08
2720,27,20,267,202,75.66,65,24.34
2721,27,21,204,143,70.1,61,29.9
2722,27,22,280,198,70.71,82,29.29
2723,27,23,258,189,73.26,69,26.74
2724,27,24,148,111,75.0,37,25.0
2725,27,25,373,247,66.22,126,33.78
2726,27,26,416,275,66.11,141,33.89
2727,27,27,298,183,61.41,115,38.59
2728,27,28,341,249,73.02,92,26.98
2729,27,29,690,436,63.19,254,36.81
2801,28,1,220,156,70.91,64,29.09
2802,28,2,222,176,79.28,46,20.72
2803,28,3,67,50,74.63,17,25.37
2804,28,4,192,140,72.92,52,27.08
2805,28,5,168,137,81.55,31,18.45
2806,28,6,331,221,66.77,110,33.23
2807,28,7,149,91,61.07,58,38.93
2808,28,8,284,209,73.59,75,26.41
2809,28,9,152,112,73.68,40,26.32
2810,28,10,109,75,68.81,34,31.19
2811,28,11,453,275,60.71,178,39.29
2812,28,12,590,371,62.88,219,37.12
2813,28,13,465,353,75.91,112,24.09
2814,28,14,357,241,67.51,116,32.49
2815,28,15,205,143,69.76,62,30.24
2816,28,16,449,293,65.26,156,34.74
2817,28,17,241,176,73.03,65,26.97
2818,28,18,288,210,72.92,78,27.08
2819,28,19,288,227,78.82,61,21.18
2820,28,20,237,151,63.71,86,36.29
2821,28,21,247,190,76.92,57,23.08
2822,28,22,210,155,73.81,55,26.19
2823,28,23,280,216,77.14,64,22.86
2824,28,24,233,183,78.54,50,21.46
2825,28,25,395,299,75.7,96,24.3
2826,28,26,143,113,79.02,30,20.98
2901,29,1,471,307,65.18,164,34.82
2902,29,2,388,270,69.59,118,30.41
2903,29,3,325,226,69.54,99,30.46
2904,29,4,358,239,66.76,119,33.24
2905,29,5,359,253,70.47,106,29.53
2906,29,6,291,197,67.7,94,32.3
2907,29,7,580,397,68.45,183,31.55
2908,29,8,735,534,72.65,201,27.35
2909,29,9,319,238,74.61,81,25.39
2910,29,10,454,360,79.3,94,20.7
2911,29,11,385,283,73.51,102,26.49
2912,29,12,481,370,76.92,111,23.08
2913,29,13,473,369,78.01,104,21.99
2914,29,14,388,273,70.36,115,29.64
2915,29,15,390,275,70.51,115,29.49
2916,29,16,451,345,76.5,106,23.5
2917,29,17,277,212,76.53,65,23.47
2918,29,18,412,312,75.73,100,24.27
2919,29,19,474,358,75.53,116,24.47
2920,29,20,270,205,75.93,65,24.07
2921,29,21,320,232,72.5,88,27.5
2922,29,22,445,334,75.06,111,24.94
2923,29,23,423,328,77.54,95,22.46
2924,29,24,339,265,78.17,74,21.83
3001,30,1,439,286,65.15,153,34.85
3002,30,2,310,201,64.84,109,35.16
3003,30,3,427,239,55.97,188,44.03
3004,30,4,322,194,60.25,128,39.75
3005,30,5,346,220,63.58,126,36.42
3006,30,6,413,277,67.07,136,32.93
3007,30,7,283,179,63.25,104,36.75
3008,30,8,492,275,55.89,217,44.11
3009,30,9,423,287,67.85,136,32.15
3010,30,10,334,203,60.78,131,39.22
3011,30,11,294,202,68.71,92,31.29
3012,30,12,400,259,64.75,141,35.25
3013,30,13,322,208,64.6,114,35.4
3014,30,14,377,233,61.8,144,38.2
3015,30,15,535,310,57.94,225,42.06
3016,30,16,280,199,71.07,81,28.93
3017,30,17,393,252,64.12,141,35.88
3018,30,18,346,202,58.38,144,41.62
3019,30,19,212,123,58.02,89,41.98
3020,30,20,286,151,52.8,135,47.2
3021,30,21,469,306,65.25,163,34.75
3022,30,22,460,284,61.74,176,38.26
3023,30,23,494,304,61.54,190,38.46
3024,30,24,403,256,63.52,147,36.48
3025,30,25,272,165,60.66,107,39.34
3026,30,26,511,263,51.47,248,48.53
3101,31,1,279,172,61.65,107,38.35
3102,31,2,453,230,50.77,223,49.23
3103,31,3,246,165,67.07,81,32.93
3104,31,4,313,159,50.8,154,49.2
3105,31,5,286,180,62.94,106,37.06
3106,31,6,227,130,57.27,97,42.73
3107,31,7,266,178,66.92,88,33.08
3108,31,8,374,234,62.57,140,37.43
3109,31,9,244,146,59.84,98,40.16
3110,31,10,385,231,60.0,154,40.0
3111,31,11,369,251,68.02,118,31.98
3112,31,12,430,268,62.33,162,37.67
3113,31,13,320,215,67.19,105,32.81
3114,31,14,306,202,66.01,104,33.99
3115,31,15,142,94,66.2,48,33.8
3116,31,16,198,128,64.65,70,35.35
3117,31,17,258,170,65.89,88,34.11
3118,31,18,213,145,68.08,68,31.92
3119,31,19,270,190,70.37,80,29.63
3120,31,20,273,184,67.4,89,32.6
3121,31,21,273,179,65.57,94,34.43
3122,31,22,115,69,60.0,46,40.0
3123,31,23,152,83,54.61,69,45.39
3201,32,1,1003,668,66.6,335,33.4
3202,32,2,771,502,65.11,269,34.89
3203,32,3,541,357,65.99,184,34.01
3204,32,4,548,364,66.42,184,33.58
3205,32,5,419,287,68.5,132,31.5
3206,32,6,253,167,66.01,86,33.99
3207,32,7,560,369,65.89,191,34.11
3208,32,8,405,274,67.65,131,32.35
3209,32,9,382,258,67.54,124,32.46
3210,32,10,716,469,65.5,247,34.5
3211,32,11,448,303,67.63,145,32.37
3212,32,12,272,190,69.85,82,30.15
3213,32,13,179,115,64.25,64,35.75
3214,32,14,813,540,66.42,273,33.58
3215,32,15,784,550,70.15,234,29.85
3216,32,16,388,278,71.65,110,28.35
3217,32,17,723,486,67.22,237,32.78
3218,32,18,295,181,61.36,114,38.64
3219,32,19,356,225,63.2,131,36.8
3220,32,20,747,511,68.41,236,31.59
3221,32,21,760,448,58.95,312,41.05
3222,32,22,747,449,60.11,298,39.89
3223,32,23,498,300,60.24,198,39.76
3224,32,24,261,163,62.45,98,37.55
3225,32,25,544,367,67.46,177,32.54
3226,32,26,726,479,65.98,247,34.02
3227,32,27,697,452,64.85,245,35.15
3228,32,28,208,125,60.1,83,39.9
3229,32,29,552,339,61.41,213,38.59
3230,32,30,695,433,62.3,262,37.7
3301,33,1,774,485,62.66,289,37.34
3302,33,2,838,485,57.88,353,42.12
3303,33,3,590,364,61.69,226,38.31
3304,33,4,799,469,58.7,330,41.3
3305,33,5,642,389,60.59,253,39.41
3306,33,6,697,382,54.81,315,45.19
3307,33,7,658,411,62.46,247,37.54
3308,33,8,474,285,60.13,189,39.87
3309,33,9,467,276,59.1,191,40.9
3310,33,10,499,272,54.51,227,45.49
3311,33,11,403,256,63.52,147,36.48
3312,33,12,616,338,54.87,278,45.13
3313,33,13,535,299,55.89,236,44.11
3314,33,14,719,394,54.8,325,45.2
3315,33,15,510,270,52.94,240,47.06
3316,33,16,685,434,63.36,251,36.64
3317,33,17,631,353,55.94,278,44.06
3401,34,1,496,334,67.34,162,32.66
3402,34,2,313,211,67.41,102,32.59
3403,34,3,681,456,66.96,225,33.04
3404,34,4,390,276,70.77,114,29.23
3405,34,5,662,453,68.43,209,31.57
3406,34,6,464,337,72.63,127,27.37
3407,34,7,219,154,70.32,65,29.68
3408,34,8,368,247,67.12,121,32.88
3409,34,9,696,468,67.24,228,32.76
3410,34,10,280,202,72.14,78,27.86
3411,34,11,468,322,68.8,146,31.2
3412,34,12,479,337,70.35,142,29.65
3413,34,13,579,399,68.91,180,31.09
3414,34,14,553,383,69.26,170,30.74
3415,34,15,446,294,65.92,152,34.08
3416,34,16,714,455,63.73,259,36.27
3417,34,17,638,395,61.91,243,38.09
3418,34,18,590,413,70.0,177,30.0
3419,34,19,461,333,72.23,128,27.77
3420,34,20,600,428,71.33,172,28.67
3501,35,1,174,112,64.37,62,35.63
3502,35,2,419,270,64.44,149,35.56
3503,35,3,317,174,54.89,143,45.11
3504,35,4,489,272,55.62,217,44.38
3505,35,5,666,324,48.65,342,51.35
3506,35,6,967,468,48.4,499,51.6
3507,35,7,669,331,49.48,338,50.52
3508,35,8,455,243,53.41,212,46.59
3509,35,9,773,350,45.28,423,54.72
3510,35,10,484,242,50.0,242,50.0
3511,35,11,652,358,54.91,294,45.09
3512,35,12,818,374,45.72,444,54.28
3513,35,13,546,253,46.34,293,53.66
3514,35,14,492,250,50.81,242,49.19
3515,35,15,636,331,52.04,305,47.96
3516,35,16,843,424,50.3,419,49.7
3517,35,17,539,303,56.22,236,43.78
3518,35,18,360,194,53.89,166,46.11
3519,35,19,534,286,53.56,248,46.44
3520,35,20,311,189,60.77,122,39.23
3521,35,21,481,279,58.0,202,42.0
3522,35,22,639,414,64.79,225,35.21
3601,36,1,269,171,63.57,98,36.43
3602,36,2,324,207,63.89,117,36.11
3603,36,3,256,155,60.55,101,39.45
3604,36,4,317,213,67.19,104,32.81
3605,36,5,256,170,66.41,86,33.59
3606,36,6,211,141,66.82,70,33.18
3607,36,7,177,121,68.36,56,31.64
3608,36,8,135,85,62.96,50,37.04
3609,36,9,388,280,72.16,108,27.84
3610,36,10,283,181,63.96,102,36.04
3611,36,11,204,136,66.67,68,33.33
3612,36,12,146,84,57.53,62,42.47
3613,36,13,81,43,53.09,38,46.91
3614,36,14,263,165,62.74,98,37.26
3615,36,15,130,87,66.92,43,33.08
3616,36,16,101,69,68.32,32,31.68
3617,36,17,375,177,47.2,198,52.8
3618,36,18,434,214,49.31,220,50.69
3619,36,19,556,276,49.64,280,50.36
3620,36,20,631,308,48.81,323,51.19
3621,36,21,431,239,55.45,192,44.55
3622,36,22,546,272,49.82,274,50.18
3623,36,23,490,290,59.18,200,40.82
3624,36,24,509,294,57.76,215,42.24
3625,36,25,587,338,57.58,249,42.42
3626,36,26,518,289,55.79,229,44.21
3627,36,27,588,365,62.07,223,37.93
3701,37,1,369,269,72.9,100,27.1
3702,37,2,295,196,66.44,99,33.56
3703,37,3,325,248,76.31,77,23.69
3704,37,4,358,250,69.83,108,30.17
3705,37,5,244,169,69.26,75,30.74
3706,37,6,457,333,72.87,124,27.13
3707,37,7,303,209,68.98,94,31.02
3708,37,8,423,315,74.47,108,25.53
3709,37,9,173,125,72.25,48,27.75
3710,37,10,296,220,74.32,76,25.68
3711,37,11,311,222,71.38,89,28.62
3712,37,12,416,303,72.84,113,27.16
3713,37,13,256,176,68.75,80,31.25
3714,37,14,392,299,76.28,93,23.72
3715,37,15,333,252,75.68,81,24.32
3716,37,16,432,315,72.92,117,27.08
3717,37,17,246,192,78.05,54,21.95
3718,37,18,313,236,75.4,77,24.6
3719,37,19,268,192,71.64,76,28.36
3720,37,20,426,332,77.93,94,22.07
3721,37,21,232,168,72.41,64,27.59
3722,37,22,307,226,73.62,81,26.38
3801,38,1,651,395,60.68,256,39.32
3802,38,2,328,209,63.72,119,36.28
3803,38,3,480,290,60.42,190,39.58
3804,38,4,336,219,65.18,117,34.82
3805,38,5,542,337,62.18,205,37.82
3806,38,6,363,213,58.68,150,41.32
3807,38,7,436,268,61.47,168,38.53
3808,38,8,364,223,61.26,141,38.74
3809,38,9,373,253,67.83,120,32.17
3810,38,10,354,238,67.23,116,32.77
3811,38,11,410,295,71.95,115,28.05
3812,38,12,569,348,61.16,221,38.84
3813,38,13,304,199,65.46,105,34.54
3814,38,14,384,247,64.32,137,35.68
3815,38,15,331,206,62.24,125,37.76
3816,38,16,572,349,61.01,223,38.99
3817,38,17,500,331,66.2,169,33.8
3818,38,18,595,393,66.05,202,33.95
3819,38,19,592,385,65.03,207,34.97
3820,38,20,512,329,64.26,183,35.74
3821,38,21,644,400,62.11,244,37.89
3822,38,22,438,291,66.44,147,33.56
3823,38,23,610,370,60.66,240,39.34
3824,38,24,576,373,64.76,203,35.24
3825,38,25,662,422,63.75,240,36.25
3901,39,1,461,316,68.55,145,31.45
3902,39,2,232,182,78.45,50,21.55
3903,39,3,392,258,65.82,134,34.18
3904,39,4,517,342,66.15,175,33.85
3905,39,5,357,233,65.27,124,34.73
3906,39,6,290,172,59.31,118,40.69
3907,39,7,261,172,65.9,89,34.1
3908,39,8,266,181,68.05,85,31.95
3909,39,9,240,152,63.33,88,36.67
3910,39,10,346,204,58.96,142,41.04
3911,39,11,213,140,65.73,73,34.27
3912,39,12,415,274,66.02,141,33.98
3913,39,13,649,431,66.41,218,33.59
3914,39,14,645,430,66.67,215,33.33
3915,39,15,528,330,62.5,198,37.5
3916,39,16,290,192,66.21,98,33.79
3917,39,17,731,449,61.42,282,38.58
3918,39,18,329,199,60.49,130,39.51
3919,39,19,664,426,64.16,238,35.84
3920,39,20,442,252,57.01,190,42.99
3921,39,21,565,347,61.42,218,38.58
3922,39,22,287,191,66.55,96,33.45
3923,39,23,65,43,66.15,22,33.85
3924,39,24,420,262,62.38,158,37.62
3925,39,25,297,182,61.28,115,38.72
3926,39,26,258,170,65.89,88,34.11
3927,39,27,247,165,66.8,82,33.2
3928,39,28,273,178,65.2,95,34.8
3929,39,29,130,99,76.15,31,23.85
3930,39,30,239,157,65.69,82,34.31
3931,39,31,313,207,66.13,106,33.87
3932,39,32,761,473,62.16,288,37.84
3933,39,33,269,188,69.89,81,30.11
3934,39,34,309,211,68.28,98,31.72
3935,39,35,535,346,64.67,189,35.33
4001,40,1,498,351,70.48,147,29.52
4002,40,2,525,379,72.19,146,27.81
4003,40,3,464,324,69.83,140,30.17
4004,40,4,479,333,69.52,146,30.48
4005,40,5,392,261,66.58,131,33.42
4006,40,6,444,325,73.2,119,26.8
4007,40,7,501,325,64.87,176,35.13
4008,40,8,334,237,70.96,97,29.04
4009,40,9,582,370,63.57,212,36.43
4010,40,10,891,560,62.85,331,37.15
4011,40,11,551,341,61.89,210,38.11
4012,40,12,603,386,64.01,217,35.99
4013,40,13,626,376,60.06,250,39.94
4014,40,14,811,437,53.88,374,46.12
4015,40,15,610,372,60.98,238,39.02
4016,40,16,603,341,56.55,262,43.45
4017,40,17,639,398,62.28,241,37.72
4018,40,18,694,421,60.66,273,39.34
4019,40,19,603,365,60.53,238,39.47
4020,40,20,699,436,62.37,263,37.63
4021,40,21,629,361,57.39,268,42.61
4022,40,22,875,482,55.09,393,44.91
4023,40,23,913,567,62.1,346,37.9
4101,41,1,368,227,61.68,141,38.32
4102,41,2,246,171,69.51,75,30.49
4103,41,3,270,160,59.26,110,40.74
4104,41,4,389,242,62.21,147,37.79
4105,41,5,412,254,61.65,158,38.35
4106,41,6,388,241,62.11,147,37.89
4107,41,7,345,206,59.71,139,40.29
4108,41,8,348,211,60.63,137,39.37
4109,41,9,659,408,61.91,251,38.09
4110,41,10,544,323,59.38,221,40.63
4111,41,11,416,279,67.07,137,32.93
4112,41,12,266,157,59.02,109,40.98
4113,41,13,583,377,64.67,206,35.33
4114,41,14,674,428,63.5,246,36.5
4115,41,15,848,517,60.97,331,39.03
4116,41,16,295,198,67.12,97,32.88
4117,41,17,198,125,63.13,73,36.87
4118,41,18,643,462,71.85,181,28.15
4119,41,19,311,201,64.63,110,35.37
4120,41,20,347,209,60.23,138,39.77
4121,41,21,345,203,58.84,142,41.16
4122,41,22,278,171,61.51,107,38.49
4123,41,23,400,252,63.0,148,37.0
4124,41,24,623,373,59.87,250,40.13
4125,41,25,556,311,55.94,245,44.06
4126,41,26,678,445,65.63,233,34.37
4127,41,27,486,301,61.93,185,38.07
4128,41,28,818,542,66.26,276,33.74
4129,41,29,843,566,67.14,277,32.86
4130,41,30,674,421,62.46,253,37.54
4131,41,31,598,370,61.87,228,38.13
4201,42,1,259,194,74.9,65,25.1
4202,42,2,238,171,71.85,67,28.15
4203,42,3,653,480,73.51,173,26.49
4204,42,4,565,395,69.91,170,30.09
4205,42,5,796,586,73.62,210,26.38
4206,42,6,340,266,78.24,74,21.76
4207,42,7,530,387,73.02,143,26.98
4208,42,8,351,246,70.09,105,29.91
4209,42,9,595,417,70.08,178,29.92
4210,42,10,390,261,66.92,129,33.08
4211,42,11,437,306,70.02,131,29.98
4212,42,12,339,231,68.14,108,31.86
4213,42,13,269,176,65.43,93,34.57
4214,42,14,202,146,72.28,56,27.72
4215,42,15,190,136,71.58,54,28.42
4216,42,16,632,426,67.41,206,32.59
4217,42,17,700,495,70.71,205,29.29
4218,42,18,399,280,70.18,119,29.82
4219,42,19,577,412,71.4,165,28.6
4220,42,20,591,413,69.88,178,30.12
4221,42,21,656,481,73.32,175,26.68
4222,42,22,639,429,67.14,210,32.86
4223,42,23,658,497,75.53,161,24.47
4224,42,24,662,501,75.68,161,24.32
4301,43,1,656,506,77.13,150,22.87
4302,43,2,764,586,76.7,178,23.3
4303,43,3,249,181,72.69,68,27.31
4304,43,4,507,383,75.54,124,24.46
4305,43,5,822,627,76.28,195,23.72
4306,43,6,936,664,70.94,272,29.06
4307,43,7,849,573,67.49,276,32.51
4308,43,8,704,464,65.91,240,34.09
4309,43,9,931,649,69.71,282,30.29
4310,43,10,598,435,72.74,163,27.26
4311,43,11,399,272,68.17,127,31.83
4312,43,12,753,527,69.99,226,30.01
4313,43,13,597,433,72.53,164,27.47
4314,43,14,342,241,70.47,101,29.53
4315,43,15,763,560,73.39,203,26.61
4316,43,16,307,217,70.68,90,29.32
4317,43,17,727,499,68.64,228,31.36
4318,43,18,854,597,69.91,257,30.09
4319,43,19,798,564,70.68,234,29.32
4320,43,20,670,493,73.58,177,26.42
4321,43,21,354,259,73.16,95,26.84
4322,43,22,832,588,70.67,244,29.33
4323,43,23,562,408,72.6,154,27.4
4401,44,1,829,554,66.83,275,33.17
4402,44,2,554,364,65.7,190,34.3
4403,44,3,709,523,73.77,186,26.23
4404,44,4,913,681,74.59,232,25.41
4405,44,5,722,456,63.16,266,36.84
4406,44,6,655,402,61.37,253,38.63
4407,44,7,682,435,63.78,247,36.22
4408,44,8,715,461,64.48,254,35.52
4409,44,9,965,623,64.56,342,35.44
4410,44,10,911,606,66.52,305,33.48
4411,44,11,733,449,61.26,284,38.74
4412,44,12,878,609,69.36,269,30.64
4413,44,13,875,556,63.54,319,36.46
4414,44,14,826,527,63.8,299,36.2
4415,44,15,916,611,66.7,305,33.3
4416,44,16,912,571,62.61,341,37.39
4417,44,17,936,639,68.27,297,31.73
4418,44,18,647,408,63.06,239,36.94
4419,44,19,878,532,60.59,346,39.41
4420,44,20,561,348,62.03,213,37.97
4421,44,21,922,583,63.23,339,36.77
4501,45,1,812,491,60.47,321,39.53
4502,45,2,424,294,69.34,130,30.66
4503,45,3,243,152,62.55,91,37.45
4504,45,4,304,188,61.84,116,38.16
4505,45,5,451,315,69.84,136,30.16
4506,45,6,531,352,66.29,179,33.71
4507,45,7,520,346,66.54,174,33.46
4508,45,8,436,275,63.07,161,36.93
4509,45,9,463,319,68.9,144,31.1
4510,45,10,479,284,59.29,195,40.71
4511,45,11,634,371,58.52,263,41.48
4512,45,12,407,264,64.86,143,35.14
4513,45,13,620,378,60.97,242,39.03
4514,45,14,356,228,64.04,128,35.96
4515,45,15,430,283,65.81,147,34.19
4516,45,16,515,333,64.66,182,35.34
4517,45,17,571,360,63.05,211,36.95
4518,45,18,563,369,65.54,194,34.46
4519,45,19,356,238,66.85,118,33.15
4520,45,20,482,309,64.11,173,35.89
4521,45,21,418,274,65.55,144,34.45
4522,45,22,538,325,60.41,213,39.59
4523,45,23,535,322,60.19,213,39.81
4524,45,24,454,276,60.79,178,39.21
4525,45,25,632,395,62.5,237,37.5
4526,45,26,476,297,62.39,179,37.61
4527,45,27,580,391,67.41,189,32.59
4528,45,28,512,328,64.06,184,35.94
4529,45,29,524,321,61.26,203,38.74
4601,46,1,646,464,71.83,182,28.17
4602,46,2,612,392,64.05,220,35.95
4603,46,3,723,440,60.86,283,39.14
4604,46,4,825,538,65.21,287,34.79
4605,46,5,674,491,72.85,183,27.15
4606,46,6,1017,650,63.91,367,36.09
4607,46,7,624,431,69.07,193,30.93
4608,46,8,788,484,61.42,304,38.58
4609,46,9,767,528,68.84,239,31.16
4610,46,10,707,387,54.74,320,45.26
4611,46,11,813,478,58.79,335,41.21
4612,46,12,987,662,67.07,325,32.93
4613,46,13,880,519,58.98,361,41.02
4614,46,14,479,293,61.17,186,38.83
4615,46,15,930,635,68.28,295,31.72
4616,46,16,682,415,60.85,267,39.15
4617,46,17,899,538,59.84,361,40.16
4618,46,18,820,481,58.66,339,41.34
4619,46,19,640,390,60.94,250,39.06
4620,46,20,587,379,64.57,208,35.43
4621,46,21,452,300,66.37,152,33.63
4622,46,22,565,377,66.73,188,33.27
4623,46,23,490,285,58.16,205,41.84
4701,47,1,666,395,59.31,271,40.69
4702,47,2,621,345,55.56,276,44.44
4703,47,3,615,348,56.59,267,43.41
4704,47,4,796,465,58.42,331,41.58
4705,47,5,917,469,51.15,448,48.85
4706,47,6,774,419,54.13,355,45.87
4707,47,7,1137,674,59.28,463,40.72
4708,47,8,711,392,55.13,319,44.87
4709,47,9,892,537,60.2,355,39.8
4710,47,10,766,426,55.61,340,44.39
4711,47,11,677,422,62.33,255,37.67
4712,47,12,508,322,63.39,186,36.61
4713,47,13,539,342,63.45,197,36.55
4714,47,14,682,448,65.69,234,34.31
4715,47,15,691,512,74.1,179,25.9
4716,47,16,718,480,66.85,238,33.15
4717,47,17,620,392,63.23,228,36.77
4718,47,18,792,454,57.32,338,42.68
4719,47,19,789,486,61.6,303,38.4
4720,47,20,754,474,62.86,280,37.14
4721,47,21,756,510,67.46,246,32.54
4722,47,22,620,393,63.39,227,36.61
4723,47,23,741,457,61.67,284,38.33
4724,47,24,870,535,61.49,335,38.51
4725,47,25,680,444,65.29,236,34.71
4726,47,26,856,587,68.57,269,31.43
4727,47,27,779,551,70.73,228,29.27
4728,47,28,553,390,70.52,163,29.48
4801,48,1,792,450,56.82,342,43.18
4802,48,2,252,191,75.79,61,24.21
4803,48,3,410,263,64.15,147,35.85
4804,48,4,455,267,58.68,188,41.32
4805,48,5,256,195,76.17,61,23.83
4806,48,6,623,404,64.85,219,35.15
4807,48,7,624,377,60.42,247,39.58
4808,48,8,393,275,69.97,118,30.03
4809,48,9,288,201,69.79,87,30.21
4810,48,10,748,428,57.22,320,42.78
4811,48,11,471,298,63.27,173,36.73
4812,48,12,654,405,61.93,249,38.07
4813,48,13,493,352,71.4,141,28.6
4814,48,14,575,385,66.96,190,33.04
4815,48,15,438,259,59.13,179,40.87
4816,48,16,352,222,63.07,130,36.93
4817,48,17,191,142,74.35,49,25.65
4818,48,18,613,373,60.85,240,39.15
4819,48,19,333,222,66.67,111,33.33
4820,48,20,233,180,77.25,53,22.75
4821,48,21,542,328,60.52,214,39.48
4822,48,22,316,245,77.53,71,22.47
4823,48,23,391,300,76.73,91,23.27
4824,48,24,756,487,64.42,269,35.58
4825,48,25,636,363,57.08,273,42.92
4826,48,26,332,241,72.59,91,27.41
4827,48,27,398,265,66.58,133,33.42
4828,48,28,543,296,54.51,247,45.49
4829,48,29,184,145,78.8,39,21.2
4830,48,30,570,369,64.74,201,35.26
4831,48,31,579,308,53.2,271,46.8
4832,48,32,455,292,64.18,163,35.82
4833,48,33,225,171,76.0,54,24.0
4834,48,34,443,257,58.01,186,41.99
4835,48,35,720,472,65.56,248,34.44
4901,49,1,678,419,61.8,259,38.2
4902,49,2,573,381,66.49,192,33.51
4903,49,3,792,528,66.67,264,33.33
4904,49,4,778,447,57.46,331,42.54
4905,49,5,834,539,64.63,295,35.37
4906,49,6,76,57,75.0,19,25.0
4907,49,7,814,531,65.23,283,34.77
4908,49,8,969,540,55.73,429,44.27
4909,49,9,871,460,52.81,411,47.19
4910,49,10,574,399,69.51,175,30.49
4911,49,11,633,446,70.46,187,29.54
4912,49,12,573,396,69.11,177,30.89
4913,49,13,717,496,69.18,221,30.82
4914,49,14,857,551,64.29,306,35.71
4915,49,15,785,483,61.53,302,38.47
4916,49,16,727,385,52.96,342,47.04
4917,49,17,832,471,56.61,361,43.39
5001,50,1,294,220,74.83,74,25.17
5002,50,2,355,247,69.58,108,30.42
5003,50,3,282,196,69.5,86,30.5
5004,50,4,355,252,70.99,103,29.01
5005,50,5,509,340,66.8,169,33.2
5006,50,6,241,155,64.32,86,35.68
5007,50,7,654,457,69.88,197,30.12
5008,50,8,437,317,72.54,120,27.46
5009,50,9,123,108,87.8,15,12.2
5010,50,10,255,182,71.37,73,28.63
5011,50,11,301,218,72.43,83,27.57
5012,50,12,120,80,66.67,40,33.33
5013,50,13,453,308,67.99,145,32.01
5014,50,14,88,58,65.91,30,34.09
5015,50,15,455,320,70.33,135,29.67
5016,50,16,84,55,65.48,29,34.52
5017,50,17,208,143,68.75,65,31.25
5018,50,18,35,20,57.14,15,42.86
5019,50,19,191,130,68.06,61,31.94
5020,50,20,184,143,77.72,41,22.28
5021,50,21,410,306,74.63,104,25.37
5022,50,22,348,236,67.82,112,32.18
5023,50,23,289,194,67.13,95,32.87
5024,50,24,345,228,66.09,117,33.91
5025,50,25,109,83,76.15,26,23.85
5026,50,26,179,122,68.16,57,31.84
5027,50,27,78,52,66.67,26,33.33
5028,50,28,464,328,70.69,136,29.31
