id,ward,precinct,total,Yes,Yes Percent,No,No Percent
0101,1,1,726,652,89.81,74,10.19
0102,1,2,686,615,89.65,71,10.35
0103,1,3,776,679,87.5,97,12.5
0104,1,4,694,641,92.36,53,7.64
0105,1,5,704,618,87.78,86,12.22
0106,1,6,610,535,87.7,75,12.3
0107,1,7,731,654,89.47,77,10.53
0108,1,8,668,595,89.07,73,10.93
0109,1,9,335,291,86.87,44,13.13
0110,1,10,866,772,89.15,94,10.85
0111,1,11,659,581,88.16,78,11.84
0112,1,12,285,244,85.61,41,14.39
0113,1,13,463,409,88.34,54,11.66
0114,1,14,391,343,87.72,48,12.28
0115,1,15,691,629,91.03,62,8.97
0116,1,16,656,566,86.28,90,13.72
0117,1,17,431,379,87.94,52,12.06
0118,1,18,616,557,90.42,59,9.58
0119,1,19,584,501,85.79,83,14.21
0120,1,20,533,480,90.06,53,9.94
0121,1,21,562,488,86.83,74,13.17
0122,1,22,757,678,89.56,79,10.44
0123,1,23,387,332,85.79,55,14.21
0124,1,24,836,740,88.52,96,11.48
0125,1,25,691,602,87.12,89,12.88
0126,1,26,621,525,84.54,96,15.46
0201,2,1,634,531,83.75,103,16.25
0202,2,2,759,642,84.58,117,15.42
0203,2,3,476,413,86.76,63,13.24
0204,2,4,516,442,85.66,74,14.34
0205,2,5,492,411,83.54,81,16.46
0206,2,6,707,579,81.9,128,18.1
0207,2,7,631,515,81.62,116,18.38
0208,2,8,492,411,83.54,81,16.46
0209,2,9,726,589,81.13,137,18.87
0210,2,10,317,265,83.6,52,16.4
0211,2,11,539,459,85.16,80,14.84
0212,2,12,506,413,81.62,93,18.38
0213,2,13,675,554,82.07,121,17.93
0214,2,14,380,317,83.42,63,16.58
0215,2,15,545,444,81.47,101,18.53
0216,2,16,631,532,84.31,99,15.69
0217,2,17,908,781,86.01,127,13.99
0218,2,18,531,446,83.99,85,16.01
0219,2,19,298,266,89.26,32,10.74
0220,2,20,374,295,78.88,79,21.12
0221,2,21,118,84,71.19,34,28.81
0222,2,22,444,373,84.01,71,15.99
0223,2,23,481,422,87.73,59,12.27
0224,2,24,387,320,82.69,67,17.31
0225,2,25,585,485,82.91,100,17.09
0301,3,1,562,420,74.73,142,25.27
0302,3,2,549,470,85.61,79,14.39
0303,3,3,390,320,82.05,70,17.95
0304,3,4,421,341,81.0,80,19.0
0305,3,5,109,87,79.82,22,20.18
0306,3,6,575,467,81.22,108,18.78
0307,3,7,274,223,81.39,51,18.61
0308,3,8,446,346,77.58,100,22.42
0309,3,9,359,319,88.86,40,11.14
0310,3,10,381,323,84.78,58,15.22
0311,3,11,595,483,81.18,112,18.82
0312,3,12,437,350,80.09,87,19.91
0313,3,13,654,546,83.49,108,16.51
0314,3,14,762,634,83.2,128,16.8
0315,3,15,442,365,82.58,77,17.42
0316,3,16,270,241,89.26,29,10.74
0317,3,17,157,122,77.71,35,22.29
0318,3,18,178,125,70.22,53,29.78
0319,3,19,775,653,84.26,122,15.74
0320,3,20,502,417,83.07,85,16.93
0321,3,21,492,417,84.76,75,15.24
0322,3,22,379,320,84.43,59,15.57
0323,3,23,274,221,80.66,53,19.34
0324,3,24,103,82,79.61,21,20.39
0325,3,25,752,638,84.84,114,15.16
0326,3,26,254,195,76.77,59,23.23
0327,3,27,638,524,82.13,114,17.87
0401,4,1,693,608,87.73,85,12.27
0402,4,2,244,208,85.25,36,14.75
0403,4,3,455,410,90.11,45,9.89
0404,4,4,559,465,83.18,94,16.82
0405,4,5,275,229,83.27,46,16.73
0406,4,6,406,345,84.98,61,15.02
0407,4,7,284,241,84.86,43,15.14
0408,4,8,423,359,84.87,64,15.13
0409,4,9,437,353,80.78,84,19.22
0410,4,10,399,340,85.21,59,14.79
0411,4,11,548,457,83.39,91,16.61
0412,4,12,336,271,80.65,65,19.35
0413,4,13,362,298,82.32,64,17.68
0414,4,14,302,252,83.44,50,16.56
0415,4,15,331,292,88.22,39,11.78
0416,4,16,452,358,79.2,94,20.8
0417,4,17,584,476,81.51,108,18.49
0418,4,18,181,135,74.59,46,25.41
0419,4,19,383,312,81.46,71,18.54
0420,4,20,559,462,82.65,97,17.35
0421,4,21,366,304,83.06,62,16.94
0422,4,22,187,159,85.03,28,14.97
0423,4,23,332,272,81.93,60,18.07
0424,4,24,619,520,84.01,99,15.99
0425,4,25,769,657,85.44,112,14.56
0426,4,26,662,582,87.92,80,12.08
0427,4,27,733,623,84.99,110,15.01
0428,4,28,760,659,86.71,101,13.29
0501,5,1,518,423,81.66,95,18.34
0502,5,2,616,511,82.95,105,17.05
0503,5,3,567,467,82.36,100,17.64
0504,5,4,458,366,79.91,92,20.09
0505,5,5,243,198,81.48,45,18.52
0506,5,6,224,178,79.46,46,20.54
0507,5,7,126,94,74.6,32,25.4
0508,5,8,171,138,80.7,33,19.3
0509,5,9,159,130,81.76,29,18.24
0510,5,10,262,211,80.53,51,19.47
0511,5,11,344,274,79.65,70,20.35
0512,5,12,595,537,90.25,58,9.75
0513,5,13,267,221,82.77,46,17.23
0514,5,14,277,232,83.75,45,16.25
0515,5,15,881,803,91.15,78,8.85
0516,5,16,544,481,88.42,63,11.58
0517,5,17,379,338,89.18,41,10.82
0518,5,18,800,688,86.0,112,14.0
0519,5,19,346,309,89.31,37,10.69
0520,5,20,599,517,86.31,82,13.69
0521,5,21,507,461,90.93,46,9.07
0522,5,22,603,540,89.55,63,10.45
0523,5,23,315,283,89.84,32,10.16
0524,5,24,318,298,93.71,20,6.29
0525,5,25,791,737,93.17,54,6.83
0601,6,1,158,131,82.91,27,17.09
0602,6,2,206,168,81.55,38,18.45
0603,6,3,64,45,70.31,19,29.69
0604,6,4,163,129,79.14,34,20.86
0605,6,5,285,227,79.65,58,20.35
0606,6,6,259,203,78.38,56,21.62
0607,6,7,334,272,81.44,62,18.56
0608,6,8,255,206,80.78,49,19.22
0609,6,9,528,421,79.73,107,20.27
0610,6,10,125,103,82.4,22,17.6
0611,6,11,148,119,80.41,29,19.59
0612,6,12,346,276,79.77,70,20.23
0613,6,13,449,359,79.96,90,20.04
0614,6,14,424,352,83.02,72,16.98
0615,6,15,448,363,81.03,85,18.97
0616,6,16,294,235,79.93,59,20.07
0617,6,17,509,412,80.94,97,19.06
0618,6,18,595,504,84.71,91,15.29
0619,6,19,382,304,79.58,78,20.42
0620,6,20,645,533,82.64,112,17.36
0621,6,21,467,360,77.09,107,22.91
0622,6,22,635,518,81.57,117,18.43
0623,6,23,609,500,82.1,109,17.9
0624,6,24,550,454,82.55,96,17.45
0625,6,25,397,336,84.63,61,15.37
0626,6,26,696,582,83.62,114,16.38
0627,6,27,627,511,81.5,116,18.5
0701,7,1,462,361,78.14,101,21.86
0702,7,2,606,516,85.15,90,14.85
0703,7,3,328,258,78.66,70,21.34
0704,7,4,386,309,80.05,77,19.95
0705,7,5,532,431,81.02,101,18.98
0706,7,6,139,112,80.58,27,19.42
0707,7,7,319,251,78.68,68,21.32
0708,7,8,208,167,80.29,41,19.71
0709,7,9,352,264,75.0,88,25.0
0710,7,10,498,415,83.33,83,16.67
0711,7,11,417,353,84.65,64,15.35
0712,7,12,521,423,81.19,98,18.81
0713,7,13,361,279,77.29,82,22.71
0714,7,14,312,252,80.77,60,19.23
0715,7,15,465,381,81.94,84,18.06
0716,7,16,159,138,86.79,21,13.21
0717,7,17,124,105,84.68,19,15.32
0718,7,18,63,56,88.89,7,11.11
0719,7,19,603,502,83.25,101,16.75
0720,7,20,338,272,80.47,66,19.53
0721,7,21,250,214,85.6,36,14.4
0722,7,22,290,252,86.9,38,13.1
0723,7,23,214,176,82.24,38,17.76
0724,7,24,61,47,77.05,14,22.95
0725,7,25,320,266,83.13,54,16.88
0726,7,26,463,382,82.51,81,17.49
0727,7,27,270,222,82.22,48,17.78
0728,7,28,184,145,78.8,39,21.2
0729,7,29,256,203,79.3,53,20.7
0730,7,30,235,194,82.55,41,17.45
0731,7,31,111,96,86.49,15,13.51
0801,8,1,491,397,80.86,94,19.14
0802,8,2,240,187,77.92,53,22.08
0803,8,3,195,165,84.62,30,15.38
0804,8,4,449,372,82.85,77,17.15
0805,8,5,323,267,82.66,56,17.34
0806,8,6,556,460,82.73,96,17.27
0807,8,7,323,262,81.11,61,18.89
0808,8,8,687,587,85.44,100,14.56
0809,8,9,442,356,80.54,86,19.46
0810,8,10,502,386,76.89,116,23.11
0811,8,11,416,347,83.41,69,16.59
0812,8,12,473,406,85.84,67,14.16
0813,8,13,447,394,88.14,53,11.86
0814,8,14,496,434,87.5,62,12.5
0815,8,15,382,320,83.77,62,16.23
0816,8,16,349,288,82.52,61,17.48
0817,8,17,582,503,86.43,79,13.57
0818,8,18,764,655,85.73,109,14.27
0819,8,19,604,500,82.78,104,17.22
0820,8,20,266,207,77.82,59,22.18
0821,8,21,225,177,78.67,48,21.33
0822,8,22,223,189,84.75,34,15.25
0823,8,23,580,485,83.62,95,16.38
0824,8,24,415,350,84.34,65,15.66
0825,8,25,165,131,79.39,34,20.61
0826,8,26,341,275,80.65,66,19.35
0827,8,27,450,369,82.0,81,18.0
0828,8,28,313,249,79.55,64,20.45
0829,8,29,299,255,85.28,44,14.72
0830,8,30,394,322,81.73,72,18.27
0901,9,1,477,367,76.94,110,23.06
0902,9,2,326,272,83.44,54,16.56
0903,9,3,166,123,74.1,43,25.9
0904,9,4,357,285,79.83,72,20.17
0905,9,5,356,290,81.46,66,18.54
0906,9,6,610,509,83.44,101,16.56
0907,9,7,459,362,78.87,97,21.13
0908,9,8,470,374,79.57,96,20.43
0909,9,9,273,218,79.85,55,20.15
0910,9,10,573,484,84.47,89,15.53
0911,9,11,193,152,78.76,41,21.24
0912,9,12,516,423,81.98,93,18.02
0913,9,13,501,411,82.04,90,17.96
0914,9,14,286,233,81.47,53,18.53
0915,9,15,379,309,81.53,70,18.47
0916,9,16,529,422,79.77,107,20.23
0917,9,17,167,128,76.65,39,23.35
0918,9,18,272,227,83.46,45,16.54
0919,9,19,229,190,82.97,39,17.03
0920,9,20,412,310,75.24,102,24.76
0921,9,21,480,386,80.42,94,19.58
0922,9,22,335,281,83.88,54,16.12
0923,9,23,271,220,81.18,51,18.82
0924,9,24,405,334,82.47,71,17.53
0925,9,25,308,254,82.47,54,17.53
0926,9,26,452,375,82.96,77,17.04
0927,9,27,250,201,80.4,49,19.6
0928,9,28,205,157,76.59,48,23.41
0929,9,29,610,499,81.8,111,18.2
0930,9,30,482,390,80.91,92,19.09
1001,10,1,124,103,83.06,21,16.94
1002,10,2,144,108,75.0,36,25.0
1003,10,3,253,188,74.31,65,25.69
1004,10,4,278,218,78.42,60,21.58
1005,10,5,113,87,76.99,26,23.01
1006,10,6,137,110,80.29,27,19.71
1007,10,7,264,182,68.94,82,31.06
1008,10,8,255,191,74.9,64,25.1
1009,10,9,284,222,78.17,62,21.83
1010,10,10,305,225,73.77,80,26.23
1011,10,11,107,78,72.9,29,27.1
1012,10,12,279,230,82.44,49,17.56
1013,10,13,310,234,75.48,76,24.52
1014,10,14,397,290,73.05,107,26.95
1015,10,15,359,274,76.32,85,23.68
1016,10,16,432,300,69.44,132,30.56
1017,10,17,391,263,67.26,128,32.74
1018,10,18,480,304,63.33,176,36.67
1019,10,19,277,194,70.04,83,29.96
1020,10,20,190,142,74.74,48,25.26
1021,10,21,234,140,59.83,94,40.17
1022,10,22,415,272,65.54,143,34.46
1023,10,23,273,210,76.92,63,23.08
1024,10,24,124,90,72.58,34,27.42
1025,10,25,218,164,75.23,54,24.77
1101,11,1,141,111,78.72,30,21.28
1102,11,2,71,60,84.51,11,15.49
1103,11,3,413,302,73.12,111,26.88
1104,11,4,312,228,73.08,84,26.92
1105,11,5,332,255,76.81,77,23.19
1106,11,6,420,313,74.52,107,25.48
1107,11,7,209,155,74.16,54,25.84
1108,11,8,364,241,66.21,123,33.79
1109,11,9,410,304,74.15,106,25.85
1110,11,10,72,45,62.5,27,37.5
1111,11,11,63,48,76.19,15,23.81
1112,11,12,122,89,72.95,33,27.05
1113,11,13,352,264,75.0,88,25.0
1114,11,14,693,526,75.9,167,24.1
1115,11,15,513,422,82.26,91,17.74
1116,11,16,602,474,78.74,128,21.26
1117,11,17,278,205,73.74,73,26.26
1118,11,18,384,307,79.95,77,20.05
1119,11,19,124,89,71.77,35,28.23
1120,11,20,378,290,76.72,88,23.28
1121,11,21,650,485,74.62,165,25.38
1122,11,22,417,291,69.78,126,30.22
1123,11,23,465,329,70.75,136,29.25
1201,12,1,238,180,75.63,58,24.37
1202,12,2,165,127,76.97,38,23.03
1203,12,3,323,246,76.16,77,23.84
1204,12,4,269,200,74.35,69,25.65
1205,12,5,259,194,74.9,65,25.1
1206,12,6,228,172,75.44,56,24.56
1207,12,7,235,177,75.32,58,24.68
1208,12,8,227,180,79.3,47,20.7
1209,12,9,132,99,75.0,33,25.0
1210,12,10,272,198,72.79,74,27.21
1211,12,11,198,151,76.26,47,23.74
1212,12,12,171,124,72.51,47,27.49
1213,12,13,189,150,79.37,39,20.63
1214,12,14,109,85,77.98,24,22.02
1215,12,15,232,175,75.43,57,24.57
1216,12,16,268,195,72.76,73,27.24
1217,12,17,216,176,81.48,40,18.52
1218,12,18,243,201,82.72,42,17.28
1219,12,19,147,115,78.23,32,21.77
1220,12,20,199,153,76.88,46,23.12
1221,12,21,197,143,72.59,54,27.41
1222,12,22,194,145,74.74,49,25.26
1301,13,1,219,169,77.17,50,22.83
1302,13,2,271,204,75.28,67,24.72
1303,13,3,382,197,51.57,185,48.43
1304,13,4,294,225,76.53,69,23.47
1305,13,5,267,176,65.92,91,34.08
1306,13,6,281,182,64.77,99,35.23
1307,13,7,210,135,64.29,75,35.71
1308,13,8,343,251,73.18,92,26.82
1309,13,9,392,241,61.48,151,38.52
1310,13,10,379,225,59.37,154,40.63
1311,13,11,214,139,64.95,75,35.05
1312,13,12,203,140,68.97,63,31.03
1313,13,13,269,156,57.99,113,42.01
1314,13,14,242,150,61.98,92,38.02
1315,13,15,195,113,57.95,82,42.05
1316,13,16,304,209,68.75,95,31.25
1317,13,17,331,251,75.83,80,24.17
1318,13,18,231,173,74.89,58,25.11
1319,13,19,214,116,54.21,98,45.79
1320,13,20,319,201,63.01,118,36.99
1321,13,21,265,170,64.15,95,35.85
1322,13,22,339,253,74.63,86,25.37
1323,13,23,345,184,53.33,161,46.67
1324,13,24,261,176,67.43,85,32.57
1325,13,25,253,169,66.8,84,33.2
1326,13,26,206,149,72.33,57,27.67
1327,13,27,175,141,80.57,34,19.43
1328,13,28,219,152,69.41,67,30.59
1329,13,29,205,157,76.59,48,23.41
1330,13,30,322,185,57.45,137,42.55
1331,13,31,226,137,60.62,89,39.38
1332,13,32,228,142,62.28,86,37.72
1333,13,33,281,184,65.48,97,34.52
1334,13,34,334,204,61.08,130,38.92
1335,13,35,420,261,62.14,159,37.86
1336,13,36,165,134,81.21,31,18.79
1337,13,37,357,199,55.74,158,44.26
1338,13,38,189,135,71.43,54,28.57
1339,13,39,340,223,65.59,117,34.41
1340,13,40,283,166,58.66,117,41.34
1401,14,1,371,292,78.71,79,21.29
1402,14,2,259,183,70.66,76,29.34
1403,14,3,176,136,77.27,40,22.73
1404,14,4,82,60,73.17,22,26.83
1405,14,5,292,240,82.19,52,17.81
1406,14,6,384,297,77.34,87,22.66
1407,14,7,336,245,72.92,91,27.08
1408,14,8,348,268,77.01,80,22.99
1409,14,9,369,285,77.24,84,22.76
1410,14,10,319,242,75.86,77,24.14
1411,14,11,377,294,77.98,83,22.02
1412,14,12,251,193,76.89,58,23.11
1413,14,13,400,308,77.0,92,23.0
1414,14,14,206,155,75.24,51,24.76
1415,14,15,209,159,76.08,50,23.92
1501,15,1,248,170,68.55,78,31.45
1502,15,2,352,224,63.64,128,36.36
1503,15,3,127,84,66.14,43,33.86
1504,15,4,155,117,75.48,38,24.52
1505,15,5,100,83,83.0,17,17.0
1506,15,6,230,173,75.22,57,24.78
1507,15,7,177,118,66.67,59,33.33
1508,15,8,196,150,76.53,46,23.47
1509,15,9,226,170,75.22,56,24.78
1510,15,10,179,138,77.09,41,22.91
1511,15,11,176,138,78.41,38,21.59
1512,15,12,237,187,78.9,50,21.1
1513,15,13,184,143,77.72,41,22.28
1514,15,14,187,134,71.66,53,28.34
1515,15,15,190,155,81.58,35,18.42
1516,15,16,296,229,77.36,67,22.64
1517,15,17,326,258,79.14,68,20.86
1518,15,18,222,178,80.18,44,19.82
1519,15,19,134,103,76.87,31,23.13
1520,15,20,213,164,77.0,49,23.0
1601,16,1,278,218,78.42,60,21.58
1602,16,2,187,146,78.07,41,21.93
1603,16,3,233,178,76.39,55,23.61
1604,16,4,147,120,81.63,27,18.37
1605,16,5,334,270,80.84,64,19.16
1606,16,6,301,225,74.75,76,25.25
1607,16,7,179,150,83.8,29,16.2
1608,16,8,135,103,76.3,32,23.7
1609,16,9,301,236,78.41,65,21.59
1610,16,10,230,186,80.87,44,19.13
1611,16,11,202,148,73.27,54,26.73
1612,16,12,80,62,77.5,18,22.5
1613,16,13,117,93,79.49,24,20.51
1614,16,14,322,245,76.09,77,23.91
1615,16,15,254,198,77.95,56,22.05
1616,16,16,187,148,79.14,39,20.86
1617,16,17,362,293,80.94,69,19.06
1618,16,18,331,245,74.02,86,25.98
1619,16,19,270,203,75.19,67,24.81
1620,16,20,254,213,83.86,41,16.14
1621,16,21,169,134,79.29,35,20.71
1622,16,22,272,216,79.41,56,20.59
1623,16,23,187,140,74.87,47,25.13
1624,16,24,215,167,77.67,48,22.33
1625,16,25,103,86,83.5,17,16.5
1701,17,1,357,279,78.15,78,21.85
1702,17,2,220,168,76.36,52,23.64
1703,17,3,261,212,81.23,49,18.77
1704,17,4,257,197,76.65,60,23.35
1705,17,5,174,133,76.44,41,23.56
1706,17,6,245,194,79.18,51,20.82
1707,17,7,145,116,80.0,29,20.0
1708,17,8,200,163,81.5,37,18.5
1709,17,9,192,150,78.13,42,21.88
1710,17,10,381,291,76.38,90,23.62
1711,17,11,237,173,73.0,64,27.0
1712,17,12,152,124,81.58,28,18.42
1713,17,13,164,126,76.83,38,23.17
1714,17,14,177,143,80.79,34,19.21
1715,17,15,491,405,82.48,86,17.52
1716,17,16,219,169,77.17,50,22.83
1717,17,17,190,156,82.11,34,17.89
1718,17,18,557,451,80.97,106,19.03
1719,17,19,369,304,82.38,65,17.62
1720,17,20,368,305,82.88,63,17.12
1721,17,21,412,327,79.37,85,20.63
1722,17,22,415,332,80.0,83,20.0
1723,17,23,269,217,80.67,52,19.33
1724,17,24,443,360,81.26,83,18.74
1725,17,25,197,155,78.68,42,21.32
1726,17,26,387,329,85.01,58,14.99
1727,17,27,464,378,81.47,86,18.53
1728,17,28,524,424,80.92,100,19.08
1729,17,29,467,385,82.44,82,17.56
1801,18,1,568,469,82.57,99,17.43
1802,18,2,617,492,79.74,125,20.26
1803,18,3,267,219,82.02,48,17.98
1804,18,4,444,381,85.81,63,14.19
1805,18,5,362,306,84.53,56,15.47
1806,18,6,562,482,85.77,80,14.23
1807,18,7,493,404,81.95,89,18.05
1808,18,8,755,603,79.87,152,20.13
1809,18,9,601,482,80.2,119,19.8
1810,18,10,672,534,79.46,138,20.54
1811,18,11,373,306,82.04,67,17.96
1812,18,12,608,503,82.73,105,17.27
1813,18,13,489,399,81.6,90,18.4
1814,18,14,379,302,79.68,77,20.32
1815,18,15,286,238,83.22,48,16.78
1816,18,16,436,340,77.98,96,22.02
1817,18,17,326,235,72.09,91,27.91
1818,18,18,398,301,75.63,97,24.37
1819,18,19,356,285,80.06,71,19.94
1820,18,20,335,260,77.61,75,22.39
1821,18,21,451,358,79.38,93,20.62
1822,18,22,436,301,69.04,135,30.96
1823,18,23,517,350,67.7,167,32.3
1824,18,24,567,406,71.6,161,28.4
1825,18,25,304,224,73.68,80,26.32
1826,18,26,521,375,71.98,146,28.02
1901,19,1,700,408,58.29,292,41.71
1902,19,2,659,528,80.12,131,19.88
1903,19,3,494,190,38.46,304,61.54
1904,19,4,492,230,46.75,262,53.25
1905,19,5,552,435,78.8,117,21.2
1906,19,6,521,262,50.29,259,49.71
1907,19,7,687,374,54.44,313,45.56
1908,19,8,493,412,83.57,81,16.43
1909,19,9,440,359,81.59,81,18.41
1910,19,10,501,398,79.44,103,20.56
1911,19,11,446,211,47.31,235,52.69
1912,19,12,679,322,47.42,357,52.58
1913,19,13,441,363,82.31,78,17.69
1914,19,14,599,478,79.8,121,20.2
1915,19,15,408,172,42.16,236,57.84
1916,19,16,512,223,43.55,289,56.45
1917,19,17,463,259,55.94,204,44.06
1918,19,18,468,180,38.46,288,61.54
1919,19,19,534,429,80.34,105,19.66
1920,19,20,424,351,82.78,73,17.22
1921,19,21,697,340,48.78,357,51.22
1922,19,22,462,330,71.43,132,28.57
1923,19,23,496,277,55.85,219,44.15
1924,19,24,497,232,46.68,265,53.32
1925,19,25,461,384,83.3,77,16.7
1926,19,26,423,301,71.16,122,28.84
1927,19,27,684,527,77.05,157,22.95
1928,19,28,848,686,80.9,162,19.1
1929,19,29,612,322,52.61,290,47.39
1930,19,30,503,214,42.54,289,57.46
1931,19,31,747,534,71.49,213,28.51
1932,19,32,457,357,78.12,100,21.88
1933,19,33,350,147,42.0,203,58.0
1934,19,34,784,469,59.82,315,40.18
1935,19,35,542,404,74.54,138,25.46
1936,19,36,440,334,75.91,106,24.09
2001,20,1,214,158,73.83,56,26.17
2002,20,2,125,99,79.2,26,20.8
2003,20,3,141,113,80.14,28,19.86
2004,20,4,109,83,76.15,26,23.85
2005,20,5,197,152,77.16,45,22.84
2006,20,6,130,105,80.77,25,19.23
2007,20,7,155,123,79.35,32,20.65
2008,20,8,206,156,75.73,50,24.27
2009,20,9,384,303,78.91,81,21.09
2010,20,10,423,330,78.01,93,21.99
2011,20,11,334,263,78.74,71,21.26
2012,20,12,71,48,67.61,23,32.39
2013,20,13,605,509,84.13,96,15.87
2014,20,14,383,319,83.29,64,16.71
2015,20,15,339,256,75.52,83,24.48
2016,20,16,372,304,81.72,68,18.28
2017,20,17,454,367,80.84,87,19.16
2018,20,18,549,456,83.06,93,16.94
2019,20,19,320,259,80.94,61,19.06
2020,20,20,359,298,83.01,61,16.99
2021,20,21,502,391,77.89,111,22.11
2022,20,22,460,358,77.83,102,22.17
2023,20,23,153,121,79.08,32,20.92
2101,21,1,559,462,82.65,97,17.35
2102,21,2,171,141,82.46,30,17.54
2103,21,3,594,498,83.84,96,16.16
2104,21,4,493,413,83.77,80,16.23
2105,21,5,505,403,79.8,102,20.2
2106,21,6,434,357,82.26,77,17.74
2107,21,7,622,504,81.03,118,18.97
2108,21,8,457,378,82.71,79,17.29
2109,21,9,165,138,83.64,27,16.36
2110,21,10,573,467,81.5,106,18.5
2111,21,11,579,487,84.11,92,15.89
2112,21,12,247,202,81.78,45,18.22
2113,21,13,418,347,83.01,71,16.99
2114,21,14,631,521,82.57,110,17.43
2115,21,15,614,509,82.9,105,17.1
2116,21,16,545,448,82.2,97,17.8
2117,21,17,395,335,84.81,60,15.19
2118,21,18,596,490,82.21,106,17.79
2119,21,19,473,382,80.76,91,19.24
2120,21,20,327,262,80.12,65,19.88
2121,21,21,585,446,76.24,139,23.76
2122,21,22,613,475,77.49,138,22.51
2123,21,23,443,348,78.56,95,21.44
2124,21,24,430,361,83.95,69,16.05
2125,21,25,364,292,80.22,72,19.78
2126,21,26,392,319,81.38,73,18.62
2127,21,27,562,458,81.49,104,18.51
2128,21,28,503,390,77.53,113,22.47
2129,21,29,531,424,79.85,107,20.15
2201,22,1,174,140,80.46,34,19.54
2202,22,2,107,85,79.44,22,20.56
2203,22,3,215,175,81.4,40,18.6
2204,22,4,126,107,84.92,19,15.08
2205,22,5,356,276,77.53,80,22.47
2206,22,6,187,142,75.94,45,24.06
2207,22,7,197,141,71.57,56,28.43
2208,22,8,226,176,77.88,50,22.12
2209,22,9,183,145,79.23,38,20.77
2210,22,10,245,193,78.78,52,21.22
2211,22,11,311,252,81.03,59,18.97
2212,22,12,191,146,76.44,45,23.56
2213,22,13,249,202,81.12,47,18.88
2214,22,14,197,169,85.79,28,14.21
2215,22,15,125,97,77.6,28,22.4
2216,22,16,291,205,70.45,86,29.55
2217,22,17,121,86,71.07,35,28.93
2218,22,18,242,201,83.06,41,16.94
2219,22,19,404,306,75.74,98,24.26
2301,23,1,238,134,56.3,104,43.7
2302,23,2,405,219,54.07,186,45.93
2303,23,3,259,145,55.98,114,44.02
2304,23,4,213,107,50.23,106,49.77
2305,23,5,350,183,52.29,167,47.71
2306,23,6,193,93,48.19,100,51.81
2307,23,7,262,151,57.63,111,42.37
2308,23,8,246,144,58.54,102,41.46
2309,23,9,407,261,64.13,146,35.87
2310,23,10,444,291,65.54,153,34.46
2311,23,11,177,129,72.88,48,27.12
2312,23,12,252,182,72.22,70,27.78
2313,23,13,418,306,73.21,112,26.79
2314,23,14,314,232,73.89,82,26.11
2315,23,15,346,263,76.01,83,23.99
2316,23,16,179,144,80.45,35,19.55
2317,23,17,240,195,81.25,45,18.75
2318,23,18,212,159,75.0,53,25.0
2319,23,19,184,140,76.09,44,23.91
2320,23,20,173,136,78.61,37,21.39
2321,23,21,155,118,76.13,37,23.87
2322,23,22,169,129,76.33,40,23.67
2323,23,23,166,127,76.51,39,23.49
2324,23,24,155,117,75.48,38,24.52
2325,23,25,136,111,81.62,25,18.38
2326,23,26,118,99,83.9,19,16.1
2327,23,27,143,119,83.22,24,16.78
2328,23,28,207,166,80.19,41,19.81
2329,23,29,289,207,71.63,82,28.37
2330,23,30,169,146,86.39,23,13.61
2331,23,31,192,155,80.73,37,19.27
2332,23,32,170,133,78.24,37,21.76
2333,23,33,388,293,75.52,95,24.48
2401,24,1,147,122,82.99,25,17.01
2402,24,2,153,127,83.01,26,16.99
2403,24,3,338,260,76.92,78,23.08
2404,24,4,264,203,76.89,61,23.11
2405,24,5,428,341,79.67,87,20.33
2406,24,6,300,235,78.33,65,21.67
2407,24,7,143,107,74.83,36,25.17
2408,24,8,202,160,79.21,42,20.79
2409,24,9,367,275,74.93,92,25.07
2410,24,10,272,223,81.99,49,18.01
2411,24,11,325,267,82.15,58,17.85
2412,24,12,371,288,77.63,83,22.37
2413,24,13,341,272,79.77,69,20.23
2414,24,14,254,200,78.74,54,21.26
2415,24,15,312,245,78.53,67,21.47
2416,24,16,415,309,74.46,106,25.54
2417,24,17,237,186,78.48,51,21.52
2418,24,18,398,316,79.4,82,20.6
2419,24,19,940,592,62.98,348,37.02
2501,25,1,287,210,73.17,77,26.83
2502,25,2,206,160,77.67,46,22.33
2503,25,3,292,235,80.48,57,19.52
2504,25,4,347,259,74.64,88,25.36
2505,25,5,420,353,84.05,67,15.95
2506,25,6,467,361,77.3,106,22.7
2507,25,7,447,364,81.43,83,18.57
2508,25,8,424,345,81.37,79,18.63
2509,25,9,459,367,79.96,92,20.04
2510,25,10,503,407,80.91,96,19.09
2511,25,11,446,382,85.65,64,14.35
2512,25,12,399,330,82.71,69,17.29
2513,25,13,588,475,80.78,113,19.22
2514,25,14,569,463,81.37,106,18.63
2515,25,15,459,367,79.96,92,20.04
2516,25,16,581,477,82.1,104,17.9
2517,25,17,250,209,83.6,41,16.4
2601,26,1,179,144,80.45,35,19.55
2602,26,2,244,207,84.84,37,15.16
2603,26,3,428,378,88.32,50,11.68
2604,26,4,244,182,74.59,62,25.41
2605,26,5,323,285,88.24,38,11.76
2606,26,6,198,148,74.75,50,25.25
2607,26,7,313,262,83.71,51,16.29
2608,26,8,224,186,83.04,38,16.96
2609,26,9,218,174,79.82,44,20.18
2610,26,10,251,206,82.07,45,17.93
2611,26,11,235,198,84.26,37,15.74
2612,26,12,96,78,81.25,18,18.75
2613,26,13,199,169,84.92,30,15.08
2614,26,14,140,112,80.0,28,20.0
2615,26,15,167,129,77.25,38,22.75
2616,26,16,386,325,84.2,61,15.8
2617,26,17,348,300,86.21,48,13.79
2618,26,18,169,129,76.33,40,23.67
2619,26,19,397,354,89.17,43,10.83
2620,26,20,431,377,87.47,54,12.53
2621,26,21,188,145,77.13,43,22.87
2622,26,22,151,112,74.17,39,25.83
2623,26,23,337,283,83.98,54,16.02
2624,26,24,162,135,83.33,27,16.67
2625,26,25,360,312,86.67,48,13.33
2626,26,26,391,327,83.63,64,16.37
2627,26,27,450,380,84.44,70,15.56
2628,26,28,395,359,90.89,36,9.11
2629,26,29,386,311,80.57,75,19.43
2630,26,30,227,204,89.87,23,10.13
2631,26,31,235,193,82.13,42,17.87
2632,26,32,328,276,84.15,52,15.85
2701,27,1,444,365,82.21,79,17.79
2702,27,2,569,468,82.25,101,17.75
2703,27,3,250,199,79.6,51,20.4
2704,27,4,403,329,81.64,74,18.36
2705,27,5,245,176,71.84,69,28.16
2706,27,6,505,418,82.77,87,17.23
2707,27,7,667,571,85.61,96,14.39
2708,27,8,160,133,83.13,27,16.88
2709,27,9,456,389,85.31,67,14.69
2710,27,10,263,209,79.47,54,20.53
2711,27,11,488,409,83.81,79,16.19
2712,27,12,360,284,78.89,76,21.11
2713,27,13,398,324,81.41,74,18.59
2714,27,14,305,239,78.36,66,21.64
2715,27,15,395,314,79.49,81,20.51
2716,27,16,561,470,83.78,91,16.22
2717,27,17,212,168,79.25,44,20.75
2718,27,18,489,400,81.8,89,18.2
2719,27,19,152,121,79.61,31,20.39
2720,27,20,267,212,79.4,55,20.6
2721,27,21,205,172,83.9,33,16.1
2722,27,22,280,220,78.57,60,21.43
2723,27,23,257,202,78.6,55,21.4
2724,27,24,148,126,85.14,22,14.86
2725,27,25,369,299,81.03,70,18.97
2726,27,26,413,333,80.63,80,19.37
2727,27,27,296,242,81.76,54,18.24
2728,27,28,343,282,82.22,61,17.78
2729,27,29,688,569,82.7,119,17.3
2801,28,1,219,172,78.54,47,21.46
2802,28,2,220,181,82.27,39,17.73
2803,28,3,73,60,82.19,13,17.81
2804,28,4,189,153,80.95,36,19.05
2805,28,5,166,135,81.33,31,18.67
2806,28,6,331,275,83.08,56,16.92
2807,28,7,150,122,81.33,28,18.67
2808,28,8,281,226,80.43,55,19.57
2809,28,9,147,116,78.91,31,21.09
2810,28,10,109,78,71.56,31,28.44
2811,28,11,451,361,80.04,90,19.96
2812,28,12,592,480,81.08,112,18.92
2813,28,13,459,394,85.84,65,14.16
2814,28,14,354,288,81.36,66,18.64
2815,28,15,212,173,81.6,39,18.4
2816,28,16,444,331,74.55,113,25.45
2817,28,17,238,190,79.83,48,20.17
2818,28,18,283,230,81.27,53,18.73
2819,28,19,290,236,81.38,54,18.62
2820,28,20,232,154,66.38,78,33.62
2821,28,21,242,187,77.27,55,22.73
2822,28,22,210,164,78.1,46,21.9
2823,28,23,279,224,80.29,55,19.71
2824,28,24,234,188,80.34,46,19.66
2825,28,25,395,322,81.52,73,18.48
2826,28,26,143,113,79.02,30,20.98
2901,29,1,480,323,67.29,157,32.71
2902,29,2,386,270,69.95,116,30.05
2903,29,3,328,241,73.48,87,26.52
2904,29,4,359,255,71.03,104,28.97
2905,29,5,363,280,77.13,83,22.87
2906,29,6,295,232,78.64,63,21.36
2907,29,7,588,464,78.91,124,21.09
2908,29,8,729,593,81.34,136,18.66
2909,29,9,316,264,83.54,52,16.46
2910,29,10,454,372,81.94,82,18.06
2911,29,11,386,300,77.72,86,22.28
2912,29,12,480,400,83.33,80,16.67
2913,29,13,472,385,81.57,87,18.43
2914,29,14,387,301,77.78,86,22.22
2915,29,15,386,287,74.35,99,25.65
2916,29,16,445,350,78.65,95,21.35
2917,29,17,275,223,81.09,52,18.91
2918,29,18,412,320,77.67,92,22.33
2919,29,19,473,382,80.76,91,19.24
2920,29,20,266,208,78.2,58,21.8
2921,29,21,321,244,76.01,77,23.99
2922,29,22,438,348,79.45,90,20.55
2923,29,23,415,341,82.17,74,17.83
2924,29,24,337,277,82.2,60,17.8
3001,30,1,444,322,72.52,122,27.48
3002,30,2,314,236,75.16,78,24.84
3003,30,3,416,357,85.82,59,14.18
3004,30,4,322,239,74.22,83,25.78
3005,30,5,345,259,75.07,86,24.93
3006,30,6,411,339,82.48,72,17.52
3007,30,7,278,217,78.06,61,21.94
3008,30,8,484,403,83.26,81,16.74
3009,30,9,422,337,79.86,85,20.14
3010,30,10,332,269,81.02,63,18.98
3011,30,11,299,231,77.26,68,22.74
3012,30,12,396,293,73.99,103,26.01
3013,30,13,319,237,74.29,82,25.71
3014,30,14,370,278,75.14,92,24.86
3015,30,15,534,453,84.83,81,15.17
3016,30,16,283,213,75.27,70,24.73
3017,30,17,386,312,80.83,74,19.17
3018,30,18,346,282,81.5,64,18.5
3019,30,19,212,166,78.3,46,21.7
3020,30,20,280,218,77.86,62,22.14
3021,30,21,464,345,74.35,119,25.65
3022,30,22,460,385,83.7,75,16.3
3023,30,23,485,401,82.68,84,17.32
3024,30,24,398,316,79.4,82,20.6
3025,30,25,268,196,73.13,72,26.87
3026,30,26,505,415,82.18,90,17.82
3101,31,1,277,204,73.65,73,26.35
3102,31,2,449,376,83.74,73,16.26
3103,31,3,242,179,73.97,63,26.03
3104,31,4,310,263,84.84,47,15.16
3105,31,5,286,225,78.67,61,21.33
3106,31,6,225,172,76.44,53,23.56
3107,31,7,268,224,83.58,44,16.42
3108,31,8,377,301,79.84,76,20.16
3109,31,9,244,185,75.82,59,24.18
3110,31,10,388,334,86.08,54,13.92
3111,31,11,362,287,79.28,75,20.72
3112,31,12,431,326,75.64,105,24.36
3113,31,13,315,257,81.59,58,18.41
3114,31,14,308,233,75.65,75,24.35
3115,31,15,143,107,74.83,36,25.17
3116,31,16,196,138,70.41,58,29.59
3117,31,17,265,207,78.11,58,21.89
3118,31,18,213,166,77.93,47,22.07
3119,31,19,275,223,81.09,52,18.91
3120,31,20,270,201,74.44,69,25.56
3121,31,21,274,217,79.2,57,20.8
3122,31,22,115,98,85.22,17,14.78
3123,31,23,154,106,68.83,48,31.17
3201,32,1,991,869,87.69,122,12.31
3202,32,2,773,677,87.58,96,12.42
3203,32,3,535,455,85.05,80,14.95
3204,32,4,555,487,87.75,68,12.25
3205,32,5,424,374,88.21,50,11.79
3206,32,6,254,224,88.19,30,11.81
3207,32,7,554,461,83.21,93,16.79
3208,32,8,405,343,84.69,62,15.31
3209,32,9,378,325,85.98,53,14.02
3210,32,10,716,613,85.61,103,14.39
3211,32,11,444,379,85.36,65,14.64
3212,32,12,276,223,80.8,53,19.2
3213,32,13,181,143,79.01,38,20.99
3214,32,14,811,713,87.92,98,12.08
3215,32,15,781,661,84.64,120,15.36
3216,32,16,392,345,88.01,47,11.99
3217,32,17,726,604,83.2,122,16.8
3218,32,18,292,243,83.22,49,16.78
3219,32,19,353,303,85.84,50,14.16
3220,32,20,735,620,84.35,115,15.65
3221,32,21,754,652,86.47,102,13.53
3222,32,22,743,646,86.94,97,13.06
3223,32,23,493,419,84.99,74,15.01
3224,32,24,262,215,82.06,47,17.94
3225,32,25,546,479,87.73,67,12.27
3226,32,26,717,621,86.61,96,13.39
3227,32,27,697,617,88.52,80,11.48
3228,32,28,206,175,84.95,31,15.05
3229,32,29,558,487,87.28,71,12.72
3230,32,30,697,618,88.67,79,11.33
3301,33,1,762,652,85.56,110,14.44
3302,33,2,833,725,87.03,108,12.97
3303,33,3,583,494,84.73,89,15.27
3304,33,4,798,670,83.96,128,16.04
3305,33,5,644,536,83.23,108,16.77
3306,33,6,696,599,86.06,97,13.94
3307,33,7,660,551,83.48,109,16.52
3308,33,8,471,408,86.62,63,13.38
3309,33,9,473,384,81.18,89,18.82
3310,33,10,494,428,86.64,66,13.36
3311,33,11,402,352,87.56,50,12.44
3312,33,12,611,521,85.27,90,14.73
3313,33,13,527,445,84.44,82,15.56
3314,33,14,712,633,88.9,79,11.1
3315,33,15,511,444,86.89,67,13.11
3316,33,16,678,612,90.27,66,9.73
3317,33,17,628,547,87.1,81,12.9
3401,34,1,501,415,82.83,86,17.17
3402,34,2,310,254,81.94,56,18.06
3403,34,3,683,581,85.07,102,14.93
3404,34,4,389,323,83.03,66,16.97
3405,34,5,670,577,86.12,93,13.88
3406,34,6,462,401,86.8,61,13.2
3407,34,7,223,193,86.55,30,13.45
3408,34,8,368,308,83.7,60,16.3
3409,34,9,692,572,82.66,120,17.34
3410,34,10,279,237,84.95,42,15.05
3411,34,11,471,386,81.95,85,18.05
3412,34,12,480,420,87.5,60,12.5
3413,34,13,579,498,86.01,81,13.99
3414,34,14,555,464,83.6,91,16.4
3415,34,15,444,373,84.01,71,15.99
3416,34,16,711,605,85.09,106,14.91
3417,34,17,634,554,87.38,80,12.62
3418,34,18,591,515,87.14,76,12.86
3419,34,19,466,407,87.34,59,12.66
3420,34,20,598,511,85.45,87,14.55
3501,35,1,173,140,80.92,33,19.08
3502,35,2,423,335,79.2,88,20.8
3503,35,3,319,268,84.01,51,15.99
3504,35,4,491,431,87.78,60,12.22
3505,35,5,660,570,86.36,90,13.64
3506,35,6,962,854,88.77,108,11.23
3507,35,7,659,582,88.32,77,11.68
3508,35,8,458,392,85.59,66,14.41
3509,35,9,776,680,87.63,96,12.37
3510,35,10,479,428,89.35,51,10.65
3511,35,11,651,566,86.94,85,13.06
3512,35,12,821,720,87.7,101,12.3
3513,35,13,546,465,85.16,81,14.84
3514,35,14,489,414,84.66,75,15.34
3515,35,15,634,541,85.33,93,14.67
3516,35,16,838,721,86.04,117,13.96
3517,35,17,538,443,82.34,95,17.66
3518,35,18,353,306,86.69,47,13.31
3519,35,19,525,447,85.14,78,14.86
3520,35,20,305,252,82.62,53,17.38
3521,35,21,480,387,80.63,93,19.38
3522,35,22,642,520,81.0,122,19.0
3601,36,1,265,171,64.53,94,35.47
3602,36,2,321,242,75.39,79,24.61
3603,36,3,256,174,67.97,82,32.03
3604,36,4,313,233,74.44,80,25.56
3605,36,5,256,192,75.0,64,25.0
3606,36,6,209,164,78.47,45,21.53
3607,36,7,176,132,75.0,44,25.0
3608,36,8,137,99,72.26,38,27.74
3609,36,9,386,307,79.53,79,20.47
3610,36,10,285,214,75.09,71,24.91
3611,36,11,201,145,72.14,56,27.86
3612,36,12,147,112,76.19,35,23.81
3613,36,13,83,63,75.9,20,24.1
3614,36,14,265,192,72.45,73,27.55
3615,36,15,128,101,78.91,27,21.09
3616,36,16,97,83,85.57,14,14.43
3617,36,17,374,311,83.16,63,16.84
3618,36,18,436,366,83.94,70,16.06
3619,36,19,553,484,87.52,69,12.48
3620,36,20,625,543,86.88,82,13.12
3621,36,21,429,356,82.98,73,17.02
3622,36,22,543,480,88.4,63,11.6
3623,36,23,487,396,81.31,91,18.69
3624,36,24,505,438,86.73,67,13.27
3625,36,25,588,488,82.99,100,17.01
3626,36,26,511,447,87.48,64,12.52
3627,36,27,581,507,87.26,74,12.74
3701,37,1,368,286,77.72,82,22.28
3702,37,2,293,218,74.4,75,25.6
3703,37,3,315,256,81.27,59,18.73
3704,37,4,355,268,75.49,87,24.51
3705,37,5,243,176,72.43,67,27.57
3706,37,6,456,353,77.41,103,22.59
3707,37,7,301,229,76.08,72,23.92
3708,37,8,427,339,79.39,88,20.61
3709,37,9,169,129,76.33,40,23.67
3710,37,10,296,246,83.11,50,16.89
3711,37,11,303,226,74.59,77,25.41
3712,37,12,411,316,76.89,95,23.11
3713,37,13,251,188,74.9,63,25.1
3714,37,14,389,332,85.35,57,14.65
3715,37,15,327,255,77.98,72,22.02
3716,37,16,430,332,77.21,98,22.79
3717,37,17,249,191,76.71,58,23.29
3718,37,18,314,240,76.43,74,23.57
3719,37,19,260,205,78.85,55,21.15
3720,37,20,421,354,84.09,67,15.91
3721,37,21,225,184,81.78,41,18.22
3722,37,22,310,241,77.74,69,22.26
3801,38,1,654,357,54.59,297,45.41
3802,38,2,332,194,58.43,138,41.57
3803,38,3,475,275,57.89,200,42.11
3804,38,4,333,213,63.96,120,36.04
3805,38,5,534,315,58.99,219,41.01
3806,38,6,361,223,61.77,138,38.23
3807,38,7,433,287,66.28,146,33.72
3808,38,8,366,226,61.75,140,38.25
3809,38,9,366,260,71.04,106,28.96
3810,38,10,352,234,66.48,118,33.52
3811,38,11,406,287,70.69,119,29.31
3812,38,12,565,358,63.36,207,36.64
3813,38,13,299,209,69.9,90,30.1
3814,38,14,385,253,65.71,132,34.29
3815,38,15,333,221,66.37,112,33.63
3816,38,16,563,378,67.14,185,32.86
3817,38,17,497,350,70.42,147,29.58
3818,38,18,595,434,72.94,161,27.06
3819,38,19,586,434,74.06,152,25.94
3820,38,20,515,377,73.2,138,26.8
3821,38,21,637,477,74.88,160,25.12
3822,38,22,437,337,77.12,100,22.88
3823,38,23,607,463,76.28,144,23.72
3824,38,24,575,428,74.43,147,25.57
3825,38,25,660,532,80.61,128,19.39
3901,39,1,460,337,73.26,123,26.74
3902,39,2,226,181,80.09,45,19.91
3903,39,3,388,320,82.47,68,17.53
3904,39,4,510,357,70.0,153,30.0
3905,39,5,355,282,79.44,73,20.56
3906,39,6,289,230,79.58,59,20.42
3907,39,7,257,211,82.1,46,17.9
3908,39,8,264,210,79.55,54,20.45
3909,39,9,234,176,75.21,58,24.79
3910,39,10,342,288,84.21,54,15.79
3911,39,11,210,162,77.14,48,22.86
3912,39,12,415,337,81.2,78,18.8
3913,39,13,652,523,80.21,129,19.79
3914,39,14,632,429,67.88,203,32.12
3915,39,15,529,419,79.21,110,20.79
3916,39,16,292,237,81.16,55,18.84
3917,39,17,730,475,65.07,255,34.93
3918,39,18,329,206,62.61,123,37.39
3919,39,19,659,556,84.37,103,15.63
3920,39,20,442,276,62.44,166,37.56
3921,39,21,560,465,83.04,95,16.96
3922,39,22,285,196,68.77,89,31.23
3923,39,23,64,44,68.75,20,31.25
3924,39,24,418,346,82.78,72,17.22
3925,39,25,295,246,83.39,49,16.61
3926,39,26,256,217,84.77,39,15.23
3927,39,27,251,190,75.7,61,24.3
3928,39,28,274,225,82.12,49,17.88
3929,39,29,130,101,77.69,29,22.31
3930,39,30,242,172,71.07,70,28.93
3931,39,31,310,216,69.68,94,30.32
3932,39,32,762,542,71.13,220,28.87
3933,39,33,273,201,73.63,72,26.37
3934,39,34,304,211,69.41,93,30.59
3935,39,35,537,435,81.01,102,18.99
4001,40,1,499,437,87.58,62,12.42
4002,40,2,522,457,87.55,65,12.45
4003,40,3,466,394,84.55,72,15.45
4004,40,4,484,396,81.82,88,18.18
4005,40,5,387,314,81.14,73,18.86
4006,40,6,440,375,85.23,65,14.77
4007,40,7,496,437,88.1,59,11.9
4008,40,8,329,279,84.8,50,15.2
4009,40,9,583,472,80.96,111,19.04
4010,40,10,883,782,88.56,101,11.44
4011,40,11,545,436,80.0,109,20.0
4012,40,12,603,530,87.89,73,12.11
4013,40,13,627,567,90.43,60,9.57
4014,40,14,805,724,89.94,81,10.06
4015,40,15,607,562,92.59,45,7.41
4016,40,16,606,548,90.43,58,9.57
4017,40,17,640,572,89.38,68,10.63
4018,40,18,694,621,89.48,73,10.52
4019,40,19,601,547,91.01,54,8.99
4020,40,20,695,626,90.07,69,9.93
4021,40,21,630,577,91.59,53,8.41
4022,40,22,871,762,87.49,109,12.51
4023,40,23,905,812,89.72,93,10.28
4101,41,1,363,230,63.36,133,36.64
4102,41,2,245,169,68.98,76,31.02
4103,41,3,265,164,61.89,101,38.11
4104,41,4,379,203,53.56,176,46.44
4105,41,5,407,226,55.53,181,44.47
4106,41,6,388,221,56.96,167,43.04
4107,41,7,341,196,57.48,145,42.52
4108,41,8,346,215,62.14,131,37.86
4109,41,9,655,409,62.44,246,37.56
4110,41,10,543,328,60.41,215,39.59
4111,41,11,412,269,65.29,143,34.71
4112,41,12,261,145,55.56,116,44.44
4113,41,13,591,388,65.65,203,34.35
4114,41,14,677,403,59.53,274,40.47
4115,41,15,843,484,57.41,359,42.59
4116,41,16,292,179,61.3,113,38.7
4117,41,17,197,115,58.38,82,41.62
4118,41,18,638,413,64.73,225,35.27
4119,41,19,307,203,66.12,104,33.88
4120,41,20,339,199,58.7,140,41.3
4121,41,21,334,196,58.68,138,41.32
4122,41,22,283,163,57.6,120,42.4
4123,41,23,408,218,53.43,190,46.57
4124,41,24,618,349,56.47,269,43.53
4125,41,25,547,290,53.02,257,46.98
4126,41,26,670,440,65.67,230,34.33
4127,41,27,482,296,61.41,186,38.59
4128,41,28,801,515,64.29,286,35.71
4129,41,29,840,547,65.12,293,34.88
4130,41,30,669,364,54.41,305,45.59
4131,41,31,586,311,53.07,275,46.93
4201,42,1,260,205,78.85,55,21.15
4202,42,2,240,190,79.17,50,20.83
4203,42,3,653,542,83.0,111,17.0
4204,42,4,559,448,80.14,111,19.86
4205,42,5,789,644,81.62,145,18.38
4206,42,6,337,270,80.12,67,19.88
4207,42,7,525,433,82.48,92,17.52
4208,42,8,353,303,85.84,50,14.16
4209,42,9,593,480,80.94,113,19.06
4210,42,10,388,306,78.87,82,21.13
4211,42,11,437,367,83.98,70,16.02
4212,42,12,339,275,81.12,64,18.88
4213,42,13,269,212,78.81,57,21.19
4214,42,14,203,179,88.18,24,11.82
4215,42,15,186,148,79.57,38,20.43
4216,42,16,637,509,79.91,128,20.09
4217,42,17,702,565,80.48,137,19.52
4218,42,18,395,322,81.52,73,18.48
4219,42,19,574,493,85.89,81,14.11
4220,42,20,580,475,81.9,105,18.1
4221,42,21,661,566,85.63,95,14.37
4222,42,22,642,533,83.02,109,16.98
4223,42,23,642,545,84.89,97,15.11
4224,42,24,658,556,84.5,102,15.5
4301,43,1,656,544,82.93,112,17.07
4302,43,2,765,652,85.23,113,14.77
4303,43,3,249,203,81.53,46,18.47
4304,43,4,509,441,86.64,68,13.36
4305,43,5,814,723,88.82,91,11.18
4306,43,6,935,817,87.38,118,12.62
4307,43,7,843,724,85.88,119,14.12
4308,43,8,701,612,87.3,89,12.7
4309,43,9,922,814,88.29,108,11.71
4310,43,10,592,497,83.95,95,16.05
4311,43,11,402,336,83.58,66,16.42
4312,43,12,754,653,86.6,101,13.4
4313,43,13,587,498,84.84,89,15.16
4314,43,14,339,298,87.91,41,12.09
4315,43,15,754,649,86.07,105,13.93
4316,43,16,303,261,86.14,42,13.86
4317,43,17,726,638,87.88,88,12.12
4318,43,18,859,737,85.8,122,14.2
4319,43,19,796,679,85.3,117,14.7
4320,43,20,667,578,86.66,89,13.34
4321,43,21,354,292,82.49,62,17.51
4322,43,22,829,729,87.94,100,12.06
4323,43,23,566,481,84.98,85,15.02
4401,44,1,823,733,89.06,90,10.94
4402,44,2,547,465,85.01,82,14.99
4403,44,3,714,630,88.24,84,11.76
4404,44,4,907,796,87.76,111,12.24
4405,44,5,728,656,90.11,72,9.89
4406,44,6,649,572,88.14,77,11.86
4407,44,7,684,604,88.3,80,11.7
4408,44,8,715,640,89.51,75,10.49
4409,44,9,969,852,87.93,117,12.07
4410,44,10,908,804,88.55,104,11.45
4411,44,11,734,627,85.42,107,14.58
4412,44,12,878,785,89.41,93,10.59
4413,44,13,869,764,87.92,105,12.08
4414,44,14,823,728,88.46,95,11.54
4415,44,15,913,811,88.83,102,11.17
4416,44,16,911,803,88.14,108,11.86
4417,44,17,931,829,89.04,102,10.96
4418,44,18,641,564,87.99,77,12.01
4419,44,19,880,749,85.11,131,14.89
4420,44,20,562,517,91.99,45,8.01
4421,44,21,922,832,90.24,90,9.76
4501,45,1,812,517,63.67,295,36.33
4502,45,2,422,297,70.38,125,29.62
4503,45,3,240,153,63.75,87,36.25
4504,45,4,303,205,67.66,98,32.34
4505,45,5,446,329,73.77,117,26.23
4506,45,6,534,339,63.48,195,36.52
4507,45,7,517,357,69.05,160,30.95
4508,45,8,426,289,67.84,137,32.16
4509,45,9,454,326,71.81,128,28.19
4510,45,10,474,303,63.92,171,36.08
4511,45,11,639,426,66.67,213,33.33
4512,45,12,406,300,73.89,106,26.11
4513,45,13,619,458,73.99,161,26.01
4514,45,14,354,257,72.6,97,27.4
4515,45,15,428,324,75.7,104,24.3
4516,45,16,518,416,80.31,102,19.69
4517,45,17,568,409,72.01,159,27.99
4518,45,18,551,418,75.86,133,24.14
4519,45,19,350,258,73.71,92,26.29
4520,45,20,482,368,76.35,114,23.65
4521,45,21,418,315,75.36,103,24.64
4522,45,22,538,434,80.67,104,19.33
4523,45,23,530,416,78.49,114,21.51
4524,45,24,455,341,74.95,114,25.05
4525,45,25,638,504,79.0,134,21.0
4526,45,26,466,369,79.18,97,20.82
4527,45,27,581,484,83.3,97,16.7
4528,45,28,512,397,77.54,115,22.46
4529,45,29,525,438,83.43,87,16.57
4601,46,1,646,564,87.31,82,12.69
4602,46,2,614,543,88.44,71,11.56
4603,46,3,719,628,87.34,91,12.66
4604,46,4,833,722,86.67,111,13.33
4605,46,5,673,584,86.78,89,13.22
4606,46,6,1013,891,87.96,122,12.04
4607,46,7,624,561,89.9,63,10.1
4608,46,8,793,684,86.25,109,13.75
4609,46,9,767,678,88.4,89,11.6
4610,46,10,705,643,91.21,62,8.79
4611,46,11,816,711,87.13,105,12.87
4612,46,12,988,894,90.49,94,9.51
4613,46,13,871,791,90.82,80,9.18
4614,46,14,483,431,89.23,52,10.77
4615,46,15,931,810,87.0,121,13.0
4616,46,16,682,622,91.2,60,8.8
4617,46,17,884,782,88.46,102,11.54
4618,46,18,820,725,88.41,95,11.59
4619,46,19,645,561,86.98,84,13.02
4620,46,20,583,515,88.34,68,11.66
4621,46,21,451,401,88.91,50,11.09
4622,46,22,556,483,86.87,73,13.13
4623,46,23,483,442,91.51,41,8.49
4701,47,1,650,576,88.62,74,11.38
4702,47,2,625,561,89.76,64,10.24
4703,47,3,619,560,90.47,59,9.53
4704,47,4,797,729,91.47,68,8.53
4705,47,5,911,839,92.1,72,7.9
4706,47,6,781,716,91.68,65,8.32
4707,47,7,1130,1023,90.53,107,9.47
4708,47,8,704,630,89.49,74,10.51
4709,47,9,885,779,88.02,106,11.98
4710,47,10,766,695,90.73,71,9.27
4711,47,11,677,605,89.36,72,10.64
4712,47,12,510,473,92.75,37,7.25
4713,47,13,534,486,91.01,48,8.99
4714,47,14,679,590,86.89,89,13.11
4715,47,15,688,600,87.21,88,12.79
4716,47,16,715,615,86.01,100,13.99
4717,47,17,620,553,89.19,67,10.81
4718,47,18,790,716,90.63,74,9.37
4719,47,19,783,705,90.04,78,9.96
4720,47,20,756,672,88.89,84,11.11
4721,47,21,747,665,89.02,82,10.98
4722,47,22,612,528,86.27,84,13.73
4723,47,23,743,652,87.75,91,12.25
4724,47,24,871,766,87.94,105,12.06
4725,47,25,668,588,88.02,80,11.98
4726,47,26,844,724,85.78,120,14.22
4727,47,27,775,695,89.68,80,10.32
4728,47,28,558,475,85.13,83,14.87
4801,48,1,781,710,90.91,71,9.09
4802,48,2,248,218,87.9,30,12.1
4803,48,3,417,358,85.85,59,14.15
4804,48,4,451,401,88.91,50,11.09
4805,48,5,256,233,91.02,23,8.98
4806,48,6,622,557,89.55,65,10.45
4807,48,7,621,566,91.14,55,8.86
4808,48,8,390,336,86.15,54,13.85
4809,48,9,289,235,81.31,54,18.69
4810,48,10,751,693,92.28,58,7.72
4811,48,11,466,444,95.28,22,4.72
4812,48,12,651,571,87.71,80,12.29
4813,48,13,496,425,85.69,71,14.31
4814,48,14,576,515,89.41,61,10.59
4815,48,15,437,376,86.04,61,13.96
4816,48,16,357,319,89.36,38,10.64
4817,48,17,184,159,86.41,25,13.59
4818,48,18,611,521,85.27,90,14.73
4819,48,19,330,282,85.45,48,14.55
4820,48,20,230,198,86.09,32,13.91
4821,48,21,544,465,85.48,79,14.52
4822,48,22,315,274,86.98,41,13.02
4823,48,23,382,352,92.15,30,7.85
4824,48,24,749,621,82.91,128,17.09
4825,48,25,638,580,90.91,58,9.09
4826,48,26,328,287,87.5,41,12.5
4827,48,27,386,334,86.53,52,13.47
4828,48,28,537,493,91.81,44,8.19
4829,48,29,179,158,88.27,21,11.73
4830,48,30,565,511,90.44,54,9.56
4831,48,31,578,526,91.0,52,9.0
4832,48,32,457,399,87.31,58,12.69
4833,48,33,216,186,86.11,30,13.89
4834,48,34,444,393,88.51,51,11.49
4835,48,35,707,649,91.8,58,8.2
4901,49,1,664,572,86.14,92,13.86
4902,49,2,572,498,87.06,74,12.94
4903,49,3,785,681,86.75,104,13.25
4904,49,4,771,687,89.11,84,10.89
4905,49,5,832,740,88.94,92,11.06
4906,49,6,78,68,87.18,10,12.82
4907,49,7,806,715,88.71,91,11.29
4908,49,8,968,873,90.19,95,9.81
4909,49,9,869,758,87.23,111,12.77
4910,49,10,582,509,87.46,73,12.54
4911,49,11,631,559,88.59,72,11.41
4912,49,12,576,506,87.85,70,12.15
4913,49,13,708,621,87.71,87,12.29
4914,49,14,853,765,89.68,88,10.32
4915,49,15,788,696,88.32,92,11.68
4916,49,16,715,637,89.09,78,10.91
4917,49,17,833,728,87.39,105,12.61
5001,50,1,291,228,78.35,63,21.65
5002,50,2,349,268,76.79,81,23.21
5003,50,3,281,223,79.36,58,20.64
5004,50,4,351,277,78.92,74,21.08
5005,50,5,510,410,80.39,100,19.61
5006,50,6,240,203,84.58,37,15.42
5007,50,7,651,564,86.64,87,13.36
5008,50,8,432,372,86.11,60,13.89
5009,50,9,119,103,86.55,16,13.45
5010,50,10,253,199,78.66,54,21.34
5011,50,11,299,230,76.92,69,23.08
5012,50,12,120,94,78.33,26,21.67
5013,50,13,451,364,80.71,87,19.29
5014,50,14,84,62,73.81,22,26.19
5015,50,15,446,378,84.75,68,15.25
5016,50,16,83,57,68.67,26,31.33
5017,50,17,208,166,79.81,42,20.19
5018,50,18,31,20,64.52,11,35.48
5019,50,19,194,163,84.02,31,15.98
5020,50,20,181,157,86.74,24,13.26
5021,50,21,409,341,83.37,68,16.63
5022,50,22,344,256,74.42,88,25.58
5023,50,23,293,213,72.7,80,27.3
5024,50,24,339,242,71.39,97,28.61
5025,50,25,109,83,76.15,26,23.85
5026,50,26,175,136,77.71,39,22.29
5027,50,27,79,56,70.89,23,29.11
5028,50,28,461,401,86.98,60,13.02
