id,ward,precinct,total,Yes,Yes Percent,No,No Percent
0101,1,1,727,653,89.82,74,10.18
0102,1,2,686,615,89.65,71,10.35
0103,1,3,772,682,88.34,90,11.66
0104,1,4,696,632,90.8,64,9.2
0105,1,5,702,620,88.32,82,11.68
0106,1,6,614,540,87.95,74,12.05
0107,1,7,736,666,90.49,70,9.51
0108,1,8,666,598,89.79,68,10.21
0109,1,9,329,281,85.41,48,14.59
0110,1,10,867,780,89.97,87,10.03
0111,1,11,661,588,88.96,73,11.04
0112,1,12,284,241,84.86,43,15.14
0113,1,13,467,414,88.65,53,11.35
0114,1,14,390,340,87.18,50,12.82
0115,1,15,689,625,90.71,64,9.29
0116,1,16,665,578,86.92,87,13.08
0117,1,17,430,378,87.91,52,12.09
0118,1,18,622,564,90.68,58,9.32
0119,1,19,585,513,87.69,72,12.31
0120,1,20,538,486,90.33,52,9.67
0121,1,21,563,481,85.44,82,14.56
0122,1,22,760,675,88.82,85,11.18
0123,1,23,388,329,84.79,59,15.21
0124,1,24,835,746,89.34,89,10.66
0125,1,25,695,607,87.34,88,12.66
0126,1,26,620,520,83.87,100,16.13
0201,2,1,632,523,82.75,109,17.25
0202,2,2,756,634,83.86,122,16.14
0203,2,3,473,408,86.26,65,13.74
0204,2,4,514,436,84.82,78,15.18
0205,2,5,489,396,80.98,93,19.02
0206,2,6,715,579,80.98,136,19.02
0207,2,7,632,500,79.11,132,20.89
0208,2,8,490,402,82.04,88,17.96
0209,2,9,723,580,80.22,143,19.78
0210,2,10,321,266,82.87,55,17.13
0211,2,11,540,460,85.19,80,14.81
0212,2,12,505,409,80.99,96,19.01
0213,2,13,663,538,81.15,125,18.85
0214,2,14,383,329,85.9,54,14.1
0215,2,15,547,445,81.35,102,18.65
0216,2,16,632,520,82.28,112,17.72
0217,2,17,895,753,84.13,142,15.87
0218,2,18,525,441,84.0,84,16.0
0219,2,19,298,265,88.93,33,11.07
0220,2,20,373,290,77.75,83,22.25
0221,2,21,119,89,74.79,30,25.21
0222,2,22,437,364,83.3,73,16.7
0223,2,23,480,415,86.46,65,13.54
0224,2,24,395,322,81.52,73,18.48
0225,2,25,580,476,82.07,104,17.93
0301,3,1,579,446,77.03,133,22.97
0302,3,2,559,476,85.15,83,14.85
0303,3,3,399,331,82.96,68,17.04
0304,3,4,440,371,84.32,69,15.68
0305,3,5,114,91,79.82,23,20.18
0306,3,6,582,475,81.62,107,18.38
0307,3,7,282,238,84.4,44,15.6
0308,3,8,456,365,80.04,91,19.96
0309,3,9,358,329,91.9,29,8.1
0310,3,10,386,323,83.68,63,16.32
0311,3,11,617,522,84.6,95,15.4
0312,3,12,457,380,83.15,77,16.85
0313,3,13,664,552,83.13,112,16.87
0314,3,14,762,634,83.2,128,16.8
0315,3,15,444,377,84.91,67,15.09
0316,3,16,275,245,89.09,30,10.91
0317,3,17,156,122,78.21,34,21.79
0318,3,18,178,123,69.1,55,30.9
0319,3,19,780,648,83.08,132,16.92
0320,3,20,524,437,83.4,87,16.6
0321,3,21,494,428,86.64,66,13.36
0322,3,22,382,329,86.13,53,13.87
0323,3,23,283,229,80.92,54,19.08
0324,3,24,105,81,77.14,24,22.86
0325,3,25,757,628,82.96,129,17.04
0326,3,26,259,208,80.31,51,19.69
0327,3,27,643,535,83.2,108,16.8
0401,4,1,704,635,90.2,69,9.8
0402,4,2,252,219,86.9,33,13.1
0403,4,3,466,432,92.7,34,7.3
0404,4,4,568,486,85.56,82,14.44
0405,4,5,279,244,87.46,35,12.54
0406,4,6,412,359,87.14,53,12.86
0407,4,7,298,259,86.91,39,13.09
0408,4,8,436,385,88.3,51,11.7
0409,4,9,441,369,83.67,72,16.33
0410,4,10,412,365,88.59,47,11.41
0411,4,11,560,485,86.61,75,13.39
0412,4,12,352,304,86.36,48,13.64
0413,4,13,368,302,82.07,66,17.93
0414,4,14,315,268,85.08,47,14.92
0415,4,15,336,300,89.29,36,10.71
0416,4,16,464,381,82.11,83,17.89
0417,4,17,592,491,82.94,101,17.06
0418,4,18,186,145,77.96,41,22.04
0419,4,19,395,336,85.06,59,14.94
0420,4,20,579,502,86.7,77,13.3
0421,4,21,379,333,87.86,46,12.14
0422,4,22,193,168,87.05,25,12.95
0423,4,23,338,292,86.39,46,13.61
0424,4,24,647,551,85.16,96,14.84
0425,4,25,771,667,86.51,104,13.49
0426,4,26,678,601,88.64,77,11.36
0427,4,27,738,625,84.69,113,15.31
0428,4,28,761,665,87.39,96,12.61
0501,5,1,540,456,84.44,84,15.56
0502,5,2,635,544,85.67,91,14.33
0503,5,3,585,500,85.47,85,14.53
0504,5,4,482,396,82.16,86,17.84
0505,5,5,269,229,85.13,40,14.87
0506,5,6,236,199,84.32,37,15.68
0507,5,7,136,105,77.21,31,22.79
0508,5,8,176,141,80.11,35,19.89
0509,5,9,164,142,86.59,22,13.41
0510,5,10,266,219,82.33,47,17.67
0511,5,11,351,284,80.91,67,19.09
0512,5,12,617,569,92.22,48,7.78
0513,5,13,268,222,82.84,46,17.16
0514,5,14,285,244,85.61,41,14.39
0515,5,15,893,814,91.15,79,8.85
0516,5,16,559,514,91.95,45,8.05
0517,5,17,392,358,91.33,34,8.67
0518,5,18,833,751,90.16,82,9.84
0519,5,19,373,340,91.15,33,8.85
0520,5,20,620,556,89.68,64,10.32
0521,5,21,518,474,91.51,44,8.49
0522,5,22,619,570,92.08,49,7.92
0523,5,23,329,304,92.4,25,7.6
0524,5,24,317,296,93.38,21,6.62
0525,5,25,814,768,94.35,46,5.65
0601,6,1,159,129,81.13,30,18.87
0602,6,2,209,174,83.25,35,16.75
0603,6,3,64,41,64.06,23,35.94
0604,6,4,166,135,81.33,31,18.67
0605,6,5,290,236,81.38,54,18.62
0606,6,6,267,204,76.4,63,23.6
0607,6,7,340,275,80.88,65,19.12
0608,6,8,267,222,83.15,45,16.85
0609,6,9,557,464,83.3,93,16.7
0610,6,10,129,111,86.05,18,13.95
0611,6,11,152,126,82.89,26,17.11
0612,6,12,358,287,80.17,71,19.83
0613,6,13,478,394,82.43,84,17.57
0614,6,14,455,388,85.27,67,14.73
0615,6,15,472,387,81.99,85,18.01
0616,6,16,304,252,82.89,52,17.11
0617,6,17,540,458,84.81,82,15.19
0618,6,18,624,538,86.22,86,13.78
0619,6,19,383,317,82.77,66,17.23
0620,6,20,692,598,86.42,94,13.58
0621,6,21,497,412,82.9,85,17.1
0622,6,22,670,574,85.67,96,14.33
0623,6,23,634,541,85.33,93,14.67
0624,6,24,582,506,86.94,76,13.06
0625,6,25,436,387,88.76,49,11.24
0626,6,26,732,650,88.8,82,11.2
0627,6,27,669,557,83.26,112,16.74
0701,7,1,474,387,81.65,87,18.35
0702,7,2,620,548,88.39,72,11.61
0703,7,3,329,247,75.08,82,24.92
0704,7,4,386,320,82.9,66,17.1
0705,7,5,547,465,85.01,82,14.99
0706,7,6,138,118,85.51,20,14.49
0707,7,7,328,244,74.39,84,25.61
0708,7,8,214,176,82.24,38,17.76
0709,7,9,354,264,74.58,90,25.42
0710,7,10,515,449,87.18,66,12.82
0711,7,11,430,355,82.56,75,17.44
0712,7,12,535,446,83.36,89,16.64
0713,7,13,365,279,76.44,86,23.56
0714,7,14,317,262,82.65,55,17.35
0715,7,15,463,383,82.72,80,17.28
0716,7,16,163,133,81.6,30,18.4
0717,7,17,129,111,86.05,18,13.95
0718,7,18,64,58,90.63,6,9.38
0719,7,19,628,537,85.51,91,14.49
0720,7,20,350,298,85.14,52,14.86
0721,7,21,260,228,87.69,32,12.31
0722,7,22,292,258,88.36,34,11.64
0723,7,23,213,171,80.28,42,19.72
0724,7,24,61,46,75.41,15,24.59
0725,7,25,325,275,84.62,50,15.38
0726,7,26,471,394,83.65,77,16.35
0727,7,27,276,228,82.61,48,17.39
0728,7,28,180,140,77.78,40,22.22
0729,7,29,260,208,80.0,52,20.0
0730,7,30,244,200,81.97,44,18.03
0731,7,31,110,96,87.27,14,12.73
0801,8,1,503,407,80.91,96,19.09
0802,8,2,253,212,83.79,41,16.21
0803,8,3,206,180,87.38,26,12.62
0804,8,4,464,394,84.91,70,15.09
0805,8,5,330,292,88.48,38,11.52
0806,8,6,569,489,85.94,80,14.06
0807,8,7,327,268,81.96,59,18.04
0808,8,8,717,621,86.61,96,13.39
0809,8,9,454,381,83.92,73,16.08
0810,8,10,510,393,77.06,117,22.94
0811,8,11,434,361,83.18,73,16.82
0812,8,12,494,442,89.47,52,10.53
0813,8,13,456,414,90.79,42,9.21
0814,8,14,508,451,88.78,57,11.22
0815,8,15,396,343,86.62,53,13.38
0816,8,16,357,300,84.03,57,15.97
0817,8,17,596,527,88.42,69,11.58
0818,8,18,786,685,87.15,101,12.85
0819,8,19,634,539,85.02,95,14.98
0820,8,20,277,218,78.7,59,21.3
0821,8,21,230,191,83.04,39,16.96
0822,8,22,229,200,87.34,29,12.66
0823,8,23,588,490,83.33,98,16.67
0824,8,24,422,369,87.44,53,12.56
0825,8,25,169,140,82.84,29,17.16
0826,8,26,352,291,82.67,61,17.33
0827,8,27,459,393,85.62,66,14.38
0828,8,28,322,257,79.81,65,20.19
0829,8,29,314,273,86.94,41,13.06
0830,8,30,400,331,82.75,69,17.25
0901,9,1,501,395,78.84,106,21.16
0902,9,2,324,257,79.32,67,20.68
0903,9,3,167,131,78.44,36,21.56
0904,9,4,368,300,81.52,68,18.48
0905,9,5,365,304,83.29,61,16.71
0906,9,6,631,531,84.15,100,15.85
0907,9,7,470,370,78.72,100,21.28
0908,9,8,469,380,81.02,89,18.98
0909,9,9,276,218,78.99,58,21.01
0910,9,10,593,512,86.34,81,13.66
0911,9,11,193,155,80.31,38,19.69
0912,9,12,528,454,85.98,74,14.02
0913,9,13,523,441,84.32,82,15.68
0914,9,14,290,251,86.55,39,13.45
0915,9,15,390,326,83.59,64,16.41
0916,9,16,535,431,80.56,104,19.44
0917,9,17,168,132,78.57,36,21.43
0918,9,18,273,224,82.05,49,17.95
0919,9,19,230,190,82.61,40,17.39
0920,9,20,420,320,76.19,100,23.81
0921,9,21,485,393,81.03,92,18.97
0922,9,22,335,276,82.39,59,17.61
0923,9,23,268,215,80.22,53,19.78
0924,9,24,402,330,82.09,72,17.91
0925,9,25,313,255,81.47,58,18.53
0926,9,26,461,388,84.16,73,15.84
0927,9,27,257,207,80.54,50,19.46
0928,9,28,203,155,76.35,48,23.65
0929,9,29,608,510,83.88,98,16.12
0930,9,30,481,400,83.16,81,16.84
1001,10,1,125,101,80.8,24,19.2
1002,10,2,148,104,70.27,44,29.73
1003,10,3,255,181,70.98,74,29.02
1004,10,4,286,227,79.37,59,20.63
1005,10,5,112,82,73.21,30,26.79
1006,10,6,135,105,77.78,30,22.22
1007,10,7,259,168,64.86,91,35.14
1008,10,8,253,180,71.15,73,28.85
1009,10,9,287,211,73.52,76,26.48
1010,10,10,301,213,70.76,88,29.24
1011,10,11,107,74,69.16,33,30.84
1012,10,12,279,216,77.42,63,22.58
1013,10,13,305,223,73.11,82,26.89
1014,10,14,394,274,69.54,120,30.46
1015,10,15,358,258,72.07,100,27.93
1016,10,16,430,280,65.12,150,34.88
1017,10,17,385,261,67.79,124,32.21
1018,10,18,476,284,59.66,192,40.34
1019,10,19,276,179,64.86,97,35.14
1020,10,20,186,132,70.97,54,29.03
1021,10,21,227,134,59.03,93,40.97
1022,10,22,411,246,59.85,165,40.15
1023,10,23,270,195,72.22,75,27.78
1024,10,24,122,80,65.57,42,34.43
1025,10,25,218,158,72.48,60,27.52
1101,11,1,142,115,80.99,27,19.01
1102,11,2,74,59,79.73,15,20.27
1103,11,3,400,298,74.5,102,25.5
1104,11,4,310,220,70.97,90,29.03
1105,11,5,332,242,72.89,90,27.11
1106,11,6,416,302,72.6,114,27.4
1107,11,7,212,163,76.89,49,23.11
1108,11,8,354,231,65.25,123,34.75
1109,11,9,400,272,68.0,128,32.0
1110,11,10,71,44,61.97,27,38.03
1111,11,11,60,44,73.33,16,26.67
1112,11,12,120,79,65.83,41,34.17
1113,11,13,346,246,71.1,100,28.9
1114,11,14,688,502,72.97,186,27.03
1115,11,15,514,418,81.32,96,18.68
1116,11,16,601,472,78.54,129,21.46
1117,11,17,276,198,71.74,78,28.26
1118,11,18,382,291,76.18,91,23.82
1119,11,19,127,80,62.99,47,37.01
1120,11,20,376,288,76.6,88,23.4
1121,11,21,629,409,65.02,220,34.98
1122,11,22,411,245,59.61,166,40.39
1123,11,23,455,306,67.25,149,32.75
1201,12,1,235,174,74.04,61,25.96
1202,12,2,164,117,71.34,47,28.66
1203,12,3,324,248,76.54,76,23.46
1204,12,4,269,204,75.84,65,24.16
1205,12,5,257,183,71.21,74,28.79
1206,12,6,228,173,75.88,55,24.12
1207,12,7,235,160,68.09,75,31.91
1208,12,8,229,176,76.86,53,23.14
1209,12,9,128,95,74.22,33,25.78
1210,12,10,269,183,68.03,86,31.97
1211,12,11,198,150,75.76,48,24.24
1212,12,12,167,113,67.66,54,32.34
1213,12,13,185,146,78.92,39,21.08
1214,12,14,109,83,76.15,26,23.85
1215,12,15,232,166,71.55,66,28.45
1216,12,16,267,191,71.54,76,28.46
1217,12,17,216,166,76.85,50,23.15
1218,12,18,243,188,77.37,55,22.63
1219,12,19,149,116,77.85,33,22.15
1220,12,20,201,152,75.62,49,24.38
1221,12,21,200,143,71.5,57,28.5
1222,12,22,190,134,70.53,56,29.47
1301,13,1,222,170,76.58,52,23.42
1302,13,2,269,194,72.12,75,27.88
1303,13,3,375,189,50.4,186,49.6
1304,13,4,293,219,74.74,74,25.26
1305,13,5,263,162,61.6,101,38.4
1306,13,6,274,154,56.2,120,43.8
1307,13,7,208,123,59.13,85,40.87
1308,13,8,340,229,67.35,111,32.65
1309,13,9,387,222,57.36,165,42.64
1310,13,10,368,212,57.61,156,42.39
1311,13,11,215,127,59.07,88,40.93
1312,13,12,203,138,67.98,65,32.02
1313,13,13,265,152,57.36,113,42.64
1314,13,14,232,134,57.76,98,42.24
1315,13,15,193,110,56.99,83,43.01
1316,13,16,307,206,67.1,101,32.9
1317,13,17,334,244,73.05,90,26.95
1318,13,18,231,164,71.0,67,29.0
1319,13,19,214,110,51.4,104,48.6
1320,13,20,312,187,59.94,125,40.06
1321,13,21,259,157,60.62,102,39.38
1322,13,22,335,248,74.03,87,25.97
1323,13,23,336,169,50.3,167,49.7
1324,13,24,259,176,67.95,83,32.05
1325,13,25,251,174,69.32,77,30.68
1326,13,26,204,142,69.61,62,30.39
1327,13,27,175,131,74.86,44,25.14
1328,13,28,217,144,66.36,73,33.64
1329,13,29,205,150,73.17,55,26.83
1330,13,30,315,169,53.65,146,46.35
1331,13,31,221,118,53.39,103,46.61
1332,13,32,227,125,55.07,102,44.93
1333,13,33,277,174,62.82,103,37.18
1334,13,34,330,195,59.09,135,40.91
1335,13,35,406,249,61.33,157,38.67
1336,13,36,165,128,77.58,37,22.42
1337,13,37,339,186,54.87,153,45.13
1338,13,38,186,130,69.89,56,30.11
1339,13,39,331,199,60.12,132,39.88
1340,13,40,273,152,55.68,121,44.32
1401,14,1,374,278,74.33,96,25.67
1402,14,2,257,170,66.15,87,33.85
1403,14,3,175,124,70.86,51,29.14
1404,14,4,83,57,68.67,26,31.33
1405,14,5,291,223,76.63,68,23.37
1406,14,6,377,276,73.21,101,26.79
1407,14,7,328,226,68.9,102,31.1
1408,14,8,344,251,72.97,93,27.03
1409,14,9,369,262,71.0,107,29.0
1410,14,10,320,226,70.63,94,29.38
1411,14,11,374,281,75.13,93,24.87
1412,14,12,248,176,70.97,72,29.03
1413,14,13,399,290,72.68,109,27.32
1414,14,14,207,155,74.88,52,25.12
1415,14,15,210,159,75.71,51,24.29
1501,15,1,239,131,54.81,108,45.19
1502,15,2,336,176,52.38,160,47.62
1503,15,3,127,84,66.14,43,33.86
1504,15,4,154,110,71.43,44,28.57
1505,15,5,99,76,76.77,23,23.23
1506,15,6,224,161,71.88,63,28.13
1507,15,7,177,111,62.71,66,37.29
1508,15,8,201,152,75.62,49,24.38
1509,15,9,226,161,71.24,65,28.76
1510,15,10,174,138,79.31,36,20.69
1511,15,11,175,123,70.29,52,29.71
1512,15,12,238,183,76.89,55,23.11
1513,15,13,179,131,73.18,48,26.82
1514,15,14,190,131,68.95,59,31.05
1515,15,15,186,142,76.34,44,23.66
1516,15,16,295,219,74.24,76,25.76
1517,15,17,321,256,79.75,65,20.25
1518,15,18,225,173,76.89,52,23.11
1519,15,19,139,109,78.42,30,21.58
1520,15,20,211,148,70.14,63,29.86
1601,16,1,286,223,77.97,63,22.03
1602,16,2,190,147,77.37,43,22.63
1603,16,3,235,188,80.0,47,20.0
1604,16,4,147,116,78.91,31,21.09
1605,16,5,329,255,77.51,74,22.49
1606,16,6,301,228,75.75,73,24.25
1607,16,7,183,149,81.42,34,18.58
1608,16,8,136,99,72.79,37,27.21
1609,16,9,305,243,79.67,62,20.33
1610,16,10,226,179,79.2,47,20.8
1611,16,11,206,154,74.76,52,25.24
1612,16,12,81,62,76.54,19,23.46
1613,16,13,118,103,87.29,15,12.71
1614,16,14,322,248,77.02,74,22.98
1615,16,15,256,196,76.56,60,23.44
1616,16,16,196,156,79.59,40,20.41
1617,16,17,364,287,78.85,77,21.15
1618,16,18,333,255,76.58,78,23.42
1619,16,19,268,202,75.37,66,24.63
1620,16,20,255,213,83.53,42,16.47
1621,16,21,171,130,76.02,41,23.98
1622,16,22,271,213,78.6,58,21.4
1623,16,23,189,136,71.96,53,28.04
1624,16,24,222,174,78.38,48,21.62
1625,16,25,102,84,82.35,18,17.65
1701,17,1,354,275,77.68,79,22.32
1702,17,2,223,173,77.58,50,22.42
1703,17,3,263,206,78.33,57,21.67
1704,17,4,265,204,76.98,61,23.02
1705,17,5,175,130,74.29,45,25.71
1706,17,6,242,192,79.34,50,20.66
1707,17,7,145,114,78.62,31,21.38
1708,17,8,204,167,81.86,37,18.14
1709,17,9,193,155,80.31,38,19.69
1710,17,10,378,299,79.1,79,20.9
1711,17,11,238,179,75.21,59,24.79
1712,17,12,149,115,77.18,34,22.82
1713,17,13,166,134,80.72,32,19.28
1714,17,14,180,141,78.33,39,21.67
1715,17,15,495,406,82.02,89,17.98
1716,17,16,215,174,80.93,41,19.07
1717,17,17,191,161,84.29,30,15.71
1718,17,18,565,468,82.83,97,17.17
1719,17,19,373,307,82.31,66,17.69
1720,17,20,372,310,83.33,62,16.67
1721,17,21,421,351,83.37,70,16.63
1722,17,22,421,342,81.24,79,18.76
1723,17,23,269,220,81.78,49,18.22
1724,17,24,453,375,82.78,78,17.22
1725,17,25,199,164,82.41,35,17.59
1726,17,26,393,332,84.48,61,15.52
1727,17,27,462,370,80.09,92,19.91
1728,17,28,534,434,81.27,100,18.73
1729,17,29,476,397,83.4,79,16.6
1801,18,1,577,469,81.28,108,18.72
1802,18,2,632,530,83.86,102,16.14
1803,18,3,266,218,81.95,48,18.05
1804,18,4,452,382,84.51,70,15.49
1805,18,5,370,318,85.95,52,14.05
1806,18,6,568,490,86.27,78,13.73
1807,18,7,515,438,85.05,77,14.95
1808,18,8,765,627,81.96,138,18.04
1809,18,9,613,513,83.69,100,16.31
1810,18,10,680,561,82.5,119,17.5
1811,18,11,375,306,81.6,69,18.4
1812,18,12,617,504,81.69,113,18.31
1813,18,13,491,401,81.67,90,18.33
1814,18,14,381,309,81.1,72,18.9
1815,18,15,286,240,83.92,46,16.08
1816,18,16,443,357,80.59,86,19.41
1817,18,17,322,230,71.43,92,28.57
1818,18,18,395,287,72.66,108,27.34
1819,18,19,358,292,81.56,66,18.44
1820,18,20,333,257,77.18,76,22.82
1821,18,21,451,362,80.27,89,19.73
1822,18,22,432,290,67.13,142,32.87
1823,18,23,506,316,62.45,190,37.55
1824,18,24,561,389,69.34,172,30.66
1825,18,25,300,212,70.67,88,29.33
1826,18,26,520,350,67.31,170,32.69
1901,19,1,692,390,56.36,302,43.64
1902,19,2,674,557,82.64,117,17.36
1903,19,3,455,157,34.51,298,65.49
1904,19,4,464,191,41.16,273,58.84
1905,19,5,538,428,79.55,110,20.45
1906,19,6,503,221,43.94,282,56.06
1907,19,7,664,341,51.36,323,48.64
1908,19,8,502,417,83.07,85,16.93
1909,19,9,455,381,83.74,74,16.26
1910,19,10,502,396,78.88,106,21.12
1911,19,11,424,185,43.63,239,56.37
1912,19,12,652,261,40.03,391,59.97
1913,19,13,460,403,87.61,57,12.39
1914,19,14,599,482,80.47,117,19.53
1915,19,15,385,142,36.88,243,63.12
1916,19,16,481,209,43.45,272,56.55
1917,19,17,442,247,55.88,195,44.12
1918,19,18,435,161,37.01,274,62.99
1919,19,19,536,424,79.1,112,20.9
1920,19,20,431,369,85.61,62,14.39
1921,19,21,667,306,45.88,361,54.12
1922,19,22,461,331,71.8,130,28.2
1923,19,23,466,262,56.22,204,43.78
1924,19,24,469,192,40.94,277,59.06
1925,19,25,464,387,83.41,77,16.59
1926,19,26,426,300,70.42,126,29.58
1927,19,27,703,580,82.5,123,17.5
1928,19,28,861,708,82.23,153,17.77
1929,19,29,589,290,49.24,299,50.76
1930,19,30,482,190,39.42,292,60.58
1931,19,31,738,551,74.66,187,25.34
1932,19,32,454,359,79.07,95,20.93
1933,19,33,339,133,39.23,206,60.77
1934,19,34,753,439,58.3,314,41.7
1935,19,35,530,389,73.4,141,26.6
1936,19,36,434,323,74.42,111,25.58
2001,20,1,213,154,72.3,59,27.7
2002,20,2,125,92,73.6,33,26.4
2003,20,3,138,113,81.88,25,18.12
2004,20,4,110,92,83.64,18,16.36
2005,20,5,200,154,77.0,46,23.0
2006,20,6,134,110,82.09,24,17.91
2007,20,7,152,124,81.58,28,18.42
2008,20,8,204,158,77.45,46,22.55
2009,20,9,386,321,83.16,65,16.84
2010,20,10,426,351,82.39,75,17.61
2011,20,11,352,285,80.97,67,19.03
2012,20,12,69,43,62.32,26,37.68
2013,20,13,618,530,85.76,88,14.24
2014,20,14,389,326,83.8,63,16.2
2015,20,15,342,276,80.7,66,19.3
2016,20,16,375,318,84.8,57,15.2
2017,20,17,466,403,86.48,63,13.52
2018,20,18,558,480,86.02,78,13.98
2019,20,19,327,272,83.18,55,16.82
2020,20,20,367,321,87.47,46,12.53
2021,20,21,517,420,81.24,97,18.76
2022,20,22,466,376,80.69,90,19.31
2023,20,23,154,120,77.92,34,22.08
2101,21,1,567,483,85.19,84,14.81
2102,21,2,170,143,84.12,27,15.88
2103,21,3,603,518,85.9,85,14.1
2104,21,4,492,411,83.54,81,16.46
2105,21,5,510,423,82.94,87,17.06
2106,21,6,438,349,79.68,89,20.32
2107,21,7,635,524,82.52,111,17.48
2108,21,8,469,401,85.5,68,14.5
2109,21,9,164,135,82.32,29,17.68
2110,21,10,583,474,81.3,109,18.7
2111,21,11,585,495,84.62,90,15.38
2112,21,12,254,217,85.43,37,14.57
2113,21,13,420,346,82.38,74,17.62
2114,21,14,644,555,86.18,89,13.82
2115,21,15,624,515,82.53,109,17.47
2116,21,16,555,478,86.13,77,13.87
2117,21,17,399,341,85.46,58,14.54
2118,21,18,601,511,85.02,90,14.98
2119,21,19,473,400,84.57,73,15.43
2120,21,20,333,274,82.28,59,17.72
2121,21,21,596,486,81.54,110,18.46
2122,21,22,638,533,83.54,105,16.46
2123,21,23,454,365,80.4,89,19.6
2124,21,24,441,361,81.86,80,18.14
2125,21,25,364,288,79.12,76,20.88
2126,21,26,395,324,82.03,71,17.97
2127,21,27,572,463,80.94,109,19.06
2128,21,28,510,403,79.02,107,20.98
2129,21,29,534,440,82.4,94,17.6
2201,22,1,172,136,79.07,36,20.93
2202,22,2,108,80,74.07,28,25.93
2203,22,3,215,160,74.42,55,25.58
2204,22,4,126,97,76.98,29,23.02
2205,22,5,358,264,73.74,94,26.26
2206,22,6,188,138,73.4,50,26.6
2207,22,7,197,138,70.05,59,29.95
2208,22,8,221,165,74.66,56,25.34
2209,22,9,181,142,78.45,39,21.55
2210,22,10,245,193,78.78,52,21.22
2211,22,11,309,238,77.02,71,22.98
2212,22,12,193,142,73.58,51,26.42
2213,22,13,249,192,77.11,57,22.89
2214,22,14,197,153,77.66,44,22.34
2215,22,15,124,88,70.97,36,29.03
2216,22,16,289,201,69.55,88,30.45
2217,22,17,123,89,72.36,34,27.64
2218,22,18,245,205,83.67,40,16.33
2219,22,19,408,285,69.85,123,30.15
2301,23,1,232,122,52.59,110,47.41
2302,23,2,397,196,49.37,201,50.63
2303,23,3,256,133,51.95,123,48.05
2304,23,4,205,98,47.8,107,52.2
2305,23,5,343,164,47.81,179,52.19
2306,23,6,186,81,43.55,105,56.45
2307,23,7,259,139,53.67,120,46.33
2308,23,8,233,137,58.8,96,41.2
2309,23,9,397,243,61.21,154,38.79
2310,23,10,439,281,64.01,158,35.99
2311,23,11,176,120,68.18,56,31.82
2312,23,12,251,171,68.13,80,31.87
2313,23,13,412,301,73.06,111,26.94
2314,23,14,307,214,69.71,93,30.29
2315,23,15,343,245,71.43,98,28.57
2316,23,16,177,130,73.45,47,26.55
2317,23,17,240,183,76.25,57,23.75
2318,23,18,212,153,72.17,59,27.83
2319,23,19,183,131,71.58,52,28.42
2320,23,20,174,123,70.69,51,29.31
2321,23,21,153,115,75.16,38,24.84
2322,23,22,169,126,74.56,43,25.44
2323,23,23,166,117,70.48,49,29.52
2324,23,24,153,110,71.9,43,28.1
2325,23,25,136,109,80.15,27,19.85
2326,23,26,116,84,72.41,32,27.59
2327,23,27,140,106,75.71,34,24.29
2328,23,28,207,151,72.95,56,27.05
2329,23,29,281,195,69.4,86,30.6
2330,23,30,168,138,82.14,30,17.86
2331,23,31,193,147,76.17,46,23.83
2332,23,32,164,124,75.61,40,24.39
2333,23,33,383,275,71.8,108,28.2
2401,24,1,146,117,80.14,29,19.86
2402,24,2,154,122,79.22,32,20.78
2403,24,3,336,256,76.19,80,23.81
2404,24,4,270,201,74.44,69,25.56
2405,24,5,433,341,78.75,92,21.25
2406,24,6,295,232,78.64,63,21.36
2407,24,7,146,120,82.19,26,17.81
2408,24,8,203,159,78.33,44,21.67
2409,24,9,361,275,76.18,86,23.82
2410,24,10,276,218,78.99,58,21.01
2411,24,11,327,261,79.82,66,20.18
2412,24,12,377,296,78.51,81,21.49
2413,24,13,339,269,79.35,70,20.65
2414,24,14,252,204,80.95,48,19.05
2415,24,15,316,250,79.11,66,20.89
2416,24,16,421,311,73.87,110,26.13
2417,24,17,240,179,74.58,61,25.42
2418,24,18,402,322,80.1,80,19.9
2419,24,19,939,555,59.11,384,40.89
2501,25,1,287,207,72.13,80,27.87
2502,25,2,204,148,72.55,56,27.45
2503,25,3,293,228,77.82,65,22.18
2504,25,4,341,253,74.19,88,25.81
2505,25,5,418,335,80.14,83,19.86
2506,25,6,458,349,76.2,109,23.8
2507,25,7,443,351,79.23,92,20.77
2508,25,8,418,326,77.99,92,22.01
2509,25,9,463,363,78.4,100,21.6
2510,25,10,503,404,80.32,99,19.68
2511,25,11,451,386,85.59,65,14.41
2512,25,12,403,331,82.13,72,17.87
2513,25,13,592,475,80.24,117,19.76
2514,25,14,574,453,78.92,121,21.08
2515,25,15,457,366,80.09,91,19.91
2516,25,16,571,466,81.61,105,18.39
2517,25,17,250,208,83.2,42,16.8
2601,26,1,174,125,71.84,49,28.16
2602,26,2,238,201,84.45,37,15.55
2603,26,3,436,388,88.99,48,11.01
2604,26,4,240,171,71.25,69,28.75
2605,26,5,319,277,86.83,42,13.17
2606,26,6,201,152,75.62,49,24.38
2607,26,7,309,253,81.88,56,18.12
2608,26,8,230,190,82.61,40,17.39
2609,26,9,211,162,76.78,49,23.22
2610,26,10,249,204,81.93,45,18.07
2611,26,11,233,195,83.69,38,16.31
2612,26,12,97,81,83.51,16,16.49
2613,26,13,201,166,82.59,35,17.41
2614,26,14,140,108,77.14,32,22.86
2615,26,15,165,118,71.52,47,28.48
2616,26,16,388,325,83.76,63,16.24
2617,26,17,351,303,86.32,48,13.68
2618,26,18,170,122,71.76,48,28.24
2619,26,19,397,360,90.68,37,9.32
2620,26,20,433,378,87.3,55,12.7
2621,26,21,183,150,81.97,33,18.03
2622,26,22,150,98,65.33,52,34.67
2623,26,23,334,278,83.23,56,16.77
2624,26,24,162,128,79.01,34,20.99
2625,26,25,362,318,87.85,44,12.15
2626,26,26,390,328,84.1,62,15.9
2627,26,27,447,367,82.1,80,17.9
2628,26,28,397,360,90.68,37,9.32
2629,26,29,386,315,81.61,71,18.39
2630,26,30,225,198,88.0,27,12.0
2631,26,31,234,194,82.91,40,17.09
2632,26,32,334,276,82.63,58,17.37
2701,27,1,440,361,82.05,79,17.95
2702,27,2,573,479,83.6,94,16.4
2703,27,3,248,193,77.82,55,22.18
2704,27,4,401,328,81.8,73,18.2
2705,27,5,247,176,71.26,71,28.74
2706,27,6,499,400,80.16,99,19.84
2707,27,7,664,567,85.39,97,14.61
2708,27,8,161,127,78.88,34,21.12
2709,27,9,458,388,84.72,70,15.28
2710,27,10,260,210,80.77,50,19.23
2711,27,11,490,410,83.67,80,16.33
2712,27,12,363,287,79.06,76,20.94
2713,27,13,407,328,80.59,79,19.41
2714,27,14,304,240,78.95,64,21.05
2715,27,15,401,330,82.29,71,17.71
2716,27,16,560,467,83.39,93,16.61
2717,27,17,210,163,77.62,47,22.38
2718,27,18,492,408,82.93,84,17.07
2719,27,19,147,115,78.23,32,21.77
2720,27,20,266,203,76.32,63,23.68
2721,27,21,204,173,84.8,31,15.2
2722,27,22,283,225,79.51,58,20.49
2723,27,23,256,201,78.52,55,21.48
2724,27,24,149,126,84.56,23,15.44
2725,27,25,369,300,81.3,69,18.7
2726,27,26,424,349,82.31,75,17.69
2727,27,27,299,242,80.94,57,19.06
2728,27,28,340,278,81.76,62,18.24
2729,27,29,688,568,82.56,120,17.44
2801,28,1,219,167,76.26,52,23.74
2802,28,2,222,183,82.43,39,17.57
2803,28,3,69,56,81.16,13,18.84
2804,28,4,191,151,79.06,40,20.94
2805,28,5,165,132,80.0,33,20.0
2806,28,6,330,271,82.12,59,17.88
2807,28,7,150,122,81.33,28,18.67
2808,28,8,288,222,77.08,66,22.92
2809,28,9,148,119,80.41,29,19.59
2810,28,10,110,85,77.27,25,22.73
2811,28,11,457,362,79.21,95,20.79
2812,28,12,591,477,80.71,114,19.29
2813,28,13,460,389,84.57,71,15.43
2814,28,14,355,275,77.46,80,22.54
2815,28,15,206,161,78.16,45,21.84
2816,28,16,450,336,74.67,114,25.33
2817,28,17,242,188,77.69,54,22.31
2818,28,18,280,231,82.5,49,17.5
2819,28,19,286,225,78.67,61,21.33
2820,28,20,232,153,65.95,79,34.05
2821,28,21,244,185,75.82,59,24.18
2822,28,22,208,161,77.4,47,22.6
2823,28,23,278,233,83.81,45,16.19
2824,28,24,237,190,80.17,47,19.83
2825,28,25,394,319,80.96,75,19.04
2826,28,26,141,109,77.3,32,22.7
2901,29,1,468,312,66.67,156,33.33
2902,29,2,381,252,66.14,129,33.86
2903,29,3,328,228,69.51,100,30.49
2904,29,4,356,250,70.22,106,29.78
2905,29,5,359,278,77.44,81,22.56
2906,29,6,288,227,78.82,61,21.18
2907,29,7,582,452,77.66,130,22.34
2908,29,8,739,595,80.51,144,19.49
2909,29,9,320,263,82.19,57,17.81
2910,29,10,455,372,81.76,83,18.24
2911,29,11,381,303,79.53,78,20.47
2912,29,12,480,398,82.92,82,17.08
2913,29,13,476,389,81.72,87,18.28
2914,29,14,388,293,75.52,95,24.48
2915,29,15,389,285,73.26,104,26.74
2916,29,16,453,363,80.13,90,19.87
2917,29,17,281,228,81.14,53,18.86
2918,29,18,413,326,78.93,87,21.07
2919,29,19,475,375,78.95,100,21.05
2920,29,20,266,204,76.69,62,23.31
2921,29,21,323,245,75.85,78,24.15
2922,29,22,447,363,81.21,84,18.79
2923,29,23,420,339,80.71,81,19.29
2924,29,24,341,276,80.94,65,19.06
3001,30,1,442,310,70.14,132,29.86
3002,30,2,305,225,73.77,80,26.23
3003,30,3,425,365,85.88,60,14.12
3004,30,4,318,222,69.81,96,30.19
3005,30,5,348,248,71.26,100,28.74
3006,30,6,407,343,84.28,64,15.72
3007,30,7,280,218,77.86,62,22.14
3008,30,8,490,406,82.86,84,17.14
3009,30,9,420,325,77.38,95,22.62
3010,30,10,331,265,80.06,66,19.94
3011,30,11,293,212,72.35,81,27.65
3012,30,12,396,275,69.44,121,30.56
3013,30,13,313,227,72.52,86,27.48
3014,30,14,367,266,72.48,101,27.52
3015,30,15,535,452,84.49,83,15.51
3016,30,16,279,205,73.48,74,26.52
3017,30,17,379,302,79.68,77,20.32
3018,30,18,345,272,78.84,73,21.16
3019,30,19,212,166,78.3,46,21.7
3020,30,20,281,210,74.73,71,25.27
3021,30,21,461,338,73.32,123,26.68
3022,30,22,451,372,82.48,79,17.52
3023,30,23,486,400,82.3,86,17.7
3024,30,24,399,303,75.94,96,24.06
3025,30,25,260,192,73.85,68,26.15
3026,30,26,503,414,82.31,89,17.69
3101,31,1,274,199,72.63,75,27.37
3102,31,2,447,381,85.23,66,14.77
3103,31,3,240,179,74.58,61,25.42
3104,31,4,312,266,85.26,46,14.74
3105,31,5,285,215,75.44,70,24.56
3106,31,6,227,165,72.69,62,27.31
3107,31,7,264,213,80.68,51,19.32
3108,31,8,374,286,76.47,88,23.53
3109,31,9,248,176,70.97,72,29.03
3110,31,10,387,316,81.65,71,18.35
3111,31,11,359,275,76.6,84,23.4
3112,31,12,430,324,75.35,106,24.65
3113,31,13,320,250,78.13,70,21.88
3114,31,14,304,211,69.41,93,30.59
3115,31,15,141,101,71.63,40,28.37
3116,31,16,198,139,70.2,59,29.8
3117,31,17,260,200,76.92,60,23.08
3118,31,18,216,169,78.24,47,21.76
3119,31,19,272,219,80.51,53,19.49
3120,31,20,270,199,73.7,71,26.3
3121,31,21,270,208,77.04,62,22.96
3122,31,22,114,89,78.07,25,21.93
3123,31,23,154,101,65.58,53,34.42
3201,32,1,981,855,87.16,126,12.84
3202,32,2,773,678,87.71,95,12.29
3203,32,3,531,447,84.18,84,15.82
3204,32,4,552,477,86.41,75,13.59
3205,32,5,418,364,87.08,54,12.92
3206,32,6,252,217,86.11,35,13.89
3207,32,7,552,462,83.7,90,16.3
3208,32,8,403,351,87.1,52,12.9
3209,32,9,381,325,85.3,56,14.7
3210,32,10,709,613,86.46,96,13.54
3211,32,11,442,369,83.48,73,16.52
3212,32,12,273,224,82.05,49,17.95
3213,32,13,179,136,75.98,43,24.02
3214,32,14,813,716,88.07,97,11.93
3215,32,15,781,665,85.15,116,14.85
3216,32,16,389,341,87.66,48,12.34
3217,32,17,723,597,82.57,126,17.43
3218,32,18,294,235,79.93,59,20.07
3219,32,19,349,297,85.1,52,14.9
3220,32,20,737,614,83.31,123,16.69
3221,32,21,753,656,87.12,97,12.88
3222,32,22,744,655,88.04,89,11.96
3223,32,23,496,423,85.28,73,14.72
3224,32,24,261,217,83.14,44,16.86
3225,32,25,543,474,87.29,69,12.71
3226,32,26,717,627,87.45,90,12.55
3227,32,27,697,631,90.53,66,9.47
3228,32,28,207,171,82.61,36,17.39
3229,32,29,564,499,88.48,65,11.52
3230,32,30,698,621,88.97,77,11.03
3301,33,1,763,643,84.27,120,15.73
3302,33,2,839,739,88.08,100,11.92
3303,33,3,581,479,82.44,102,17.56
3304,33,4,802,659,82.17,143,17.83
3305,33,5,640,528,82.5,112,17.5
3306,33,6,700,600,85.71,100,14.29
3307,33,7,656,544,82.93,112,17.07
3308,33,8,470,400,85.11,70,14.89
3309,33,9,467,368,78.8,99,21.2
3310,33,10,497,425,85.51,72,14.49
3311,33,11,397,346,87.15,51,12.85
3312,33,12,613,521,84.99,92,15.01
3313,33,13,531,444,83.62,87,16.38
3314,33,14,714,634,88.8,80,11.2
3315,33,15,512,449,87.7,63,12.3
3316,33,16,683,617,90.34,66,9.66
3317,33,17,634,557,87.85,77,12.15
3401,34,1,500,412,82.4,88,17.6
3402,34,2,310,256,82.58,54,17.42
3403,34,3,681,565,82.97,116,17.03
3404,34,4,389,320,82.26,69,17.74
3405,34,5,673,580,86.18,93,13.82
3406,34,6,466,405,86.91,61,13.09
3407,34,7,221,194,87.78,27,12.22
3408,34,8,367,302,82.29,65,17.71
3409,34,9,690,564,81.74,126,18.26
3410,34,10,282,246,87.23,36,12.77
3411,34,11,471,387,82.17,84,17.83
3412,34,12,478,419,87.66,59,12.34
3413,34,13,578,485,83.91,93,16.09
3414,34,14,555,452,81.44,103,18.56
3415,34,15,449,367,81.74,82,18.26
3416,34,16,711,610,85.79,101,14.21
3417,34,17,641,569,88.77,72,11.23
3418,34,18,594,512,86.2,82,13.8
3419,34,19,469,401,85.5,68,14.5
3420,34,20,604,514,85.1,90,14.9
3501,35,1,171,132,77.19,39,22.81
3502,35,2,420,327,77.86,93,22.14
3503,35,3,320,261,81.56,59,18.44
3504,35,4,488,424,86.89,64,13.11
3505,35,5,667,575,86.21,92,13.79
3506,35,6,958,860,89.77,98,10.23
3507,35,7,664,573,86.3,91,13.7
3508,35,8,457,393,86.0,64,14.0
3509,35,9,775,686,88.52,89,11.48
3510,35,10,484,419,86.57,65,13.43
3511,35,11,658,568,86.32,90,13.68
3512,35,12,822,721,87.71,101,12.29
3513,35,13,542,468,86.35,74,13.65
3514,35,14,490,425,86.73,65,13.27
3515,35,15,631,540,85.58,91,14.42
3516,35,16,844,717,84.95,127,15.05
3517,35,17,538,445,82.71,93,17.29
3518,35,18,352,298,84.66,54,15.34
3519,35,19,530,446,84.15,84,15.85
3520,35,20,301,250,83.06,51,16.94
3521,35,21,481,372,77.34,109,22.66
3522,35,22,637,516,81.0,121,19.0
3601,36,1,262,166,63.36,96,36.64
3602,36,2,320,214,66.88,106,33.13
3603,36,3,252,162,64.29,90,35.71
3604,36,4,313,225,71.88,88,28.12
3605,36,5,255,188,73.73,67,26.27
3606,36,6,203,150,73.89,53,26.11
3607,36,7,176,128,72.73,48,27.27
3608,36,8,135,95,70.37,40,29.63
3609,36,9,386,293,75.91,93,24.09
3610,36,10,281,217,77.22,64,22.78
3611,36,11,200,130,65.0,70,35.0
3612,36,12,148,106,71.62,42,28.38
3613,36,13,83,56,67.47,27,32.53
3614,36,14,259,178,68.73,81,31.27
3615,36,15,129,97,75.19,32,24.81
3616,36,16,101,84,83.17,17,16.83
3617,36,17,375,322,85.87,53,14.13
3618,36,18,436,373,85.55,63,14.45
3619,36,19,558,487,87.28,71,12.72
3620,36,20,627,542,86.44,85,13.56
3621,36,21,427,360,84.31,67,15.69
3622,36,22,542,483,89.11,59,10.89
3623,36,23,484,397,82.02,87,17.98
3624,36,24,504,438,86.9,66,13.1
3625,36,25,590,503,85.25,87,14.75
3626,36,26,514,450,87.55,64,12.45
3627,36,27,585,512,87.52,73,12.48
3701,37,1,364,281,77.2,83,22.8
3702,37,2,295,213,72.2,82,27.8
3703,37,3,319,253,79.31,66,20.69
3704,37,4,358,258,72.07,100,27.93
3705,37,5,242,172,71.07,70,28.93
3706,37,6,458,361,78.82,97,21.18
3707,37,7,299,225,75.25,74,24.75
3708,37,8,427,337,78.92,90,21.08
3709,37,9,173,133,76.88,40,23.12
3710,37,10,295,233,78.98,62,21.02
3711,37,11,308,236,76.62,72,23.38
3712,37,12,408,306,75.0,102,25.0
3713,37,13,255,194,76.08,61,23.92
3714,37,14,390,319,81.79,71,18.21
3715,37,15,335,277,82.69,58,17.31
3716,37,16,426,339,79.58,87,20.42
3717,37,17,250,188,75.2,62,24.8
3718,37,18,314,250,79.62,64,20.38
3719,37,19,269,212,78.81,57,21.19
3720,37,20,425,353,83.06,72,16.94
3721,37,21,226,182,80.53,44,19.47
3722,37,22,311,232,74.6,79,25.4
3801,38,1,608,321,52.8,287,47.2
3802,38,2,315,176,55.87,139,44.13
3803,38,3,458,251,54.8,207,45.2
3804,38,4,329,195,59.27,134,40.73
3805,38,5,522,289,55.36,233,44.64
3806,38,6,355,211,59.44,144,40.56
3807,38,7,424,275,64.86,149,35.14
3808,38,8,358,210,58.66,148,41.34
3809,38,9,363,254,69.97,109,30.03
3810,38,10,346,215,62.14,131,37.86
3811,38,11,407,278,68.3,129,31.7
3812,38,12,559,341,61.0,218,39.0
3813,38,13,295,189,64.07,106,35.93
3814,38,14,383,246,64.23,137,35.77
3815,38,15,328,213,64.94,115,35.06
3816,38,16,564,364,64.54,200,35.46
3817,38,17,485,334,68.87,151,31.13
3818,38,18,583,424,72.73,159,27.27
3819,38,19,585,410,70.09,175,29.91
3820,38,20,499,351,70.34,148,29.66
3821,38,21,640,469,73.28,171,26.72
3822,38,22,431,330,76.57,101,23.43
3823,38,23,600,440,73.33,160,26.67
3824,38,24,563,434,77.09,129,22.91
3825,38,25,660,540,81.82,120,18.18
3901,39,1,455,343,75.38,112,24.62
3902,39,2,221,176,79.64,45,20.36
3903,39,3,388,318,81.96,70,18.04
3904,39,4,502,345,68.73,157,31.27
3905,39,5,349,275,78.8,74,21.2
3906,39,6,287,220,76.66,67,23.34
3907,39,7,260,214,82.31,46,17.69
3908,39,8,264,195,73.86,69,26.14
3909,39,9,236,175,74.15,61,25.85
3910,39,10,342,285,83.33,57,16.67
3911,39,11,207,157,75.85,50,24.15
3912,39,12,412,317,76.94,95,23.06
3913,39,13,640,510,79.69,130,20.31
3914,39,14,622,398,63.99,224,36.01
3915,39,15,529,429,81.1,100,18.9
3916,39,16,287,229,79.79,58,20.21
3917,39,17,704,446,63.35,258,36.65
3918,39,18,318,204,64.15,114,35.85
3919,39,19,661,557,84.27,104,15.73
3920,39,20,430,258,60.0,172,40.0
3921,39,21,562,459,81.67,103,18.33
3922,39,22,277,191,68.95,86,31.05
3923,39,23,60,42,70.0,18,30.0
3924,39,24,417,347,83.21,70,16.79
3925,39,25,295,244,82.71,51,17.29
3926,39,26,258,222,86.05,36,13.95
3927,39,27,254,191,75.2,63,24.8
3928,39,28,266,212,79.7,54,20.3
3929,39,29,131,98,74.81,33,25.19
3930,39,30,236,167,70.76,69,29.24
3931,39,31,302,216,71.52,86,28.48
3932,39,32,744,525,70.56,219,29.44
3933,39,33,262,190,72.52,72,27.48
3934,39,34,294,201,68.37,93,31.63
3935,39,35,523,420,80.31,103,19.69
4001,40,1,495,429,86.67,66,13.33
4002,40,2,522,455,87.16,67,12.84
4003,40,3,461,397,86.12,64,13.88
4004,40,4,478,384,80.33,94,19.67
4005,40,5,390,312,80.0,78,20.0
4006,40,6,439,378,86.1,61,13.9
4007,40,7,495,426,86.06,69,13.94
4008,40,8,327,268,81.96,59,18.04
4009,40,9,581,469,80.72,112,19.28
4010,40,10,889,778,87.51,111,12.49
4011,40,11,550,434,78.91,116,21.09
4012,40,12,601,520,86.52,81,13.48
4013,40,13,629,562,89.35,67,10.65
4014,40,14,804,735,91.42,69,8.58
4015,40,15,607,563,92.75,44,7.25
4016,40,16,613,559,91.19,54,8.81
4017,40,17,641,572,89.24,69,10.76
4018,40,18,697,620,88.95,77,11.05
4019,40,19,604,548,90.73,56,9.27
4020,40,20,696,625,89.8,71,10.2
4021,40,21,628,576,91.72,52,8.28
4022,40,22,870,782,89.89,88,10.11
4023,40,23,910,821,90.22,89,9.78
4101,41,1,356,203,57.02,153,42.98
4102,41,2,241,164,68.05,77,31.95
4103,41,3,266,148,55.64,118,44.36
4104,41,4,362,195,53.87,167,46.13
4105,41,5,394,203,51.52,191,48.48
4106,41,6,369,214,57.99,155,42.01
4107,41,7,330,182,55.15,148,44.85
4108,41,8,337,205,60.83,132,39.17
4109,41,9,639,401,62.75,238,37.25
4110,41,10,532,305,57.33,227,42.67
4111,41,11,401,268,66.83,133,33.17
4112,41,12,251,133,52.99,118,47.01
4113,41,13,574,370,64.46,204,35.54
4114,41,14,657,388,59.06,269,40.94
4115,41,15,824,465,56.43,359,43.57
4116,41,16,278,171,61.51,107,38.49
4117,41,17,186,105,56.45,81,43.55
4118,41,18,607,382,62.93,225,37.07
4119,41,19,298,193,64.77,105,35.23
4120,41,20,330,183,55.45,147,44.55
4121,41,21,331,189,57.1,142,42.9
4122,41,22,269,153,56.88,116,43.12
4123,41,23,392,219,55.87,173,44.13
4124,41,24,596,319,53.52,277,46.48
4125,41,25,525,273,52.0,252,48.0
4126,41,26,657,414,63.01,243,36.99
4127,41,27,462,273,59.09,189,40.91
4128,41,28,772,483,62.56,289,37.44
4129,41,29,796,493,61.93,303,38.07
4130,41,30,622,337,54.18,285,45.82
4131,41,31,557,276,49.55,281,50.45
4201,42,1,255,200,78.43,55,21.57
4202,42,2,239,193,80.75,46,19.25
4203,42,3,655,539,82.29,116,17.71
4204,42,4,557,437,78.46,120,21.54
4205,42,5,798,644,80.7,154,19.3
4206,42,6,331,266,80.36,65,19.64
4207,42,7,519,425,81.89,94,18.11
4208,42,8,350,297,84.86,53,15.14
4209,42,9,593,481,81.11,112,18.89
4210,42,10,386,298,77.2,88,22.8
4211,42,11,439,377,85.88,62,14.12
4212,42,12,339,265,78.17,74,21.83
4213,42,13,267,212,79.4,55,20.6
4214,42,14,202,180,89.11,22,10.89
4215,42,15,184,147,79.89,37,20.11
4216,42,16,641,510,79.56,131,20.44
4217,42,17,700,558,79.71,142,20.29
4218,42,18,396,328,82.83,68,17.17
4219,42,19,577,497,86.14,80,13.86
4220,42,20,580,459,79.14,121,20.86
4221,42,21,653,550,84.23,103,15.77
4222,42,22,638,522,81.82,116,18.18
4223,42,23,652,534,81.9,118,18.1
4224,42,24,658,551,83.74,107,16.26
4301,43,1,644,534,82.92,110,17.08
4302,43,2,758,644,84.96,114,15.04
4303,43,3,249,205,82.33,44,17.67
4304,43,4,510,444,87.06,66,12.94
4305,43,5,814,723,88.82,91,11.18
4306,43,6,936,811,86.65,125,13.35
4307,43,7,841,724,86.09,117,13.91
4308,43,8,697,609,87.37,88,12.63
4309,43,9,929,823,88.59,106,11.41
4310,43,10,592,491,82.94,101,17.06
4311,43,11,396,331,83.59,65,16.41
4312,43,12,753,657,87.25,96,12.75
4313,43,13,582,495,85.05,87,14.95
4314,43,14,345,297,86.09,48,13.91
4315,43,15,758,634,83.64,124,16.36
4316,43,16,302,249,82.45,53,17.55
4317,43,17,717,626,87.31,91,12.69
4318,43,18,848,728,85.85,120,14.15
4319,43,19,791,667,84.32,124,15.68
4320,43,20,670,588,87.76,82,12.24
4321,43,21,350,290,82.86,60,17.14
4322,43,22,826,728,88.14,98,11.86
4323,43,23,565,484,85.66,81,14.34
4401,44,1,824,742,90.05,82,9.95
4402,44,2,550,466,84.73,84,15.27
4403,44,3,711,615,86.5,96,13.5
4404,44,4,918,792,86.27,126,13.73
4405,44,5,727,663,91.2,64,8.8
4406,44,6,660,581,88.03,79,11.97
4407,44,7,689,611,88.68,78,11.32
4408,44,8,711,642,90.3,69,9.7
4409,44,9,966,848,87.78,118,12.22
4410,44,10,905,797,88.07,108,11.93
4411,44,11,727,610,83.91,117,16.09
4412,44,12,881,774,87.85,107,12.15
4413,44,13,869,759,87.34,110,12.66
4414,44,14,822,722,87.83,100,12.17
4415,44,15,915,814,88.96,101,11.04
4416,44,16,914,803,87.86,111,12.14
4417,44,17,934,828,88.65,106,11.35
4418,44,18,645,570,88.37,75,11.63
4419,44,19,876,761,86.87,115,13.13
4420,44,20,560,517,92.32,43,7.68
4421,44,21,917,832,90.73,85,9.27
4501,45,1,779,469,60.21,310,39.79
4502,45,2,415,283,68.19,132,31.81
4503,45,3,231,141,61.04,90,38.96
4504,45,4,296,194,65.54,102,34.46
4505,45,5,439,319,72.67,120,27.33
4506,45,6,512,330,64.45,182,35.55
4507,45,7,508,329,64.76,179,35.24
4508,45,8,419,277,66.11,142,33.89
4509,45,9,450,310,68.89,140,31.11
4510,45,10,467,293,62.74,174,37.26
4511,45,11,625,404,64.64,221,35.36
4512,45,12,400,296,74.0,104,26.0
4513,45,13,600,438,73.0,162,27.0
4514,45,14,345,249,72.17,96,27.83
4515,45,15,428,319,74.53,109,25.47
4516,45,16,509,403,79.17,106,20.83
4517,45,17,568,392,69.01,176,30.99
4518,45,18,546,406,74.36,140,25.64
4519,45,19,354,266,75.14,88,24.86
4520,45,20,483,362,74.95,121,25.05
4521,45,21,412,289,70.15,123,29.85
4522,45,22,531,426,80.23,105,19.77
4523,45,23,530,405,76.42,125,23.58
4524,45,24,448,324,72.32,124,27.68
4525,45,25,637,498,78.18,139,21.82
4526,45,26,471,365,77.49,106,22.51
4527,45,27,578,476,82.35,102,17.65
4528,45,28,511,386,75.54,125,24.46
4529,45,29,517,436,84.33,81,15.67
4601,46,1,647,555,85.78,92,14.22
4602,46,2,611,540,88.38,71,11.62
4603,46,3,711,624,87.76,87,12.24
4604,46,4,828,717,86.59,111,13.41
4605,46,5,672,585,87.05,87,12.95
4606,46,6,1015,882,86.9,133,13.1
4607,46,7,623,552,88.6,71,11.4
4608,46,8,795,691,86.92,104,13.08
4609,46,9,763,679,88.99,84,11.01
4610,46,10,709,643,90.69,66,9.31
4611,46,11,812,702,86.45,110,13.55
4612,46,12,988,902,91.3,86,8.7
4613,46,13,872,795,91.17,77,8.83
4614,46,14,483,431,89.23,52,10.77
4615,46,15,934,804,86.08,130,13.92
4616,46,16,677,622,91.88,55,8.12
4617,46,17,887,803,90.53,84,9.47
4618,46,18,826,741,89.71,85,10.29
4619,46,19,637,551,86.5,86,13.5
4620,46,20,583,514,88.16,69,11.84
4621,46,21,453,407,89.85,46,10.15
4622,46,22,563,494,87.74,69,12.26
4623,46,23,479,440,91.86,39,8.14
4701,47,1,658,584,88.75,74,11.25
4702,47,2,622,560,90.03,62,9.97
4703,47,3,618,558,90.29,60,9.71
4704,47,4,798,729,91.35,69,8.65
4705,47,5,913,859,94.09,54,5.91
4706,47,6,787,733,93.14,54,6.86
4707,47,7,1133,1025,90.47,108,9.53
4708,47,8,707,635,89.82,72,10.18
4709,47,9,890,794,89.21,96,10.79
4710,47,10,766,696,90.86,70,9.14
4711,47,11,677,616,90.99,61,9.01
4712,47,12,508,471,92.72,37,7.28
4713,47,13,532,479,90.04,53,9.96
4714,47,14,669,574,85.8,95,14.2
4715,47,15,681,597,87.67,84,12.33
4716,47,16,716,616,86.03,100,13.97
4717,47,17,621,553,89.05,68,10.95
4718,47,18,790,709,89.75,81,10.25
4719,47,19,783,706,90.17,77,9.83
4720,47,20,757,670,88.51,87,11.49
4721,47,21,745,667,89.53,78,10.47
4722,47,22,616,526,85.39,90,14.61
4723,47,23,741,650,87.72,91,12.28
4724,47,24,870,763,87.7,107,12.3
4725,47,25,666,589,88.44,77,11.56
4726,47,26,845,738,87.34,107,12.66
4727,47,27,773,692,89.52,81,10.48
4728,47,28,554,464,83.75,90,16.25
4801,48,1,798,731,91.6,67,8.4
4802,48,2,245,218,88.98,27,11.02
4803,48,3,414,357,86.23,57,13.77
4804,48,4,454,401,88.33,53,11.67
4805,48,5,259,236,91.12,23,8.88
4806,48,6,625,566,90.56,59,9.44
4807,48,7,623,570,91.49,53,8.51
4808,48,8,394,343,87.06,51,12.94
4809,48,9,287,231,80.49,56,19.51
4810,48,10,751,703,93.61,48,6.39
4811,48,11,468,446,95.3,22,4.7
4812,48,12,653,571,87.44,82,12.56
4813,48,13,494,413,83.6,81,16.4
4814,48,14,578,519,89.79,59,10.21
4815,48,15,440,379,86.14,61,13.86
4816,48,16,353,314,88.95,39,11.05
4817,48,17,185,154,83.24,31,16.76
4818,48,18,610,527,86.39,83,13.61
4819,48,19,329,285,86.63,44,13.37
4820,48,20,231,208,90.04,23,9.96
4821,48,21,540,464,85.93,76,14.07
4822,48,22,312,271,86.86,41,13.14
4823,48,23,385,356,92.47,29,7.53
4824,48,24,748,617,82.49,131,17.51
4825,48,25,642,583,90.81,59,9.19
4826,48,26,328,286,87.2,42,12.8
4827,48,27,387,338,87.34,49,12.66
4828,48,28,535,492,91.96,43,8.04
4829,48,29,181,153,84.53,28,15.47
4830,48,30,568,516,90.85,52,9.15
4831,48,31,583,534,91.6,49,8.4
4832,48,32,456,405,88.82,51,11.18
4833,48,33,221,190,85.97,31,14.03
4834,48,34,443,396,89.39,47,10.61
4835,48,35,711,647,91.0,64,9.0
4901,49,1,669,576,86.1,93,13.9
4902,49,2,569,486,85.41,83,14.59
4903,49,3,789,691,87.58,98,12.42
4904,49,4,773,698,90.3,75,9.7
4905,49,5,832,747,89.78,85,10.22
4906,49,6,78,68,87.18,10,12.82
4907,49,7,816,722,88.48,94,11.52
4908,49,8,965,878,90.98,87,9.02
4909,49,9,869,769,88.49,100,11.51
4910,49,10,581,510,87.78,71,12.22
4911,49,11,628,543,86.46,85,13.54
4912,49,12,572,492,86.01,80,13.99
4913,49,13,715,629,87.97,86,12.03
4914,49,14,856,769,89.84,87,10.16
4915,49,15,784,697,88.9,87,11.1
4916,49,16,721,651,90.29,70,9.71
4917,49,17,842,743,88.24,99,11.76
5001,50,1,291,231,79.38,60,20.62
5002,50,2,343,257,74.93,86,25.07
5003,50,3,287,226,78.75,61,21.25
5004,50,4,342,265,77.49,77,22.51
5005,50,5,505,399,79.01,106,20.99
5006,50,6,238,206,86.55,32,13.45
5007,50,7,644,543,84.32,101,15.68
5008,50,8,433,376,86.84,57,13.16
5009,50,9,119,101,84.87,18,15.13
5010,50,10,249,190,76.31,59,23.69
5011,50,11,295,225,76.27,70,23.73
5012,50,12,120,90,75.0,30,25.0
5013,50,13,447,366,81.88,81,18.12
5014,50,14,86,59,68.6,27,31.4
5015,50,15,452,380,84.07,72,15.93
5016,50,16,83,57,68.67,26,31.33
5017,50,17,213,169,79.34,44,20.66
5018,50,18,32,18,56.25,14,43.75
5019,50,19,191,160,83.77,31,16.23
5020,50,20,184,157,85.33,27,14.67
5021,50,21,403,334,82.88,69,17.12
5022,50,22,339,238,70.21,101,29.79
5023,50,23,292,211,72.26,81,27.74
5024,50,24,337,230,68.25,107,31.75
5025,50,25,107,82,76.64,25,23.36
5026,50,26,176,132,75.0,44,25.0
5027,50,27,76,55,72.37,21,27.63
5028,50,28,460,397,86.3,63,13.7
