id,ward,precinct,total,Yes,Yes Percent,No,No Percent
0101,1,1,729,434,59.53,295,40.47
0102,1,2,692,434,62.72,258,37.28
0103,1,3,778,512,65.81,266,34.19
0104,1,4,703,473,67.28,230,32.72
0105,1,5,713,448,62.83,265,37.17
0106,1,6,619,421,68.01,198,31.99
0107,1,7,742,436,58.76,306,41.24
0108,1,8,667,435,65.22,232,34.78
0109,1,9,334,220,65.87,114,34.13
0110,1,10,870,623,71.61,247,28.39
0111,1,11,665,436,65.56,229,34.44
0112,1,12,287,206,71.78,81,28.22
0113,1,13,469,312,66.52,157,33.48
0114,1,14,392,296,75.51,96,24.49
0115,1,15,692,469,67.77,223,32.23
0116,1,16,666,439,65.92,227,34.08
0117,1,17,430,289,67.21,141,32.79
0118,1,18,624,426,68.27,198,31.73
0119,1,19,584,416,71.23,168,28.77
0120,1,20,534,412,77.15,122,22.85
0121,1,21,564,376,66.67,188,33.33
0122,1,22,753,530,70.39,223,29.61
0123,1,23,385,266,69.09,119,30.91
0124,1,24,835,604,72.34,231,27.66
0125,1,25,694,481,69.31,213,30.69
0126,1,26,622,432,69.45,190,30.55
0201,2,1,631,503,79.71,128,20.29
0202,2,2,754,621,82.36,133,17.64
0203,2,3,472,384,81.36,88,18.64
0204,2,4,513,416,81.09,97,18.91
0205,2,5,495,394,79.6,101,20.4
0206,2,6,716,572,79.89,144,20.11
0207,2,7,633,492,77.73,141,22.27
0208,2,8,493,396,80.32,97,19.68
0209,2,9,724,563,77.76,161,22.24
0210,2,10,316,244,77.22,72,22.78
0211,2,11,542,425,78.41,117,21.59
0212,2,12,503,388,77.14,115,22.86
0213,2,13,666,518,77.78,148,22.22
0214,2,14,379,289,76.25,90,23.75
0215,2,15,545,435,79.82,110,20.18
0216,2,16,628,515,82.01,113,17.99
0217,2,17,897,713,79.49,184,20.51
0218,2,18,524,409,78.05,115,21.95
0219,2,19,297,252,84.85,45,15.15
0220,2,20,380,286,75.26,94,24.74
0221,2,21,118,77,65.25,41,34.75
0222,2,22,443,346,78.1,97,21.9
0223,2,23,479,378,78.91,101,21.09
0224,2,24,395,301,76.2,94,23.8
0225,2,25,590,447,75.76,143,24.24
0301,3,1,559,394,70.48,165,29.52
0302,3,2,543,454,83.61,89,16.39
0303,3,3,391,287,73.4,104,26.6
0304,3,4,424,338,79.72,86,20.28
0305,3,5,110,82,74.55,28,25.45
0306,3,6,576,434,75.35,142,24.65
0307,3,7,273,203,74.36,70,25.64
0308,3,8,443,320,72.23,123,27.77
0309,3,9,361,275,76.18,86,23.82
0310,3,10,383,309,80.68,74,19.32
0311,3,11,604,473,78.31,131,21.69
0312,3,12,445,335,75.28,110,24.72
0313,3,13,653,514,78.71,139,21.29
0314,3,14,759,586,77.21,173,22.79
0315,3,15,444,340,76.58,104,23.42
0316,3,16,266,220,82.71,46,17.29
0317,3,17,154,113,73.38,41,26.62
0318,3,18,176,131,74.43,45,25.57
0319,3,19,776,616,79.38,160,20.62
0320,3,20,499,392,78.56,107,21.44
0321,3,21,490,379,77.35,111,22.65
0322,3,22,378,283,74.87,95,25.13
0323,3,23,279,213,76.34,66,23.66
0324,3,24,104,85,81.73,19,18.27
0325,3,25,756,611,80.82,145,19.18
0326,3,26,253,178,70.36,75,29.64
0327,3,27,645,502,77.83,143,22.17
0401,4,1,704,523,74.29,181,25.71
0402,4,2,244,187,76.64,57,23.36
0403,4,3,464,384,82.76,80,17.24
0404,4,4,560,447,79.82,113,20.18
0405,4,5,273,216,79.12,57,20.88
0406,4,6,405,317,78.27,88,21.73
0407,4,7,287,227,79.09,60,20.91
0408,4,8,414,350,84.54,64,15.46
0409,4,9,431,329,76.33,102,23.67
0410,4,10,400,329,82.25,71,17.75
0411,4,11,542,429,79.15,113,20.85
0412,4,12,338,269,79.59,69,20.41
0413,4,13,360,277,76.94,83,23.06
0414,4,14,307,250,81.43,57,18.57
0415,4,15,325,260,80.0,65,20.0
0416,4,16,455,354,77.8,101,22.2
0417,4,17,585,457,78.12,128,21.88
0418,4,18,181,132,72.93,49,27.07
0419,4,19,382,296,77.49,86,22.51
0420,4,20,560,454,81.07,106,18.93
0421,4,21,360,300,83.33,60,16.67
0422,4,22,184,157,85.33,27,14.67
0423,4,23,328,262,79.88,66,20.12
0424,4,24,615,492,80.0,123,20.0
0425,4,25,766,623,81.33,143,18.67
0426,4,26,667,543,81.41,124,18.59
0427,4,27,731,538,73.6,193,26.4
0428,4,28,758,575,75.86,183,24.14
0501,5,1,516,408,79.07,108,20.93
0502,5,2,614,499,81.27,115,18.73
0503,5,3,566,449,79.33,117,20.67
0504,5,4,454,347,76.43,107,23.57
0505,5,5,247,199,80.57,48,19.43
0506,5,6,226,182,80.53,44,19.47
0507,5,7,131,99,75.57,32,24.43
0508,5,8,174,136,78.16,38,21.84
0509,5,9,155,122,78.71,33,21.29
0510,5,10,258,199,77.13,59,22.87
0511,5,11,338,244,72.19,94,27.81
0512,5,12,595,490,82.35,105,17.65
0513,5,13,262,197,75.19,65,24.81
0514,5,14,276,224,81.16,52,18.84
0515,5,15,884,686,77.6,198,22.4
0516,5,16,550,431,78.36,119,21.64
0517,5,17,382,333,87.17,49,12.83
0518,5,18,805,650,80.75,155,19.25
0519,5,19,350,306,87.43,44,12.57
0520,5,20,603,475,78.77,128,21.23
0521,5,21,513,403,78.56,110,21.44
0522,5,22,607,422,69.52,185,30.48
0523,5,23,317,268,84.54,49,15.46
0524,5,24,319,261,81.82,58,18.18
0525,5,25,794,634,79.85,160,20.15
0601,6,1,158,125,79.11,33,20.89
0602,6,2,205,168,81.95,37,18.05
0603,6,3,62,40,64.52,22,35.48
0604,6,4,161,123,76.4,38,23.6
0605,6,5,287,227,79.09,60,20.91
0606,6,6,259,197,76.06,62,23.94
0607,6,7,330,256,77.58,74,22.42
0608,6,8,256,203,79.3,53,20.7
0609,6,9,531,416,78.34,115,21.66
0610,6,10,124,100,80.65,24,19.35
0611,6,11,146,106,72.6,40,27.4
0612,6,12,342,261,76.32,81,23.68
0613,6,13,450,341,75.78,109,24.22
0614,6,14,423,337,79.67,86,20.33
0615,6,15,450,349,77.56,101,22.44
0616,6,16,291,228,78.35,63,21.65
0617,6,17,507,383,75.54,124,24.46
0618,6,18,595,498,83.7,97,16.3
0619,6,19,378,291,76.98,87,23.02
0620,6,20,638,536,84.01,102,15.99
0621,6,21,469,351,74.84,118,25.16
0622,6,22,633,503,79.46,130,20.54
0623,6,23,596,480,80.54,116,19.46
0624,6,24,548,449,81.93,99,18.07
0625,6,25,400,343,85.75,57,14.25
0626,6,26,696,579,83.19,117,16.81
0627,6,27,624,499,79.97,125,20.03
0701,7,1,462,355,76.84,107,23.16
0702,7,2,601,496,82.53,105,17.47
0703,7,3,325,251,77.23,74,22.77
0704,7,4,384,297,77.34,87,22.66
0705,7,5,527,416,78.94,111,21.06
0706,7,6,137,112,81.75,25,18.25
0707,7,7,312,240,76.92,72,23.08
0708,7,8,210,163,77.62,47,22.38
0709,7,9,345,263,76.23,82,23.77
0710,7,10,498,401,80.52,97,19.48
0711,7,11,417,333,79.86,84,20.14
0712,7,12,518,399,77.03,119,22.97
0713,7,13,361,270,74.79,91,25.21
0714,7,14,311,238,76.53,73,23.47
0715,7,15,462,361,78.14,101,21.86
0716,7,16,158,130,82.28,28,17.72
0717,7,17,125,102,81.6,23,18.4
0718,7,18,61,53,86.89,8,13.11
0719,7,19,605,490,80.99,115,19.01
0720,7,20,338,265,78.4,73,21.6
0721,7,21,254,212,83.46,42,16.54
0722,7,22,290,246,84.83,44,15.17
0723,7,23,210,159,75.71,51,24.29
0724,7,24,62,46,74.19,16,25.81
0725,7,25,320,257,80.31,63,19.69
0726,7,26,463,377,81.43,86,18.57
0727,7,27,270,223,82.59,47,17.41
0728,7,28,182,136,74.73,46,25.27
0729,7,29,256,196,76.56,60,23.44
0730,7,30,236,184,77.97,52,22.03
0731,7,31,110,91,82.73,19,17.27
0801,8,1,488,382,78.28,106,21.72
0802,8,2,239,184,76.99,55,23.01
0803,8,3,197,165,83.76,32,16.24
0804,8,4,449,356,79.29,93,20.71
0805,8,5,317,262,82.65,55,17.35
0806,8,6,554,450,81.23,104,18.77
0807,8,7,322,260,80.75,62,19.25
0808,8,8,683,573,83.89,110,16.11
0809,8,9,437,344,78.72,93,21.28
0810,8,10,499,384,76.95,115,23.05
0811,8,11,411,339,82.48,72,17.52
0812,8,12,473,396,83.72,77,16.28
0813,8,13,445,386,86.74,59,13.26
0814,8,14,492,420,85.37,72,14.63
0815,8,15,379,310,81.79,69,18.21
0816,8,16,344,284,82.56,60,17.44
0817,8,17,584,502,85.96,82,14.04
0818,8,18,763,649,85.06,114,14.94
0819,8,19,607,486,80.07,121,19.93
0820,8,20,265,204,76.98,61,23.02
0821,8,21,223,171,76.68,52,23.32
0822,8,22,227,188,82.82,39,17.18
0823,8,23,583,461,79.07,122,20.93
0824,8,24,413,329,79.66,84,20.34
0825,8,25,165,128,77.58,37,22.42
0826,8,26,337,259,76.85,78,23.15
0827,8,27,451,364,80.71,87,19.29
0828,8,28,308,236,76.62,72,23.38
0829,8,29,299,255,85.28,44,14.72
0830,8,30,394,320,81.22,74,18.78
0901,9,1,486,365,75.1,121,24.9
0902,9,2,322,249,77.33,73,22.67
0903,9,3,164,119,72.56,45,27.44
0904,9,4,359,269,74.93,90,25.07
0905,9,5,350,279,79.71,71,20.29
0906,9,6,610,504,82.62,106,17.38
0907,9,7,460,347,75.43,113,24.57
0908,9,8,463,358,77.32,105,22.68
0909,9,9,272,206,75.74,66,24.26
0910,9,10,570,471,82.63,99,17.37
0911,9,11,190,145,76.32,45,23.68
0912,9,12,513,420,81.87,93,18.13
0913,9,13,503,398,79.13,105,20.87
0914,9,14,283,228,80.57,55,19.43
0915,9,15,374,301,80.48,73,19.52
0916,9,16,524,400,76.34,124,23.66
0917,9,17,169,126,74.56,43,25.44
0918,9,18,261,208,79.69,53,20.31
0919,9,19,223,182,81.61,41,18.39
0920,9,20,412,297,72.09,115,27.91
0921,9,21,474,375,79.11,99,20.89
0922,9,22,328,268,81.71,60,18.29
0923,9,23,270,217,80.37,53,19.63
0924,9,24,403,322,79.9,81,20.1
0925,9,25,308,253,82.14,55,17.86
0926,9,26,451,363,80.49,88,19.51
0927,9,27,249,190,76.31,59,23.69
0928,9,28,201,152,75.62,49,24.38
0929,9,29,601,486,80.87,115,19.13
0930,9,30,477,382,80.08,95,19.92
1001,10,1,121,94,77.69,27,22.31
1002,10,2,145,108,74.48,37,25.52
1003,10,3,248,176,70.97,72,29.03
1004,10,4,278,210,75.54,68,24.46
1005,10,5,113,85,75.22,28,24.78
1006,10,6,132,99,75.0,33,25.0
1007,10,7,259,170,65.64,89,34.36
1008,10,8,256,192,75.0,64,25.0
1009,10,9,281,207,73.67,74,26.33
1010,10,10,302,201,66.56,101,33.44
1011,10,11,108,81,75.0,27,25.0
1012,10,12,275,205,74.55,70,25.45
1013,10,13,310,210,67.74,100,32.26
1014,10,14,397,272,68.51,125,31.49
1015,10,15,352,252,71.59,100,28.41
1016,10,16,431,280,64.97,151,35.03
1017,10,17,389,263,67.61,126,32.39
1018,10,18,473,284,60.04,189,39.96
1019,10,19,272,190,69.85,82,30.15
1020,10,20,185,132,71.35,53,28.65
1021,10,21,228,133,58.33,95,41.67
1022,10,22,408,259,63.48,149,36.52
1023,10,23,271,190,70.11,81,29.89
1024,10,24,125,84,67.2,41,32.8
1025,10,25,218,163,74.77,55,25.23
1101,11,1,140,101,72.14,39,27.86
1102,11,2,73,54,73.97,19,26.03
1103,11,3,395,260,65.82,135,34.18
1104,11,4,310,202,65.16,108,34.84
1105,11,5,332,209,62.95,123,37.05
1106,11,6,419,265,63.25,154,36.75
1107,11,7,215,152,70.7,63,29.3
1108,11,8,359,226,62.95,133,37.05
1109,11,9,400,263,65.75,137,34.25
1110,11,10,71,43,60.56,28,39.44
1111,11,11,61,44,72.13,17,27.87
1112,11,12,119,69,57.98,50,42.02
1113,11,13,345,225,65.22,120,34.78
1114,11,14,694,456,65.71,238,34.29
1115,11,15,509,315,61.89,194,38.11
1116,11,16,601,374,62.23,227,37.77
1117,11,17,279,182,65.23,97,34.77
1118,11,18,384,280,72.92,104,27.08
1119,11,19,126,85,67.46,41,32.54
1120,11,20,376,264,70.21,112,29.79
1121,11,21,639,404,63.22,235,36.78
1122,11,22,412,249,60.44,163,39.56
1123,11,23,456,286,62.72,170,37.28
1201,12,1,235,153,65.11,82,34.89
1202,12,2,164,121,73.78,43,26.22
1203,12,3,323,203,62.85,120,37.15
1204,12,4,269,169,62.83,100,37.17
1205,12,5,258,166,64.34,92,35.66
1206,12,6,230,162,70.43,68,29.57
1207,12,7,235,159,67.66,76,32.34
1208,12,8,232,172,74.14,60,25.86
1209,12,9,128,78,60.94,50,39.06
1210,12,10,269,181,67.29,88,32.71
1211,12,11,201,152,75.62,49,24.38
1212,12,12,169,117,69.23,52,30.77
1213,12,13,189,139,73.54,50,26.46
1214,12,14,109,82,75.23,27,24.77
1215,12,15,232,162,69.83,70,30.17
1216,12,16,264,183,69.32,81,30.68
1217,12,17,213,160,75.12,53,24.88
1218,12,18,236,178,75.42,58,24.58
1219,12,19,145,93,64.14,52,35.86
1220,12,20,199,147,73.87,52,26.13
1221,12,21,198,134,67.68,64,32.32
1222,12,22,190,134,70.53,56,29.47
1301,13,1,219,176,80.37,43,19.63
1302,13,2,268,184,68.66,84,31.34
1303,13,3,378,201,53.17,177,46.83
1304,13,4,294,213,72.45,81,27.55
1305,13,5,265,169,63.77,96,36.23
1306,13,6,277,164,59.21,113,40.79
1307,13,7,206,130,63.11,76,36.89
1308,13,8,337,244,72.4,93,27.6
1309,13,9,389,234,60.15,155,39.85
1310,13,10,370,223,60.27,147,39.73
1311,13,11,211,131,62.09,80,37.91
1312,13,12,201,127,63.18,74,36.82
1313,13,13,264,149,56.44,115,43.56
1314,13,14,234,138,58.97,96,41.03
1315,13,15,191,110,57.59,81,42.41
1316,13,16,305,203,66.56,102,33.44
1317,13,17,326,227,69.63,99,30.37
1318,13,18,230,166,72.17,64,27.83
1319,13,19,211,113,53.55,98,46.45
1320,13,20,308,189,61.36,119,38.64
1321,13,21,260,166,63.85,94,36.15
1322,13,22,330,238,72.12,92,27.88
1323,13,23,336,177,52.68,159,47.32
1324,13,24,262,179,68.32,83,31.68
1325,13,25,251,169,67.33,82,32.67
1326,13,26,204,147,72.06,57,27.94
1327,13,27,175,131,74.86,44,25.14
1328,13,28,217,149,68.66,68,31.34
1329,13,29,206,147,71.36,59,28.64
1330,13,30,316,173,54.75,143,45.25
1331,13,31,221,122,55.2,99,44.8
1332,13,32,225,135,60.0,90,40.0
1333,13,33,277,175,63.18,102,36.82
1334,13,34,329,193,58.66,136,41.34
1335,13,35,402,246,61.19,156,38.81
1336,13,36,165,124,75.15,41,24.85
1337,13,37,339,192,56.64,147,43.36
1338,13,38,184,122,66.3,62,33.7
1339,13,39,337,214,63.5,123,36.5
1340,13,40,272,157,57.72,115,42.28
1401,14,1,370,278,75.14,92,24.86
1402,14,2,259,175,67.57,84,32.43
1403,14,3,174,119,68.39,55,31.61
1404,14,4,81,55,67.9,26,32.1
1405,14,5,290,222,76.55,68,23.45
1406,14,6,375,267,71.2,108,28.8
1407,14,7,331,228,68.88,103,31.12
1408,14,8,347,253,72.91,94,27.09
1409,14,9,366,252,68.85,114,31.15
1410,14,10,317,226,71.29,91,28.71
1411,14,11,374,273,72.99,101,27.01
1412,14,12,251,173,68.92,78,31.08
1413,14,13,395,275,69.62,120,30.38
1414,14,14,207,146,70.53,61,29.47
1415,14,15,208,152,73.08,56,26.92
1501,15,1,243,148,60.91,95,39.09
1502,15,2,341,188,55.13,153,44.87
1503,15,3,128,78,60.94,50,39.06
1504,15,4,156,113,72.44,43,27.56
1505,15,5,99,75,75.76,24,24.24
1506,15,6,224,162,72.32,62,27.68
1507,15,7,178,119,66.85,59,33.15
1508,15,8,199,133,66.83,66,33.17
1509,15,9,227,149,65.64,78,34.36
1510,15,10,177,133,75.14,44,24.86
1511,15,11,174,123,70.69,51,29.31
1512,15,12,236,178,75.42,58,24.58
1513,15,13,180,134,74.44,46,25.56
1514,15,14,188,135,71.81,53,28.19
1515,15,15,189,139,73.54,50,26.46
1516,15,16,294,219,74.49,75,25.51
1517,15,17,322,246,76.4,76,23.6
1518,15,18,223,172,77.13,51,22.87
1519,15,19,135,95,70.37,40,29.63
1520,15,20,211,143,67.77,68,32.23
1601,16,1,285,212,74.39,73,25.61
1602,16,2,185,136,73.51,49,26.49
1603,16,3,232,179,77.16,53,22.84
1604,16,4,145,112,77.24,33,22.76
1605,16,5,326,250,76.69,76,23.31
1606,16,6,294,225,76.53,69,23.47
1607,16,7,179,146,81.56,33,18.44
1608,16,8,134,98,73.13,36,26.87
1609,16,9,302,224,74.17,78,25.83
1610,16,10,221,174,78.73,47,21.27
1611,16,11,201,149,74.13,52,25.87
1612,16,12,80,60,75.0,20,25.0
1613,16,13,114,97,85.09,17,14.91
1614,16,14,316,240,75.95,76,24.05
1615,16,15,254,189,74.41,65,25.59
1616,16,16,186,136,73.12,50,26.88
1617,16,17,361,285,78.95,76,21.05
1618,16,18,332,241,72.59,91,27.41
1619,16,19,269,199,73.98,70,26.02
1620,16,20,251,194,77.29,57,22.71
1621,16,21,164,121,73.78,43,26.22
1622,16,22,264,196,74.24,68,25.76
1623,16,23,187,135,72.19,52,27.81
1624,16,24,216,166,76.85,50,23.15
1625,16,25,102,78,76.47,24,23.53
1701,17,1,354,257,72.6,97,27.4
1702,17,2,218,163,74.77,55,25.23
1703,17,3,259,200,77.22,59,22.78
1704,17,4,261,199,76.25,62,23.75
1705,17,5,172,124,72.09,48,27.91
1706,17,6,240,193,80.42,47,19.58
1707,17,7,146,109,74.66,37,25.34
1708,17,8,196,159,81.12,37,18.88
1709,17,9,191,139,72.77,52,27.23
1710,17,10,373,269,72.12,104,27.88
1711,17,11,236,175,74.15,61,25.85
1712,17,12,150,116,77.33,34,22.67
1713,17,13,162,119,73.46,43,26.54
1714,17,14,177,133,75.14,44,24.86
1715,17,15,483,384,79.5,99,20.5
1716,17,16,214,162,75.7,52,24.3
1717,17,17,186,152,81.72,34,18.28
1718,17,18,557,444,79.71,113,20.29
1719,17,19,370,292,78.92,78,21.08
1720,17,20,371,293,78.98,78,21.02
1721,17,21,411,327,79.56,84,20.44
1722,17,22,419,327,78.04,92,21.96
1723,17,23,263,203,77.19,60,22.81
1724,17,24,441,346,78.46,95,21.54
1725,17,25,195,152,77.95,43,22.05
1726,17,26,388,323,83.25,65,16.75
1727,17,27,459,370,80.61,89,19.39
1728,17,28,522,411,78.74,111,21.26
1729,17,29,466,376,80.69,90,19.31
1801,18,1,569,464,81.55,105,18.45
1802,18,2,614,486,79.15,128,20.85
1803,18,3,264,214,81.06,50,18.94
1804,18,4,443,367,82.84,76,17.16
1805,18,5,358,294,82.12,64,17.88
1806,18,6,562,476,84.7,86,15.3
1807,18,7,491,391,79.63,100,20.37
1808,18,8,753,595,79.02,158,20.98
1809,18,9,602,483,80.23,119,19.77
1810,18,10,668,520,77.84,148,22.16
1811,18,11,372,299,80.38,73,19.62
1812,18,12,605,466,77.02,139,22.98
1813,18,13,488,387,79.3,101,20.7
1814,18,14,373,289,77.48,84,22.52
1815,18,15,280,220,78.57,60,21.43
1816,18,16,441,339,76.87,102,23.13
1817,18,17,328,239,72.87,89,27.13
1818,18,18,397,274,69.02,123,30.98
1819,18,19,351,279,79.49,72,20.51
1820,18,20,329,251,76.29,78,23.71
1821,18,21,447,352,78.75,95,21.25
1822,18,22,440,303,68.86,137,31.14
1823,18,23,505,330,65.35,175,34.65
1824,18,24,558,384,68.82,174,31.18
1825,18,25,299,204,68.23,95,31.77
1826,18,26,518,368,71.04,150,28.96
1901,19,1,686,395,57.58,291,42.42
1902,19,2,654,498,76.15,156,23.85
1903,19,3,458,185,40.39,273,59.61
1904,19,4,461,210,45.55,251,54.45
1905,19,5,542,422,77.86,120,22.14
1906,19,6,502,244,48.61,258,51.39
1907,19,7,669,367,54.86,302,45.14
1908,19,8,490,396,80.82,94,19.18
1909,19,9,436,346,79.36,90,20.64
1910,19,10,496,382,77.02,114,22.98
1911,19,11,424,207,48.82,217,51.18
1912,19,12,658,301,45.74,357,54.26
1913,19,13,441,361,81.86,80,18.14
1914,19,14,590,454,76.95,136,23.05
1915,19,15,384,160,41.67,224,58.33
1916,19,16,478,215,44.98,263,55.02
1917,19,17,444,260,58.56,184,41.44
1918,19,18,433,180,41.57,253,58.43
1919,19,19,526,402,76.43,124,23.57
1920,19,20,421,338,80.29,83,19.71
1921,19,21,667,323,48.43,344,51.57
1922,19,22,453,309,68.21,144,31.79
1923,19,23,472,272,57.63,200,42.37
1924,19,24,472,205,43.43,267,56.57
1925,19,25,454,360,79.3,94,20.7
1926,19,26,413,285,69.01,128,30.99
1927,19,27,677,521,76.96,156,23.04
1928,19,28,844,657,77.84,187,22.16
1929,19,29,588,304,51.7,284,48.3
1930,19,30,480,202,42.08,278,57.92
1931,19,31,733,523,71.35,210,28.65
1932,19,32,448,344,76.79,104,23.21
1933,19,33,339,148,43.66,191,56.34
1934,19,34,757,459,60.63,298,39.37
1935,19,35,525,391,74.48,134,25.52
1936,19,36,429,322,75.06,107,24.94
2001,20,1,211,140,66.35,71,33.65
2002,20,2,125,94,75.2,31,24.8
2003,20,3,138,109,78.99,29,21.01
2004,20,4,109,85,77.98,24,22.02
2005,20,5,195,149,76.41,46,23.59
2006,20,6,130,104,80.0,26,20.0
2007,20,7,154,116,75.32,38,24.68
2008,20,8,200,151,75.5,49,24.5
2009,20,9,382,284,74.35,98,25.65
2010,20,10,423,316,74.7,107,25.3
2011,20,11,342,258,75.44,84,24.56
2012,20,12,70,44,62.86,26,37.14
2013,20,13,603,472,78.28,131,21.72
2014,20,14,381,305,80.05,76,19.95
2015,20,15,338,264,78.11,74,21.89
2016,20,16,369,282,76.42,87,23.58
2017,20,17,454,351,77.31,103,22.69
2018,20,18,542,425,78.41,117,21.59
2019,20,19,317,247,77.92,70,22.08
2020,20,20,358,284,79.33,74,20.67
2021,20,21,504,363,72.02,141,27.98
2022,20,22,463,344,74.3,119,25.7
2023,20,23,154,122,79.22,32,20.78
2101,21,1,550,440,80.0,110,20.0
2102,21,2,169,138,81.66,31,18.34
2103,21,3,591,480,81.22,111,18.78
2104,21,4,489,398,81.39,91,18.61
2105,21,5,500,394,78.8,106,21.2
2106,21,6,431,335,77.73,96,22.27
2107,21,7,620,482,77.74,138,22.26
2108,21,8,453,362,79.91,91,20.09
2109,21,9,162,127,78.4,35,21.6
2110,21,10,574,456,79.44,118,20.56
2111,21,11,575,470,81.74,105,18.26
2112,21,12,242,189,78.1,53,21.9
2113,21,13,416,342,82.21,74,17.79
2114,21,14,625,522,83.52,103,16.48
2115,21,15,615,483,78.54,132,21.46
2116,21,16,541,430,79.48,111,20.52
2117,21,17,389,319,82.01,70,17.99
2118,21,18,593,488,82.29,105,17.71
2119,21,19,468,365,77.99,103,22.01
2120,21,20,327,252,77.06,75,22.94
2121,21,21,587,443,75.47,144,24.53
2122,21,22,610,483,79.18,127,20.82
2123,21,23,439,332,75.63,107,24.37
2124,21,24,429,340,79.25,89,20.75
2125,21,25,362,281,77.62,81,22.38
2126,21,26,390,310,79.49,80,20.51
2127,21,27,561,434,77.36,127,22.64
2128,21,28,500,389,77.8,111,22.2
2129,21,29,522,407,77.97,115,22.03
2201,22,1,173,141,81.5,32,18.5
2202,22,2,107,76,71.03,31,28.97
2203,22,3,215,157,73.02,58,26.98
2204,22,4,125,91,72.8,34,27.2
2205,22,5,357,266,74.51,91,25.49
2206,22,6,186,130,69.89,56,30.11
2207,22,7,198,126,63.64,72,36.36
2208,22,8,223,162,72.65,61,27.35
2209,22,9,183,137,74.86,46,25.14
2210,22,10,247,185,74.9,62,25.1
2211,22,11,308,235,76.3,73,23.7
2212,22,12,192,145,75.52,47,24.48
2213,22,13,248,184,74.19,64,25.81
2214,22,14,194,154,79.38,40,20.62
2215,22,15,126,81,64.29,45,35.71
2216,22,16,287,200,69.69,87,30.31
2217,22,17,122,91,74.59,31,25.41
2218,22,18,235,193,82.13,42,17.87
2219,22,19,402,269,66.92,133,33.08
2301,23,1,231,132,57.14,99,42.86
2302,23,2,396,200,50.51,196,49.49
2303,23,3,255,137,53.73,118,46.27
2304,23,4,207,100,48.31,107,51.69
2305,23,5,343,182,53.06,161,46.94
2306,23,6,190,95,50.0,95,50.0
2307,23,7,259,144,55.6,115,44.4
2308,23,8,236,136,57.63,100,42.37
2309,23,9,398,248,62.31,150,37.69
2310,23,10,441,279,63.27,162,36.73
2311,23,11,180,120,66.67,60,33.33
2312,23,12,254,163,64.17,91,35.83
2313,23,13,411,308,74.94,103,25.06
2314,23,14,307,218,71.01,89,28.99
2315,23,15,344,247,71.8,97,28.2
2316,23,16,177,120,67.8,57,32.2
2317,23,17,239,180,75.31,59,24.69
2318,23,18,213,154,72.3,59,27.7
2319,23,19,181,132,72.93,49,27.07
2320,23,20,174,119,68.39,55,31.61
2321,23,21,151,123,81.46,28,18.54
2322,23,22,169,123,72.78,46,27.22
2323,23,23,168,125,74.4,43,25.6
2324,23,24,153,107,69.93,46,30.07
2325,23,25,136,112,82.35,24,17.65
2326,23,26,116,89,76.72,27,23.28
2327,23,27,140,108,77.14,32,22.86
2328,23,28,206,153,74.27,53,25.73
2329,23,29,286,204,71.33,82,28.67
2330,23,30,168,127,75.6,41,24.4
2331,23,31,194,143,73.71,51,26.29
2332,23,32,167,132,79.04,35,20.96
2333,23,33,386,280,72.54,106,27.46
2401,24,1,143,112,78.32,31,21.68
2402,24,2,156,121,77.56,35,22.44
2403,24,3,333,253,75.98,80,24.02
2404,24,4,264,207,78.41,57,21.59
2405,24,5,430,319,74.19,111,25.81
2406,24,6,300,230,76.67,70,23.33
2407,24,7,147,114,77.55,33,22.45
2408,24,8,200,152,76.0,48,24.0
2409,24,9,364,274,75.27,90,24.73
2410,24,10,275,217,78.91,58,21.09
2411,24,11,320,247,77.19,73,22.81
2412,24,12,371,272,73.32,99,26.68
2413,24,13,339,258,76.11,81,23.89
2414,24,14,255,201,78.82,54,21.18
2415,24,15,309,229,74.11,80,25.89
2416,24,16,415,286,68.92,129,31.08
2417,24,17,238,176,73.95,62,26.05
2418,24,18,401,260,64.84,141,35.16
2419,24,19,932,530,56.87,402,43.13
2501,25,1,289,201,69.55,88,30.45
2502,25,2,205,146,71.22,59,28.78
2503,25,3,291,181,62.2,110,37.8
2504,25,4,338,217,64.2,121,35.8
2505,25,5,419,278,66.35,141,33.65
2506,25,6,464,280,60.34,184,39.66
2507,25,7,449,273,60.8,176,39.2
2508,25,8,430,283,65.81,147,34.19
2509,25,9,460,286,62.17,174,37.83
2510,25,10,507,315,62.13,192,37.87
2511,25,11,451,304,67.41,147,32.59
2512,25,12,401,264,65.84,137,34.16
2513,25,13,588,414,70.41,174,29.59
2514,25,14,577,362,62.74,215,37.26
2515,25,15,453,347,76.6,106,23.4
2516,25,16,577,340,58.93,237,41.07
2517,25,17,248,179,72.18,69,27.82
2601,26,1,175,121,69.14,54,30.86
2602,26,2,244,156,63.93,88,36.07
2603,26,3,434,273,62.9,161,37.1
2604,26,4,242,174,71.9,68,28.1
2605,26,5,321,195,60.75,126,39.25
2606,26,6,200,116,58.0,84,42.0
2607,26,7,314,182,57.96,132,42.04
2608,26,8,228,159,69.74,69,30.26
2609,26,9,218,144,66.06,74,33.94
2610,26,10,253,159,62.85,94,37.15
2611,26,11,233,136,58.37,97,41.63
2612,26,12,100,59,59.0,41,41.0
2613,26,13,202,124,61.39,78,38.61
2614,26,14,142,100,70.42,42,29.58
2615,26,15,169,112,66.27,57,33.73
2616,26,16,393,221,56.23,172,43.77
2617,26,17,352,191,54.26,161,45.74
2618,26,18,168,114,67.86,54,32.14
2619,26,19,394,242,61.42,152,38.58
2620,26,20,431,251,58.24,180,41.76
2621,26,21,188,138,73.4,50,26.6
2622,26,22,154,107,69.48,47,30.52
2623,26,23,334,213,63.77,121,36.23
2624,26,24,160,97,60.63,63,39.38
2625,26,25,365,226,61.92,139,38.08
2626,26,26,388,223,57.47,165,42.53
2627,26,27,451,268,59.42,183,40.58
2628,26,28,403,244,60.55,159,39.45
2629,26,29,391,247,63.17,144,36.83
2630,26,30,227,129,56.83,98,43.17
2631,26,31,237,162,68.35,75,31.65
2632,26,32,332,217,65.36,115,34.64
2701,27,1,445,305,68.54,140,31.46
2702,27,2,570,447,78.42,123,21.58
2703,27,3,249,175,70.28,74,29.72
2704,27,4,395,303,76.71,92,23.29
2705,27,5,244,158,64.75,86,35.25
2706,27,6,499,383,76.75,116,23.25
2707,27,7,656,467,71.19,189,28.81
2708,27,8,160,115,71.88,45,28.13
2709,27,9,464,380,81.9,84,18.1
2710,27,10,258,201,77.91,57,22.09
2711,27,11,486,375,77.16,111,22.84
2712,27,12,354,272,76.84,82,23.16
2713,27,13,401,284,70.82,117,29.18
2714,27,14,299,218,72.91,81,27.09
2715,27,15,393,293,74.55,100,25.45
2716,27,16,557,425,76.3,132,23.7
2717,27,17,210,153,72.86,57,27.14
2718,27,18,490,367,74.9,123,25.1
2719,27,19,146,105,71.92,41,28.08
2720,27,20,264,204,77.27,60,22.73
2721,27,21,204,159,77.94,45,22.06
2722,27,22,278,205,73.74,73,26.26
2723,27,23,255,188,73.73,67,26.27
2724,27,24,149,126,84.56,23,15.44
2725,27,25,373,266,71.31,107,28.69
2726,27,26,416,305,73.32,111,26.68
2727,27,27,296,217,73.31,79,26.69
2728,27,28,342,272,79.53,70,20.47
2729,27,29,690,492,71.3,198,28.7
2801,28,1,215,160,74.42,55,25.58
2802,28,2,219,177,80.82,42,19.18
2803,28,3,67,52,77.61,15,22.39
2804,28,4,189,148,78.31,41,21.69
2805,28,5,168,139,82.74,29,17.26
2806,28,6,329,239,72.64,90,27.36
2807,28,7,148,104,70.27,44,29.73
2808,28,8,279,214,76.7,65,23.3
2809,28,9,144,105,72.92,39,27.08
2810,28,10,108,80,74.07,28,25.93
2811,28,11,453,320,70.64,133,29.36
2812,28,12,587,414,70.53,173,29.47
2813,28,13,458,377,82.31,81,17.69
2814,28,14,356,268,75.28,88,24.72
2815,28,15,206,155,75.24,51,24.76
2816,28,16,443,316,71.33,127,28.67
2817,28,17,242,180,74.38,62,25.62
2818,28,18,282,222,78.72,60,21.28
2819,28,19,287,229,79.79,58,20.21
2820,28,20,229,149,65.07,80,34.93
2821,28,21,243,182,74.9,61,25.1
2822,28,22,208,160,76.92,48,23.08
2823,28,23,277,217,78.34,60,21.66
2824,28,24,235,189,80.43,46,19.57
2825,28,25,392,307,78.32,85,21.68
2826,28,26,141,107,75.89,34,24.11
2901,29,1,475,309,65.05,166,34.95
2902,29,2,383,265,69.19,118,30.81
2903,29,3,327,234,71.56,93,28.44
2904,29,4,357,241,67.51,116,32.49
2905,29,5,359,254,70.75,105,29.25
2906,29,6,292,211,72.26,81,27.74
2907,29,7,580,432,74.48,148,25.52
2908,29,8,725,563,77.66,162,22.34
2909,29,9,313,251,80.19,62,19.81
2910,29,10,447,354,79.19,93,20.81
2911,29,11,383,284,74.15,99,25.85
2912,29,12,478,374,78.24,104,21.76
2913,29,13,470,376,80.0,94,20.0
2914,29,14,382,286,74.87,96,25.13
2915,29,15,378,272,71.96,106,28.04
2916,29,16,446,349,78.25,97,21.75
2917,29,17,272,222,81.62,50,18.38
2918,29,18,412,316,76.7,96,23.3
2919,29,19,472,358,75.85,114,24.15
2920,29,20,266,215,80.83,51,19.17
2921,29,21,318,238,74.84,80,25.16
2922,29,22,432,338,78.24,94,21.76
2923,29,23,410,330,80.49,80,19.51
2924,29,24,337,267,79.23,70,20.77
3001,30,1,440,312,70.91,128,29.09
3002,30,2,313,219,69.97,94,30.03
3003,30,3,416,289,69.47,127,30.53
3004,30,4,318,218,68.55,100,31.45
3005,30,5,345,251,72.75,94,27.25
3006,30,6,411,302,73.48,109,26.52
3007,30,7,276,196,71.01,80,28.99
3008,30,8,483,309,63.98,174,36.02
3009,30,9,418,298,71.29,120,28.71
3010,30,10,331,233,70.39,98,29.61
3011,30,11,296,209,70.61,87,29.39
3012,30,12,394,273,69.29,121,30.71
3013,30,13,317,222,70.03,95,29.97
3014,30,14,361,243,67.31,118,32.69
3015,30,15,536,381,71.08,155,28.92
3016,30,16,275,196,71.27,79,28.73
3017,30,17,375,262,69.87,113,30.13
3018,30,18,348,229,65.8,119,34.2
3019,30,19,211,142,67.3,69,32.7
3020,30,20,284,183,64.44,101,35.56
3021,30,21,463,319,68.9,144,31.1
3022,30,22,457,310,67.83,147,32.17
3023,30,23,492,349,70.93,143,29.07
3024,30,24,398,267,67.09,131,32.91
3025,30,25,262,168,64.12,94,35.88
3026,30,26,508,307,60.43,201,39.57
3101,31,1,282,200,70.92,82,29.08
3102,31,2,453,275,60.71,178,39.29
3103,31,3,242,165,68.18,77,31.82
3104,31,4,313,197,62.94,116,37.06
3105,31,5,282,192,68.09,90,31.91
3106,31,6,225,154,68.44,71,31.56
3107,31,7,264,192,72.73,72,27.27
3108,31,8,375,261,69.6,114,30.4
3109,31,9,239,155,64.85,84,35.15
3110,31,10,389,252,64.78,137,35.22
3111,31,11,357,251,70.31,106,29.69
3112,31,12,430,296,68.84,134,31.16
3113,31,13,321,240,74.77,81,25.23
3114,31,14,303,215,70.96,88,29.04
3115,31,15,142,102,71.83,40,28.17
3116,31,16,199,138,69.35,61,30.65
3117,31,17,258,187,72.48,71,27.52
3118,31,18,215,154,71.63,61,28.37
3119,31,19,277,216,77.98,61,22.02
3120,31,20,270,193,71.48,77,28.52
3121,31,21,272,201,73.9,71,26.1
3122,31,22,117,82,70.09,35,29.91
3123,31,23,155,101,65.16,54,34.84
3201,32,1,1000,752,75.2,248,24.8
3202,32,2,769,576,74.9,193,25.1
3203,32,3,533,394,73.92,139,26.08
3204,32,4,546,414,75.82,132,24.18
3205,32,5,422,321,76.07,101,23.93
3206,32,6,253,198,78.26,55,21.74
3207,32,7,556,418,75.18,138,24.82
3208,32,8,402,302,75.12,100,24.88
3209,32,9,383,289,75.46,94,24.54
3210,32,10,709,520,73.34,189,26.66
3211,32,11,449,342,76.17,107,23.83
3212,32,12,273,210,76.92,63,23.08
3213,32,13,178,134,75.28,44,24.72
3214,32,14,804,619,76.99,185,23.01
3215,32,15,779,605,77.66,174,22.34
3216,32,16,392,317,80.87,75,19.13
3217,32,17,728,547,75.14,181,24.86
3218,32,18,288,209,72.57,79,27.43
3219,32,19,349,255,73.07,94,26.93
3220,32,20,735,571,77.69,164,22.31
3221,32,21,756,539,71.3,217,28.7
3222,32,22,740,514,69.46,226,30.54
3223,32,23,496,346,69.76,150,30.24
3224,32,24,260,185,71.15,75,28.85
3225,32,25,544,408,75.0,136,25.0
3226,32,26,716,537,75.0,179,25.0
3227,32,27,698,531,76.07,167,23.93
3228,32,28,207,161,77.78,46,22.22
3229,32,29,560,415,74.11,145,25.89
3230,32,30,703,517,73.54,186,26.46
3301,33,1,767,553,72.1,214,27.9
3302,33,2,840,587,69.88,253,30.12
3303,33,3,582,424,72.85,158,27.15
3304,33,4,814,561,68.92,253,31.08
3305,33,5,637,438,68.76,199,31.24
3306,33,6,697,461,66.14,236,33.86
3307,33,7,657,461,70.17,196,29.83
3308,33,8,468,324,69.23,144,30.77
3309,33,9,470,319,67.87,151,32.13
3310,33,10,495,328,66.26,167,33.74
3311,33,11,395,268,67.85,127,32.15
3312,33,12,613,400,65.25,213,34.75
3313,33,13,529,342,64.65,187,35.35
3314,33,14,716,484,67.6,232,32.4
3315,33,15,510,309,60.59,201,39.41
3316,33,16,680,485,71.32,195,28.68
3317,33,17,635,419,65.98,216,34.02
3401,34,1,502,383,76.29,119,23.71
3402,34,2,312,230,73.72,82,26.28
3403,34,3,682,531,77.86,151,22.14
3404,34,4,398,321,80.65,77,19.35
3405,34,5,673,522,77.56,151,22.44
3406,34,6,462,373,80.74,89,19.26
3407,34,7,217,174,80.18,43,19.82
3408,34,8,366,279,76.23,87,23.77
3409,34,9,689,523,75.91,166,24.09
3410,34,10,279,224,80.29,55,19.71
3411,34,11,471,368,78.13,103,21.87
3412,34,12,479,385,80.38,94,19.62
3413,34,13,581,459,79.0,122,21.0
3414,34,14,552,425,76.99,127,23.01
3415,34,15,445,343,77.08,102,22.92
3416,34,16,714,544,76.19,170,23.81
3417,34,17,638,489,76.65,149,23.35
3418,34,18,588,463,78.74,125,21.26
3419,34,19,464,381,82.11,83,17.89
3420,34,20,606,496,81.85,110,18.15
3501,35,1,172,118,68.6,54,31.4
3502,35,2,421,290,68.88,131,31.12
3503,35,3,319,214,67.08,105,32.92
3504,35,4,487,317,65.09,170,34.91
3505,35,5,667,383,57.42,284,42.58
3506,35,6,969,539,55.62,430,44.38
3507,35,7,669,412,61.58,257,38.42
3508,35,8,461,289,62.69,172,37.31
3509,35,9,782,443,56.65,339,43.35
3510,35,10,484,281,58.06,203,41.94
3511,35,11,656,407,62.04,249,37.96
3512,35,12,819,458,55.92,361,44.08
3513,35,13,546,311,56.96,235,43.04
3514,35,14,493,298,60.45,195,39.55
3515,35,15,637,370,58.08,267,41.92
3516,35,16,847,505,59.62,342,40.38
3517,35,17,536,362,67.54,174,32.46
3518,35,18,356,240,67.42,116,32.58
3519,35,19,532,348,65.41,184,34.59
3520,35,20,307,216,70.36,91,29.64
3521,35,21,485,324,66.8,161,33.2
3522,35,22,644,478,74.22,166,25.78
3601,36,1,261,159,60.92,102,39.08
3602,36,2,318,212,66.67,106,33.33
3603,36,3,259,159,61.39,100,38.61
3604,36,4,310,226,72.9,84,27.1
3605,36,5,257,188,73.15,69,26.85
3606,36,6,207,156,75.36,51,24.64
3607,36,7,176,129,73.3,47,26.7
3608,36,8,138,93,67.39,45,32.61
3609,36,9,388,287,73.97,101,26.03
3610,36,10,283,201,71.02,82,28.98
3611,36,11,202,135,66.83,67,33.17
3612,36,12,144,96,66.67,48,33.33
3613,36,13,81,44,54.32,37,45.68
3614,36,14,258,165,63.95,93,36.05
3615,36,15,129,90,69.77,39,30.23
3616,36,16,98,73,74.49,25,25.51
3617,36,17,375,215,57.33,160,42.67
3618,36,18,437,256,58.58,181,41.42
3619,36,19,555,352,63.42,203,36.58
3620,36,20,628,369,58.76,259,41.24
3621,36,21,427,293,68.62,134,31.38
3622,36,22,548,346,63.14,202,36.86
3623,36,23,487,323,66.32,164,33.68
3624,36,24,509,354,69.55,155,30.45
3625,36,25,585,409,69.91,176,30.09
3626,36,26,517,349,67.5,168,32.5
3627,36,27,585,413,70.6,172,29.4
3701,37,1,367,274,74.66,93,25.34
3702,37,2,291,211,72.51,80,27.49
3703,37,3,320,254,79.38,66,20.63
3704,37,4,351,248,70.66,103,29.34
3705,37,5,243,176,72.43,67,27.57
3706,37,6,454,334,73.57,120,26.43
3707,37,7,298,220,73.83,78,26.17
3708,37,8,418,314,75.12,104,24.88
3709,37,9,168,131,77.98,37,22.02
3710,37,10,293,242,82.59,51,17.41
3711,37,11,309,227,73.46,82,26.54
3712,37,12,408,308,75.49,100,24.51
3713,37,13,251,169,67.33,82,32.67
3714,37,14,391,324,82.86,67,17.14
3715,37,15,324,258,79.63,66,20.37
3716,37,16,422,315,74.64,107,25.36
3717,37,17,247,189,76.52,58,23.48
3718,37,18,309,230,74.43,79,25.57
3719,37,19,263,195,74.14,68,25.86
3720,37,20,423,331,78.25,92,21.75
3721,37,21,228,173,75.88,55,24.12
3722,37,22,306,232,75.82,74,24.18
3801,38,1,609,334,54.84,275,45.16
3802,38,2,318,186,58.49,132,41.51
3803,38,3,461,260,56.4,201,43.6
3804,38,4,331,203,61.33,128,38.67
3805,38,5,521,307,58.93,214,41.07
3806,38,6,352,202,57.39,150,42.61
3807,38,7,423,276,65.25,147,34.75
3808,38,8,361,214,59.28,147,40.72
3809,38,9,364,247,67.86,117,32.14
3810,38,10,349,226,64.76,123,35.24
3811,38,11,408,288,70.59,120,29.41
3812,38,12,557,342,61.4,215,38.6
3813,38,13,291,191,65.64,100,34.36
3814,38,14,383,246,64.23,137,35.77
3815,38,15,329,212,64.44,117,35.56
3816,38,16,564,355,62.94,209,37.06
3817,38,17,491,333,67.82,158,32.18
3818,38,18,584,402,68.84,182,31.16
3819,38,19,591,399,67.51,192,32.49
3820,38,20,499,344,68.94,155,31.06
3821,38,21,635,416,65.51,219,34.49
3822,38,22,435,310,71.26,125,28.74
3823,38,23,598,395,66.05,203,33.95
3824,38,24,569,409,71.88,160,28.12
3825,38,25,662,475,71.75,187,28.25
3901,39,1,448,316,70.54,132,29.46
3902,39,2,221,180,81.45,41,18.55
3903,39,3,388,284,73.2,104,26.8
3904,39,4,499,332,66.53,167,33.47
3905,39,5,353,244,69.12,109,30.88
3906,39,6,289,195,67.47,94,32.53
3907,39,7,259,190,73.36,69,26.64
3908,39,8,260,186,71.54,74,28.46
3909,39,9,234,163,69.66,71,30.34
3910,39,10,340,219,64.41,121,35.59
3911,39,11,207,142,68.6,65,31.4
3912,39,12,420,309,73.57,111,26.43
3913,39,13,645,461,71.47,184,28.53
3914,39,14,626,407,65.02,219,34.98
3915,39,15,531,385,72.5,146,27.5
3916,39,16,292,202,69.18,90,30.82
3917,39,17,709,440,62.06,269,37.94
3918,39,18,325,198,60.92,127,39.08
3919,39,19,653,480,73.51,173,26.49
3920,39,20,430,255,59.3,175,40.7
3921,39,21,561,390,69.52,171,30.48
3922,39,22,272,177,65.07,95,34.93
3923,39,23,61,37,60.66,24,39.34
3924,39,24,419,290,69.21,129,30.79
3925,39,25,301,212,70.43,89,29.57
3926,39,26,258,187,72.48,71,27.52
3927,39,27,252,179,71.03,73,28.97
3928,39,28,270,194,71.85,76,28.15
3929,39,29,129,99,76.74,30,23.26
3930,39,30,242,175,72.31,67,27.69
3931,39,31,299,206,68.9,93,31.1
3932,39,32,743,485,65.28,258,34.72
3933,39,33,264,179,67.8,85,32.2
3934,39,34,296,207,69.93,89,30.07
3935,39,35,527,377,71.54,150,28.46
4001,40,1,499,391,78.36,108,21.64
4002,40,2,520,412,79.23,108,20.77
4003,40,3,460,338,73.48,122,26.52
4004,40,4,476,345,72.48,131,27.52
4005,40,5,388,271,69.85,117,30.15
4006,40,6,443,350,79.01,93,20.99
4007,40,7,494,362,73.28,132,26.72
4008,40,8,326,243,74.54,83,25.46
4009,40,9,582,408,70.1,174,29.9
4010,40,10,886,636,71.78,250,28.22
4011,40,11,548,389,70.99,159,29.01
4012,40,12,597,448,75.04,149,24.96
4013,40,13,631,454,71.95,177,28.05
4014,40,14,811,496,61.16,315,38.84
4015,40,15,606,432,71.29,174,28.71
4016,40,16,605,421,69.59,184,30.41
4017,40,17,642,454,70.72,188,29.28
4018,40,18,705,499,70.78,206,29.22
4019,40,19,609,435,71.43,174,28.57
4020,40,20,696,502,72.13,194,27.87
4021,40,21,634,431,67.98,203,32.02
4022,40,22,864,574,66.44,290,33.56
4023,40,23,913,664,72.73,249,27.27
4101,41,1,359,214,59.61,145,40.39
4102,41,2,245,168,68.57,77,31.43
4103,41,3,264,162,61.36,102,38.64
4104,41,4,364,201,55.22,163,44.78
4105,41,5,394,208,52.79,186,47.21
4106,41,6,372,210,56.45,162,43.55
4107,41,7,331,172,51.96,159,48.04
4108,41,8,336,192,57.14,144,42.86
4109,41,9,645,393,60.93,252,39.07
4110,41,10,534,306,57.3,228,42.7
4111,41,11,403,263,65.26,140,34.74
4112,41,12,252,143,56.75,109,43.25
4113,41,13,565,352,62.3,213,37.7
4114,41,14,657,384,58.45,273,41.55
4115,41,15,831,457,54.99,374,45.01
4116,41,16,280,166,59.29,114,40.71
4117,41,17,188,112,59.57,76,40.43
4118,41,18,609,394,64.7,215,35.3
4119,41,19,300,191,63.67,109,36.33
4120,41,20,337,193,57.27,144,42.73
4121,41,21,329,191,58.05,138,41.95
4122,41,22,268,144,53.73,124,46.27
4123,41,23,393,216,54.96,177,45.04
4124,41,24,602,320,53.16,282,46.84
4125,41,25,529,272,51.42,257,48.58
4126,41,26,657,410,62.4,247,37.6
4127,41,27,464,275,59.27,189,40.73
4128,41,28,782,487,62.28,295,37.72
4129,41,29,807,513,63.57,294,36.43
4130,41,30,628,347,55.25,281,44.75
4131,41,31,557,292,52.42,265,47.58
4201,42,1,259,206,79.54,53,20.46
4202,42,2,238,184,77.31,54,22.69
4203,42,3,657,537,81.74,120,18.26
4204,42,4,558,432,77.42,126,22.58
4205,42,5,779,617,79.2,162,20.8
4206,42,6,334,265,79.34,69,20.66
4207,42,7,518,420,81.08,98,18.92
4208,42,8,352,282,80.11,70,19.89
4209,42,9,584,453,77.57,131,22.43
4210,42,10,388,286,73.71,102,26.29
4211,42,11,439,357,81.32,82,18.68
4212,42,12,339,257,75.81,82,24.19
4213,42,13,267,193,72.28,74,27.72
4214,42,14,202,162,80.2,40,19.8
4215,42,15,188,146,77.66,42,22.34
4216,42,16,639,475,74.33,164,25.67
4217,42,17,699,533,76.25,166,23.75
4218,42,18,394,305,77.41,89,22.59
4219,42,19,578,467,80.8,111,19.2
4220,42,20,576,436,75.69,140,24.31
4221,42,21,657,524,79.76,133,20.24
4222,42,22,638,474,74.29,164,25.71
4223,42,23,649,532,81.97,117,18.03
4224,42,24,651,519,79.72,132,20.28
4301,43,1,655,527,80.46,128,19.54
4302,43,2,761,626,82.26,135,17.74
4303,43,3,251,202,80.48,49,19.52
4304,43,4,510,412,80.78,98,19.22
4305,43,5,816,665,81.5,151,18.5
4306,43,6,938,759,80.92,179,19.08
4307,43,7,847,641,75.68,206,24.32
4308,43,8,701,543,77.46,158,22.54
4309,43,9,918,737,80.28,181,19.72
4310,43,10,592,465,78.55,127,21.45
4311,43,11,400,306,76.5,94,23.5
4312,43,12,751,600,79.89,151,20.11
4313,43,13,586,479,81.74,107,18.26
4314,43,14,342,276,80.7,66,19.3
4315,43,15,755,597,79.07,158,20.93
4316,43,16,303,243,80.2,60,19.8
4317,43,17,717,562,78.38,155,21.62
4318,43,18,860,687,79.88,173,20.12
4319,43,19,796,624,78.39,172,21.61
4320,43,20,662,538,81.27,124,18.73
4321,43,21,352,267,75.85,85,24.15
4322,43,22,828,666,80.43,162,19.57
4323,43,23,564,444,78.72,120,21.28
4401,44,1,824,640,77.67,184,22.33
4402,44,2,554,415,74.91,139,25.09
4403,44,3,711,584,82.14,127,17.86
4404,44,4,920,755,82.07,165,17.93
4405,44,5,728,553,75.96,175,24.04
4406,44,6,659,488,74.05,171,25.95
4407,44,7,687,513,74.67,174,25.33
4408,44,8,712,560,78.65,152,21.35
4409,44,9,965,710,73.58,255,26.42
4410,44,10,905,699,77.24,206,22.76
4411,44,11,732,518,70.77,214,29.23
4412,44,12,876,695,79.34,181,20.66
4413,44,13,874,626,71.62,248,28.38
4414,44,14,825,609,73.82,216,26.18
4415,44,15,920,715,77.72,205,22.28
4416,44,16,913,679,74.37,234,25.63
4417,44,17,930,716,76.99,214,23.01
4418,44,18,646,478,73.99,168,26.01
4419,44,19,881,631,71.62,250,28.38
4420,44,20,554,404,72.92,150,27.08
4421,44,21,920,678,73.7,242,26.3
4501,45,1,774,465,60.08,309,39.92
4502,45,2,417,276,66.19,141,33.81
4503,45,3,235,147,62.55,88,37.45
4504,45,4,293,183,62.46,110,37.54
4505,45,5,440,304,69.09,136,30.91
4506,45,6,508,324,63.78,184,36.22
4507,45,7,505,339,67.13,166,32.87
4508,45,8,419,267,63.72,152,36.28
4509,45,9,449,299,66.59,150,33.41
4510,45,10,468,293,62.61,175,37.39
4511,45,11,630,404,64.13,226,35.87
4512,45,12,401,270,67.33,131,32.67
4513,45,13,601,403,67.05,198,32.95
4514,45,14,346,238,68.79,108,31.21
4515,45,15,424,292,68.87,132,31.13
4516,45,16,511,367,71.82,144,28.18
4517,45,17,556,370,66.55,186,33.45
4518,45,18,548,382,69.71,166,30.29
4519,45,19,353,248,70.25,105,29.75
4520,45,20,481,341,70.89,140,29.11
4521,45,21,417,279,66.91,138,33.09
4522,45,22,539,383,71.06,156,28.94
4523,45,23,531,358,67.42,173,32.58
4524,45,24,452,307,67.92,145,32.08
4525,45,25,629,430,68.36,199,31.64
4526,45,26,468,329,70.3,139,29.7
4527,45,27,580,422,72.76,158,27.24
4528,45,28,515,359,69.71,156,30.29
4529,45,29,520,359,69.04,161,30.96
4601,46,1,647,503,77.74,144,22.26
4602,46,2,619,468,75.61,151,24.39
4603,46,3,718,515,71.73,203,28.27
4604,46,4,831,643,77.38,188,22.62
4605,46,5,670,536,80.0,134,20.0
4606,46,6,1011,744,73.59,267,26.41
4607,46,7,623,475,76.24,148,23.76
4608,46,8,789,574,72.75,215,27.25
4609,46,9,767,596,77.71,171,22.29
4610,46,10,718,484,67.41,234,32.59
4611,46,11,816,574,70.34,242,29.66
4612,46,12,982,772,78.62,210,21.38
4613,46,13,876,625,71.35,251,28.65
4614,46,14,481,341,70.89,140,29.11
4615,46,15,928,727,78.34,201,21.66
4616,46,16,682,477,69.94,205,30.06
4617,46,17,877,604,68.87,273,31.13
4618,46,18,825,568,68.85,257,31.15
4619,46,19,644,449,69.72,195,30.28
4620,46,20,582,428,73.54,154,26.46
4621,46,21,448,343,76.56,105,23.44
4622,46,22,556,425,76.44,131,23.56
4623,46,23,484,337,69.63,147,30.37
4701,47,1,654,455,69.57,199,30.43
4702,47,2,621,408,65.7,213,34.3
4703,47,3,621,430,69.24,191,30.76
4704,47,4,801,530,66.17,271,33.83
4705,47,5,916,549,59.93,367,40.07
4706,47,6,781,530,67.86,251,32.14
4707,47,7,1138,794,69.77,344,30.23
4708,47,8,706,465,65.86,241,34.14
4709,47,9,883,591,66.93,292,33.07
4710,47,10,769,500,65.02,269,34.98
4711,47,11,681,494,72.54,187,27.46
4712,47,12,509,372,73.08,137,26.92
4713,47,13,538,383,71.19,155,28.81
4714,47,14,677,509,75.18,168,24.82
4715,47,15,691,550,79.59,141,20.41
4716,47,16,716,534,74.58,182,25.42
4717,47,17,619,460,74.31,159,25.69
4718,47,18,794,524,65.99,270,34.01
4719,47,19,783,579,73.95,204,26.05
4720,47,20,759,556,73.25,203,26.75
4721,47,21,752,571,75.93,181,24.07
4722,47,22,611,445,72.83,166,27.17
4723,47,23,742,540,72.78,202,27.22
4724,47,24,869,640,73.65,229,26.35
4725,47,25,667,495,74.21,172,25.79
4726,47,26,842,646,76.72,196,23.28
4727,47,27,772,615,79.66,157,20.34
4728,47,28,556,426,76.62,130,23.38
4801,48,1,793,556,70.11,237,29.89
4802,48,2,248,199,80.24,49,19.76
4803,48,3,415,313,75.42,102,24.58
4804,48,4,450,317,70.44,133,29.56
4805,48,5,256,226,88.28,30,11.72
4806,48,6,619,461,74.47,158,25.53
4807,48,7,623,438,70.3,185,29.7
4808,48,8,389,304,78.15,85,21.85
4809,48,9,291,219,75.26,72,24.74
4810,48,10,750,497,66.27,253,33.73
4811,48,11,465,342,73.55,123,26.45
4812,48,12,651,457,70.2,194,29.8
4813,48,13,493,384,77.89,109,22.11
4814,48,14,577,434,75.22,143,24.78
4815,48,15,439,299,68.11,140,31.89
4816,48,16,350,258,73.71,92,26.29
4817,48,17,186,145,77.96,41,22.04
4818,48,18,612,428,69.93,184,30.07
4819,48,19,328,246,75.0,82,25.0
4820,48,20,231,183,79.22,48,20.78
4821,48,21,542,371,68.45,171,31.55
4822,48,22,309,256,82.85,53,17.15
4823,48,23,381,318,83.46,63,16.54
4824,48,24,745,523,70.2,222,29.8
4825,48,25,639,429,67.14,210,32.86
4826,48,26,326,267,81.9,59,18.1
4827,48,27,384,284,73.96,100,26.04
4828,48,28,535,349,65.23,186,34.77
4829,48,29,181,152,83.98,29,16.02
4830,48,30,567,419,73.9,148,26.1
4831,48,31,581,386,66.44,195,33.56
4832,48,32,454,347,76.43,107,23.57
4833,48,33,220,176,80.0,44,20.0
4834,48,34,442,305,69.0,137,31.0
4835,48,35,717,555,77.41,162,22.59
4901,49,1,666,486,72.97,180,27.03
4902,49,2,569,447,78.56,122,21.44
4903,49,3,785,606,77.2,179,22.8
4904,49,4,773,510,65.98,263,34.02
4905,49,5,834,605,72.54,229,27.46
4906,49,6,78,59,75.64,19,24.36
4907,49,7,816,611,74.88,205,25.12
4908,49,8,973,652,67.01,321,32.99
4909,49,9,870,580,66.67,290,33.33
4910,49,10,578,445,76.99,133,23.01
4911,49,11,627,488,77.83,139,22.17
4912,49,12,579,444,76.68,135,23.32
4913,49,13,714,554,77.59,160,22.41
4914,49,14,864,645,74.65,219,25.35
4915,49,15,786,574,73.03,212,26.97
4916,49,16,730,464,63.56,266,36.44
4917,49,17,830,580,69.88,250,30.12
5001,50,1,288,216,75.0,72,25.0
5002,50,2,339,244,71.98,95,28.02
5003,50,3,281,207,73.67,74,26.33
5004,50,4,340,255,75.0,85,25.0
5005,50,5,503,359,71.37,144,28.63
5006,50,6,240,189,78.75,51,21.25
5007,50,7,644,486,75.47,158,24.53
5008,50,8,434,340,78.34,94,21.66
5009,50,9,120,102,85.0,18,15.0
5010,50,10,249,181,72.69,68,27.31
5011,50,11,297,217,73.06,80,26.94
5012,50,12,121,88,72.73,33,27.27
5013,50,13,445,321,72.13,124,27.87
5014,50,14,87,62,71.26,25,28.74
5015,50,15,451,340,75.39,111,24.61
5016,50,16,83,57,68.67,26,31.33
5017,50,17,213,153,71.83,60,28.17
5018,50,18,33,16,48.48,17,51.52
5019,50,19,191,148,77.49,43,22.51
5020,50,20,180,144,80.0,36,20.0
5021,50,21,407,319,78.38,88,21.62
5022,50,22,339,235,69.32,104,30.68
5023,50,23,289,206,71.28,83,28.72
5024,50,24,341,231,67.74,110,32.26
5025,50,25,108,81,75.0,27,25.0
5026,50,26,178,124,69.66,54,30.34
5027,50,27,76,51,67.11,25,32.89
5028,50,28,462,360,77.92,102,22.08
