id,ward,precinct,total,Yes,Yes Percent,No,No Percent
0101,1,1,720,642,89.17,78,10.83
0102,1,2,678,597,88.05,81,11.95
0103,1,3,771,659,85.47,112,14.53
0104,1,4,687,619,90.1,68,9.9
0105,1,5,698,605,86.68,93,13.32
0106,1,6,606,526,86.8,80,13.2
0107,1,7,724,645,89.09,79,10.91
0108,1,8,661,583,88.2,78,11.8
0109,1,9,330,279,84.55,51,15.45
0110,1,10,860,753,87.56,107,12.44
0111,1,11,658,578,87.84,80,12.16
0112,1,12,282,240,85.11,42,14.89
0113,1,13,465,406,87.31,59,12.69
0114,1,14,388,338,87.11,50,12.89
0115,1,15,683,612,89.6,71,10.4
0116,1,16,655,553,84.43,102,15.57
0117,1,17,428,376,87.85,52,12.15
0118,1,18,614,542,88.27,72,11.73
0119,1,19,574,496,86.41,78,13.59
0120,1,20,524,464,88.55,60,11.45
0121,1,21,562,472,83.99,90,16.01
0122,1,22,744,645,86.69,99,13.31
0123,1,23,381,321,84.25,60,15.75
0124,1,24,823,716,87.0,107,13.0
0125,1,25,684,592,86.55,92,13.45
0126,1,26,604,506,83.77,98,16.23
0201,2,1,625,519,83.04,106,16.96
0202,2,2,745,624,83.76,121,16.24
0203,2,3,469,398,84.86,71,15.14
0204,2,4,511,429,83.95,82,16.05
0205,2,5,487,401,82.34,86,17.66
0206,2,6,705,584,82.84,121,17.16
0207,2,7,625,501,80.16,124,19.84
0208,2,8,489,403,82.41,86,17.59
0209,2,9,718,578,80.5,140,19.5
0210,2,10,319,264,82.76,55,17.24
0211,2,11,536,450,83.96,86,16.04
0212,2,12,499,397,79.56,102,20.44
0213,2,13,662,537,81.12,125,18.88
0214,2,14,380,320,84.21,60,15.79
0215,2,15,534,435,81.46,99,18.54
0216,2,16,620,511,82.42,109,17.58
0217,2,17,902,768,85.14,134,14.86
0218,2,18,519,433,83.43,86,16.57
0219,2,19,296,260,87.84,36,12.16
0220,2,20,373,289,77.48,84,22.52
0221,2,21,117,86,73.5,31,26.5
0222,2,22,435,363,83.45,72,16.55
0223,2,23,478,406,84.94,72,15.06
0224,2,24,392,322,82.14,70,17.86
0225,2,25,582,480,82.47,102,17.53
0301,3,1,564,414,73.4,150,26.6
0302,3,2,540,458,84.81,82,15.19
0303,3,3,394,318,80.71,76,19.29
0304,3,4,422,341,80.81,81,19.19
0305,3,5,111,89,80.18,22,19.82
0306,3,6,569,431,75.75,138,24.25
0307,3,7,271,228,84.13,43,15.87
0308,3,8,447,340,76.06,107,23.94
0309,3,9,353,315,89.24,38,10.76
0310,3,10,379,311,82.06,68,17.94
0311,3,11,602,488,81.06,114,18.94
0312,3,12,441,339,76.87,102,23.13
0313,3,13,639,531,83.1,108,16.9
0314,3,14,751,613,81.62,138,18.38
0315,3,15,443,367,82.84,76,17.16
0316,3,16,270,230,85.19,40,14.81
0317,3,17,157,115,73.25,42,26.75
0318,3,18,175,130,74.29,45,25.71
0319,3,19,768,641,83.46,127,16.54
0320,3,20,501,400,79.84,101,20.16
0321,3,21,484,406,83.88,78,16.12
0322,3,22,376,319,84.84,57,15.16
0323,3,23,273,214,78.39,59,21.61
0324,3,24,102,82,80.39,20,19.61
0325,3,25,750,624,83.2,126,16.8
0326,3,26,248,188,75.81,60,24.19
0327,3,27,634,512,80.76,122,19.24
0401,4,1,686,604,88.05,82,11.95
0402,4,2,245,206,84.08,39,15.92
0403,4,3,454,409,90.09,45,9.91
0404,4,4,553,450,81.37,103,18.63
0405,4,5,276,222,80.43,54,19.57
0406,4,6,398,337,84.67,61,15.33
0407,4,7,284,241,84.86,43,15.14
0408,4,8,420,355,84.52,65,15.48
0409,4,9,430,349,81.16,81,18.84
0410,4,10,401,343,85.54,58,14.46
0411,4,11,541,444,82.07,97,17.93
0412,4,12,333,271,81.38,62,18.62
0413,4,13,365,291,79.73,74,20.27
0414,4,14,302,247,81.79,55,18.21
0415,4,15,328,281,85.67,47,14.33
0416,4,16,449,356,79.29,93,20.71
0417,4,17,576,480,83.33,96,16.67
0418,4,18,180,138,76.67,42,23.33
0419,4,19,377,313,83.02,64,16.98
0420,4,20,554,466,84.12,88,15.88
0421,4,21,363,304,83.75,59,16.25
0422,4,22,185,154,83.24,31,16.76
0423,4,23,332,267,80.42,65,19.58
0424,4,24,606,496,81.85,110,18.15
0425,4,25,757,636,84.02,121,15.98
0426,4,26,666,582,87.39,84,12.61
0427,4,27,718,584,81.34,134,18.66
0428,4,28,746,633,84.85,113,15.15
0501,5,1,515,419,81.36,96,18.64
0502,5,2,617,518,83.95,99,16.05
0503,5,3,567,459,80.95,108,19.05
0504,5,4,461,365,79.18,96,20.82
0505,5,5,238,198,83.19,40,16.81
0506,5,6,226,191,84.51,35,15.49
0507,5,7,132,100,75.76,32,24.24
0508,5,8,175,133,76.0,42,24.0
0509,5,9,155,126,81.29,29,18.71
0510,5,10,258,207,80.23,51,19.77
0511,5,11,342,260,76.02,82,23.98
0512,5,12,591,540,91.37,51,8.63
0513,5,13,262,211,80.53,51,19.47
0514,5,14,274,223,81.39,51,18.61
0515,5,15,878,782,89.07,96,10.93
0516,5,16,540,480,88.89,60,11.11
0517,5,17,377,337,89.39,40,10.61
0518,5,18,796,681,85.55,115,14.45
0519,5,19,342,300,87.72,42,12.28
0520,5,20,597,525,87.94,72,12.06
0521,5,21,503,451,89.66,52,10.34
0522,5,22,602,537,89.2,65,10.8
0523,5,23,316,278,87.97,38,12.03
0524,5,24,309,287,92.88,22,7.12
0525,5,25,784,732,93.37,52,6.63
0601,6,1,158,123,77.85,35,22.15
0602,6,2,205,168,81.95,37,18.05
0603,6,3,64,43,67.19,21,32.81
0604,6,4,163,131,80.37,32,19.63
0605,6,5,288,222,77.08,66,22.92
0606,6,6,259,195,75.29,64,24.71
0607,6,7,331,267,80.66,64,19.34
0608,6,8,255,208,81.57,47,18.43
0609,6,9,533,427,80.11,106,19.89
0610,6,10,126,101,80.16,25,19.84
0611,6,11,148,113,76.35,35,23.65
0612,6,12,346,267,77.17,79,22.83
0613,6,13,447,356,79.64,91,20.36
0614,6,14,427,350,81.97,77,18.03
0615,6,15,449,357,79.51,92,20.49
0616,6,16,288,228,79.17,60,20.83
0617,6,17,511,408,79.84,103,20.16
0618,6,18,596,491,82.38,105,17.62
0619,6,19,377,285,75.6,92,24.4
0620,6,20,636,535,84.12,101,15.88
0621,6,21,472,369,78.18,103,21.82
0622,6,22,636,518,81.45,118,18.55
0623,6,23,607,505,83.2,102,16.8
0624,6,24,545,450,82.57,95,17.43
0625,6,25,399,341,85.46,58,14.54
0626,6,26,695,593,85.32,102,14.68
0627,6,27,627,513,81.82,114,18.18
0701,7,1,466,374,80.26,92,19.74
0702,7,2,605,513,84.79,92,15.21
0703,7,3,325,237,72.92,88,27.08
0704,7,4,386,294,76.17,92,23.83
0705,7,5,527,432,81.97,95,18.03
0706,7,6,137,110,80.29,27,19.71
0707,7,7,319,246,77.12,73,22.88
0708,7,8,210,157,74.76,53,25.24
0709,7,9,347,265,76.37,82,23.63
0710,7,10,496,411,82.86,85,17.14
0711,7,11,421,340,80.76,81,19.24
0712,7,12,518,413,79.73,105,20.27
0713,7,13,361,277,76.73,84,23.27
0714,7,14,309,247,79.94,62,20.06
0715,7,15,466,387,83.05,79,16.95
0716,7,16,161,131,81.37,30,18.63
0717,7,17,126,102,80.95,24,19.05
0718,7,18,61,55,90.16,6,9.84
0719,7,19,612,509,83.17,103,16.83
0720,7,20,341,275,80.65,66,19.35
0721,7,21,251,206,82.07,45,17.93
0722,7,22,292,256,87.67,36,12.33
0723,7,23,213,173,81.22,40,18.78
0724,7,24,62,43,69.35,19,30.65
0725,7,25,321,255,79.44,66,20.56
0726,7,26,465,391,84.09,74,15.91
0727,7,27,271,220,81.18,51,18.82
0728,7,28,180,141,78.33,39,21.67
0729,7,29,260,205,78.85,55,21.15
0730,7,30,236,187,79.24,49,20.76
0731,7,31,109,91,83.49,18,16.51
0801,8,1,489,385,78.73,104,21.27
0802,8,2,236,196,83.05,40,16.95
0803,8,3,192,163,84.9,29,15.1
0804,8,4,448,373,83.26,75,16.74
0805,8,5,318,265,83.33,53,16.67
0806,8,6,555,459,82.7,96,17.3
0807,8,7,322,268,83.23,54,16.77
0808,8,8,690,585,84.78,105,15.22
0809,8,9,438,344,78.54,94,21.46
0810,8,10,498,397,79.72,101,20.28
0811,8,11,409,336,82.15,73,17.85
0812,8,12,469,404,86.14,65,13.86
0813,8,13,446,386,86.55,60,13.45
0814,8,14,493,435,88.24,58,11.76
0815,8,15,379,319,84.17,60,15.83
0816,8,16,348,294,84.48,54,15.52
0817,8,17,581,503,86.57,78,13.43
0818,8,18,762,647,84.91,115,15.09
0819,8,19,610,499,81.8,111,18.2
0820,8,20,267,204,76.4,63,23.6
0821,8,21,227,183,80.62,44,19.38
0822,8,22,230,198,86.09,32,13.91
0823,8,23,581,483,83.13,98,16.87
0824,8,24,415,339,81.69,76,18.31
0825,8,25,166,139,83.73,27,16.27
0826,8,26,343,276,80.47,67,19.53
0827,8,27,450,370,82.22,80,17.78
0828,8,28,312,241,77.24,71,22.76
0829,8,29,299,253,84.62,46,15.38
0830,8,30,395,321,81.27,74,18.73
0901,9,1,487,371,76.18,116,23.82
0902,9,2,324,266,82.1,58,17.9
0903,9,3,165,126,76.36,39,23.64
0904,9,4,353,280,79.32,73,20.68
0905,9,5,349,276,79.08,73,20.92
0906,9,6,613,511,83.36,102,16.64
0907,9,7,461,352,76.36,109,23.64
0908,9,8,466,372,79.83,94,20.17
0909,9,9,273,207,75.82,66,24.18
0910,9,10,577,482,83.54,95,16.46
0911,9,11,188,148,78.72,40,21.28
0912,9,12,519,427,82.27,92,17.73
0913,9,13,508,413,81.3,95,18.7
0914,9,14,282,237,84.04,45,15.96
0915,9,15,379,309,81.53,70,18.47
0916,9,16,523,403,77.06,120,22.94
0917,9,17,165,127,76.97,38,23.03
0918,9,18,265,213,80.38,52,19.62
0919,9,19,222,181,81.53,41,18.47
0920,9,20,412,314,76.21,98,23.79
0921,9,21,480,388,80.83,92,19.17
0922,9,22,330,282,85.45,48,14.55
0923,9,23,270,223,82.59,47,17.41
0924,9,24,407,331,81.33,76,18.67
0925,9,25,306,250,81.7,56,18.3
0926,9,26,451,368,81.6,83,18.4
0927,9,27,250,194,77.6,56,22.4
0928,9,28,204,156,76.47,48,23.53
0929,9,29,598,491,82.11,107,17.89
0930,9,30,480,381,79.38,99,20.63
1001,10,1,121,99,81.82,22,18.18
1002,10,2,150,112,74.67,38,25.33
1003,10,3,252,187,74.21,65,25.79
1004,10,4,283,223,78.8,60,21.2
1005,10,5,113,82,72.57,31,27.43
1006,10,6,133,102,76.69,31,23.31
1007,10,7,261,174,66.67,87,33.33
1008,10,8,258,192,74.42,66,25.58
1009,10,9,283,205,72.44,78,27.56
1010,10,10,300,222,74.0,78,26.0
1011,10,11,109,82,75.23,27,24.77
1012,10,12,277,213,76.9,64,23.1
1013,10,13,307,238,77.52,69,22.48
1014,10,14,395,279,70.63,116,29.37
1015,10,15,350,260,74.29,90,25.71
1016,10,16,426,304,71.36,122,28.64
1017,10,17,387,269,69.51,118,30.49
1018,10,18,469,297,63.33,172,36.67
1019,10,19,277,187,67.51,90,32.49
1020,10,20,185,131,70.81,54,29.19
1021,10,21,232,145,62.5,87,37.5
1022,10,22,407,256,62.9,151,37.1
1023,10,23,274,205,74.82,69,25.18
1024,10,24,124,94,75.81,30,24.19
1025,10,25,220,164,74.55,56,25.45
1101,11,1,139,116,83.45,23,16.55
1102,11,2,73,62,84.93,11,15.07
1103,11,3,401,309,77.06,92,22.94
1104,11,4,308,222,72.08,86,27.92
1105,11,5,332,253,76.2,79,23.8
1106,11,6,411,303,73.72,108,26.28
1107,11,7,210,161,76.67,49,23.33
1108,11,8,359,237,66.02,122,33.98
1109,11,9,401,293,73.07,108,26.93
1110,11,10,70,42,60.0,28,40.0
1111,11,11,58,45,77.59,13,22.41
1112,11,12,121,90,74.38,31,25.62
1113,11,13,349,259,74.21,90,25.79
1114,11,14,687,515,74.96,172,25.04
1115,11,15,500,399,79.8,101,20.2
1116,11,16,605,474,78.35,131,21.65
1117,11,17,278,201,72.3,77,27.7
1118,11,18,386,298,77.2,88,22.8
1119,11,19,126,85,67.46,41,32.54
1120,11,20,367,286,77.93,81,22.07
1121,11,21,635,490,77.17,145,22.83
1122,11,22,407,296,72.73,111,27.27
1123,11,23,455,330,72.53,125,27.47
1201,12,1,233,172,73.82,61,26.18
1202,12,2,168,128,76.19,40,23.81
1203,12,3,320,249,77.81,71,22.19
1204,12,4,268,197,73.51,71,26.49
1205,12,5,254,178,70.08,76,29.92
1206,12,6,228,167,73.25,61,26.75
1207,12,7,233,169,72.53,64,27.47
1208,12,8,230,172,74.78,58,25.22
1209,12,9,129,93,72.09,36,27.91
1210,12,10,270,192,71.11,78,28.89
1211,12,11,201,149,74.13,52,25.87
1212,12,12,167,120,71.86,47,28.14
1213,12,13,181,139,76.8,42,23.2
1214,12,14,108,82,75.93,26,24.07
1215,12,15,238,173,72.69,65,27.31
1216,12,16,266,194,72.93,72,27.07
1217,12,17,216,163,75.46,53,24.54
1218,12,18,241,193,80.08,48,19.92
1219,12,19,150,112,74.67,38,25.33
1220,12,20,199,159,79.9,40,20.1
1221,12,21,199,147,73.87,52,26.13
1222,12,22,192,133,69.27,59,30.73
1301,13,1,220,167,75.91,53,24.09
1302,13,2,273,200,73.26,73,26.74
1303,13,3,379,208,54.88,171,45.12
1304,13,4,293,222,75.77,71,24.23
1305,13,5,265,169,63.77,96,36.23
1306,13,6,276,165,59.78,111,40.22
1307,13,7,207,133,64.25,74,35.75
1308,13,8,342,252,73.68,90,26.32
1309,13,9,384,241,62.76,143,37.24
1310,13,10,374,230,61.5,144,38.5
1311,13,11,213,133,62.44,80,37.56
1312,13,12,202,141,69.8,61,30.2
1313,13,13,263,162,61.6,101,38.4
1314,13,14,234,142,60.68,92,39.32
1315,13,15,194,120,61.86,74,38.14
1316,13,16,305,215,70.49,90,29.51
1317,13,17,329,238,72.34,91,27.66
1318,13,18,229,167,72.93,62,27.07
1319,13,19,213,117,54.93,96,45.07
1320,13,20,312,198,63.46,114,36.54
1321,13,21,261,171,65.52,90,34.48
1322,13,22,333,248,74.47,85,25.53
1323,13,23,339,190,56.05,149,43.95
1324,13,24,261,179,68.58,82,31.42
1325,13,25,252,174,69.05,78,30.95
1326,13,26,204,142,69.61,62,30.39
1327,13,27,171,130,76.02,41,23.98
1328,13,28,218,155,71.1,63,28.9
1329,13,29,208,159,76.44,49,23.56
1330,13,30,321,180,56.07,141,43.93
1331,13,31,225,137,60.89,88,39.11
1332,13,32,228,143,62.72,85,37.28
1333,13,33,275,180,65.45,95,34.55
1334,13,34,330,214,64.85,116,35.15
1335,13,35,402,269,66.92,133,33.08
1336,13,36,165,134,81.21,31,18.79
1337,13,37,341,206,60.41,135,39.59
1338,13,38,184,128,69.57,56,30.43
1339,13,39,333,219,65.77,114,34.23
1340,13,40,274,165,60.22,109,39.78
1401,14,1,370,281,75.95,89,24.05
1402,14,2,255,179,70.2,76,29.8
1403,14,3,175,127,72.57,48,27.43
1404,14,4,80,60,75.0,20,25.0
1405,14,5,290,232,80.0,58,20.0
1406,14,6,373,276,73.99,97,26.01
1407,14,7,336,257,76.49,79,23.51
1408,14,8,347,256,73.78,91,26.22
1409,14,9,367,280,76.29,87,23.71
1410,14,10,321,248,77.26,73,22.74
1411,14,11,376,283,75.27,93,24.73
1412,14,12,249,178,71.49,71,28.51
1413,14,13,398,295,74.12,103,25.88
1414,14,14,205,152,74.15,53,25.85
1415,14,15,207,150,72.46,57,27.54
1501,15,1,242,169,69.83,73,30.17
1502,15,2,339,232,68.44,107,31.56
1503,15,3,128,94,73.44,34,26.56
1504,15,4,156,106,67.95,50,32.05
1505,15,5,102,76,74.51,26,25.49
1506,15,6,227,164,72.25,63,27.75
1507,15,7,179,111,62.01,68,37.99
1508,15,8,197,146,74.11,51,25.89
1509,15,9,228,166,72.81,62,27.19
1510,15,10,175,143,81.71,32,18.29
1511,15,11,175,128,73.14,47,26.86
1512,15,12,234,183,78.21,51,21.79
1513,15,13,180,130,72.22,50,27.78
1514,15,14,189,142,75.13,47,24.87
1515,15,15,186,141,75.81,45,24.19
1516,15,16,297,225,75.76,72,24.24
1517,15,17,317,245,77.29,72,22.71
1518,15,18,223,182,81.61,41,18.39
1519,15,19,136,101,74.26,35,25.74
1520,15,20,208,148,71.15,60,28.85
1601,16,1,281,218,77.58,63,22.42
1602,16,2,189,137,72.49,52,27.51
1603,16,3,232,179,77.16,53,22.84
1604,16,4,148,119,80.41,29,19.59
1605,16,5,326,252,77.3,74,22.7
1606,16,6,300,237,79.0,63,21.0
1607,16,7,182,154,84.62,28,15.38
1608,16,8,136,108,79.41,28,20.59
1609,16,9,303,247,81.52,56,18.48
1610,16,10,223,176,78.92,47,21.08
1611,16,11,200,158,79.0,42,21.0
1612,16,12,81,61,75.31,20,24.69
1613,16,13,113,95,84.07,18,15.93
1614,16,14,320,247,77.19,73,22.81
1615,16,15,251,185,73.71,66,26.29
1616,16,16,191,147,76.96,44,23.04
1617,16,17,359,284,79.11,75,20.89
1618,16,18,337,258,76.56,79,23.44
1619,16,19,271,199,73.43,72,26.57
1620,16,20,257,201,78.21,56,21.79
1621,16,21,164,131,79.88,33,20.12
1622,16,22,266,207,77.82,59,22.18
1623,16,23,188,137,72.87,51,27.13
1624,16,24,218,175,80.28,43,19.72
1625,16,25,101,76,75.25,25,24.75
1701,17,1,355,273,76.9,82,23.1
1702,17,2,218,170,77.98,48,22.02
1703,17,3,262,216,82.44,46,17.56
1704,17,4,262,209,79.77,53,20.23
1705,17,5,173,126,72.83,47,27.17
1706,17,6,244,195,79.92,49,20.08
1707,17,7,145,113,77.93,32,22.07
1708,17,8,198,160,80.81,38,19.19
1709,17,9,189,145,76.72,44,23.28
1710,17,10,376,294,78.19,82,21.81
1711,17,11,232,175,75.43,57,24.57
1712,17,12,149,121,81.21,28,18.79
1713,17,13,161,128,79.5,33,20.5
1714,17,14,179,135,75.42,44,24.58
1715,17,15,489,399,81.6,90,18.4
1716,17,16,211,166,78.67,45,21.33
1717,17,17,189,164,86.77,25,13.23
1718,17,18,557,455,81.69,102,18.31
1719,17,19,374,297,79.41,77,20.59
1720,17,20,374,315,84.22,59,15.78
1721,17,21,413,327,79.18,86,20.82
1722,17,22,424,326,76.89,98,23.11
1723,17,23,268,215,80.22,53,19.78
1724,17,24,446,373,83.63,73,16.37
1725,17,25,196,149,76.02,47,23.98
1726,17,26,385,324,84.16,61,15.84
1727,17,27,454,367,80.84,87,19.16
1728,17,28,531,428,80.6,103,19.4
1729,17,29,465,382,82.15,83,17.85
1801,18,1,577,478,82.84,99,17.16
1802,18,2,618,503,81.39,115,18.61
1803,18,3,265,214,80.75,51,19.25
1804,18,4,448,381,85.04,67,14.96
1805,18,5,359,308,85.79,51,14.21
1806,18,6,563,487,86.5,76,13.5
1807,18,7,494,403,81.58,91,18.42
1808,18,8,757,600,79.26,157,20.74
1809,18,9,598,477,79.77,121,20.23
1810,18,10,671,530,78.99,141,21.01
1811,18,11,373,303,81.23,70,18.77
1812,18,12,609,508,83.42,101,16.58
1813,18,13,487,406,83.37,81,16.63
1814,18,14,376,292,77.66,84,22.34
1815,18,15,287,233,81.18,54,18.82
1816,18,16,435,347,79.77,88,20.23
1817,18,17,327,229,70.03,98,29.97
1818,18,18,398,296,74.37,102,25.63
1819,18,19,356,287,80.62,69,19.38
1820,18,20,339,269,79.35,70,20.65
1821,18,21,450,352,78.22,98,21.78
1822,18,22,436,292,66.97,144,33.03
1823,18,23,495,326,65.86,169,34.14
1824,18,24,559,391,69.95,168,30.05
1825,18,25,302,224,74.17,78,25.83
1826,18,26,519,371,71.48,148,28.52
1901,19,1,686,421,61.37,265,38.63
1902,19,2,651,528,81.11,123,18.89
1903,19,3,464,222,47.84,242,52.16
1904,19,4,461,240,52.06,221,47.94
1905,19,5,542,442,81.55,100,18.45
1906,19,6,502,258,51.39,244,48.61
1907,19,7,660,388,58.79,272,41.21
1908,19,8,490,408,83.27,82,16.73
1909,19,9,439,355,80.87,84,19.13
1910,19,10,497,404,81.29,93,18.71
1911,19,11,427,225,52.69,202,47.31
1912,19,12,652,338,51.84,314,48.16
1913,19,13,440,368,83.64,72,16.36
1914,19,14,590,486,82.37,104,17.63
1915,19,15,382,183,47.91,199,52.09
1916,19,16,476,239,50.21,237,49.79
1917,19,17,447,285,63.76,162,36.24
1918,19,18,431,211,48.96,220,51.04
1919,19,19,525,418,79.62,107,20.38
1920,19,20,416,341,81.97,75,18.03
1921,19,21,664,351,52.86,313,47.14
1922,19,22,449,332,73.94,117,26.06
1923,19,23,465,290,62.37,175,37.63
1924,19,24,470,227,48.3,243,51.7
1925,19,25,458,375,81.88,83,18.12
1926,19,26,411,317,77.13,94,22.87
1927,19,27,671,533,79.43,138,20.57
1928,19,28,838,660,78.76,178,21.24
1929,19,29,579,317,54.75,262,45.25
1930,19,30,478,220,46.03,258,53.97
1931,19,31,733,548,74.76,185,25.24
1932,19,32,446,352,78.92,94,21.08
1933,19,33,340,159,46.76,181,53.24
1934,19,34,757,505,66.71,252,33.29
1935,19,35,525,412,78.48,113,21.52
1936,19,36,427,332,77.75,95,22.25
2001,20,1,211,155,73.46,56,26.54
2002,20,2,124,101,81.45,23,18.55
2003,20,3,141,108,76.6,33,23.4
2004,20,4,109,85,77.98,24,22.02
2005,20,5,196,141,71.94,55,28.06
2006,20,6,128,109,85.16,19,14.84
2007,20,7,154,125,81.17,29,18.83
2008,20,8,201,156,77.61,45,22.39
2009,20,9,383,301,78.59,82,21.41
2010,20,10,421,320,76.01,101,23.99
2011,20,11,341,272,79.77,69,20.23
2012,20,12,72,46,63.89,26,36.11
2013,20,13,599,498,83.14,101,16.86
2014,20,14,381,310,81.36,71,18.64
2015,20,15,335,254,75.82,81,24.18
2016,20,16,370,303,81.89,67,18.11
2017,20,17,454,376,82.82,78,17.18
2018,20,18,543,459,84.53,84,15.47
2019,20,19,314,254,80.89,60,19.11
2020,20,20,356,291,81.74,65,18.26
2021,20,21,502,392,78.09,110,21.91
2022,20,22,461,366,79.39,95,20.61
2023,20,23,153,120,78.43,33,21.57
2101,21,1,552,454,82.25,98,17.75
2102,21,2,169,142,84.02,27,15.98
2103,21,3,595,487,81.85,108,18.15
2104,21,4,484,385,79.55,99,20.45
2105,21,5,506,412,81.42,94,18.58
2106,21,6,437,355,81.24,82,18.76
2107,21,7,622,492,79.1,130,20.9
2108,21,8,460,365,79.35,95,20.65
2109,21,9,159,137,86.16,22,13.84
2110,21,10,571,464,81.26,107,18.74
2111,21,11,574,476,82.93,98,17.07
2112,21,12,247,202,81.78,45,18.22
2113,21,13,419,348,83.05,71,16.95
2114,21,14,622,524,84.24,98,15.76
2115,21,15,613,496,80.91,117,19.09
2116,21,16,539,432,80.15,107,19.85
2117,21,17,392,333,84.95,59,15.05
2118,21,18,597,495,82.91,102,17.09
2119,21,19,470,387,82.34,83,17.66
2120,21,20,329,259,78.72,70,21.28
2121,21,21,593,454,76.56,139,23.44
2122,21,22,621,495,79.71,126,20.29
2123,21,23,443,344,77.65,99,22.35
2124,21,24,434,348,80.18,86,19.82
2125,21,25,359,295,82.17,64,17.83
2126,21,26,392,317,80.87,75,19.13
2127,21,27,563,437,77.62,126,22.38
2128,21,28,504,390,77.38,114,22.62
2129,21,29,532,431,81.02,101,18.98
2201,22,1,174,143,82.18,31,17.82
2202,22,2,106,81,76.42,25,23.58
2203,22,3,217,177,81.57,40,18.43
2204,22,4,124,97,78.23,27,21.77
2205,22,5,349,258,73.93,91,26.07
2206,22,6,189,134,70.9,55,29.1
2207,22,7,197,143,72.59,54,27.41
2208,22,8,220,169,76.82,51,23.18
2209,22,9,180,137,76.11,43,23.89
2210,22,10,244,184,75.41,60,24.59
2211,22,11,309,237,76.7,72,23.3
2212,22,12,191,141,73.82,50,26.18
2213,22,13,253,186,73.52,67,26.48
2214,22,14,196,157,80.1,39,19.9
2215,22,15,124,85,68.55,39,31.45
2216,22,16,282,198,70.21,84,29.79
2217,22,17,124,92,74.19,32,25.81
2218,22,18,244,198,81.15,46,18.85
2219,22,19,407,299,73.46,108,26.54
2301,23,1,233,133,57.08,100,42.92
2302,23,2,398,227,57.04,171,42.96
2303,23,3,256,140,54.69,116,45.31
2304,23,4,206,106,51.46,100,48.54
2305,23,5,343,189,55.1,154,44.9
2306,23,6,186,97,52.15,89,47.85
2307,23,7,255,151,59.22,104,40.78
2308,23,8,236,143,60.59,93,39.41
2309,23,9,400,267,66.75,133,33.25
2310,23,10,437,290,66.36,147,33.64
2311,23,11,176,123,69.89,53,30.11
2312,23,12,253,184,72.73,69,27.27
2313,23,13,412,292,70.87,120,29.13
2314,23,14,306,220,71.9,86,28.1
2315,23,15,342,248,72.51,94,27.49
2316,23,16,180,133,73.89,47,26.11
2317,23,17,243,192,79.01,51,20.99
2318,23,18,211,155,73.46,56,26.54
2319,23,19,183,138,75.41,45,24.59
2320,23,20,175,130,74.29,45,25.71
2321,23,21,152,117,76.97,35,23.03
2322,23,22,169,125,73.96,44,26.04
2323,23,23,165,118,71.52,47,28.48
2324,23,24,154,107,69.48,47,30.52
2325,23,25,137,110,80.29,27,19.71
2326,23,26,117,96,82.05,21,17.95
2327,23,27,139,105,75.54,34,24.46
2328,23,28,207,156,75.36,51,24.64
2329,23,29,286,194,67.83,92,32.17
2330,23,30,170,137,80.59,33,19.41
2331,23,31,197,156,79.19,41,20.81
2332,23,32,169,135,79.88,34,20.12
2333,23,33,384,285,74.22,99,25.78
2401,24,1,144,113,78.47,31,21.53
2402,24,2,152,126,82.89,26,17.11
2403,24,3,339,260,76.7,79,23.3
2404,24,4,263,204,77.57,59,22.43
2405,24,5,440,348,79.09,92,20.91
2406,24,6,301,236,78.41,65,21.59
2407,24,7,148,118,79.73,30,20.27
2408,24,8,202,149,73.76,53,26.24
2409,24,9,363,269,74.1,94,25.9
2410,24,10,279,229,82.08,50,17.92
2411,24,11,325,261,80.31,64,19.69
2412,24,12,377,296,78.51,81,21.49
2413,24,13,339,271,79.94,68,20.06
2414,24,14,255,209,81.96,46,18.04
2415,24,15,312,241,77.24,71,22.76
2416,24,16,420,303,72.14,117,27.86
2417,24,17,240,189,78.75,51,21.25
2418,24,18,396,308,77.78,88,22.22
2419,24,19,935,583,62.35,352,37.65
2501,25,1,287,216,75.26,71,24.74
2502,25,2,203,145,71.43,58,28.57
2503,25,3,291,229,78.69,62,21.31
2504,25,4,341,247,72.43,94,27.57
2505,25,5,415,333,80.24,82,19.76
2506,25,6,454,348,76.65,106,23.35
2507,25,7,442,333,75.34,109,24.66
2508,25,8,419,322,76.85,97,23.15
2509,25,9,457,347,75.93,110,24.07
2510,25,10,501,381,76.05,120,23.95
2511,25,11,441,363,82.31,78,17.69
2512,25,12,395,316,80.0,79,20.0
2513,25,13,588,465,79.08,123,20.92
2514,25,14,570,446,78.25,124,21.75
2515,25,15,452,363,80.31,89,19.69
2516,25,16,567,455,80.25,112,19.75
2517,25,17,246,203,82.52,43,17.48
2601,26,1,176,133,75.57,43,24.43
2602,26,2,241,203,84.23,38,15.77
2603,26,3,426,373,87.56,53,12.44
2604,26,4,242,178,73.55,64,26.45
2605,26,5,319,263,82.45,56,17.55
2606,26,6,200,154,77.0,46,23.0
2607,26,7,308,246,79.87,62,20.13
2608,26,8,222,177,79.73,45,20.27
2609,26,9,215,158,73.49,57,26.51
2610,26,10,244,197,80.74,47,19.26
2611,26,11,230,190,82.61,40,17.39
2612,26,12,95,78,82.11,17,17.89
2613,26,13,195,160,82.05,35,17.95
2614,26,14,142,107,75.35,35,24.65
2615,26,15,164,121,73.78,43,26.22
2616,26,16,384,312,81.25,72,18.75
2617,26,17,343,297,86.59,46,13.41
2618,26,18,166,121,72.89,45,27.11
2619,26,19,391,340,86.96,51,13.04
2620,26,20,426,359,84.27,67,15.73
2621,26,21,188,150,79.79,38,20.21
2622,26,22,152,107,70.39,45,29.61
2623,26,23,329,275,83.59,54,16.41
2624,26,24,162,130,80.25,32,19.75
2625,26,25,361,306,84.76,55,15.24
2626,26,26,385,312,81.04,73,18.96
2627,26,27,443,361,81.49,82,18.51
2628,26,28,388,348,89.69,40,10.31
2629,26,29,384,303,78.91,81,21.09
2630,26,30,226,199,88.05,27,11.95
2631,26,31,231,183,79.22,48,20.78
2632,26,32,327,268,81.96,59,18.04
2701,27,1,441,362,82.09,79,17.91
2702,27,2,565,467,82.65,98,17.35
2703,27,3,254,207,81.5,47,18.5
2704,27,4,398,318,79.9,80,20.1
2705,27,5,247,176,71.26,71,28.74
2706,27,6,496,400,80.65,96,19.35
2707,27,7,660,564,85.45,96,14.55
2708,27,8,163,132,80.98,31,19.02
2709,27,9,455,384,84.4,71,15.6
2710,27,10,260,197,75.77,63,24.23
2711,27,11,478,389,81.38,89,18.62
2712,27,12,360,282,78.33,78,21.67
2713,27,13,403,326,80.89,77,19.11
2714,27,14,305,243,79.67,62,20.33
2715,27,15,393,316,80.41,77,19.59
2716,27,16,552,463,83.88,89,16.12
2717,27,17,211,164,77.73,47,22.27
2718,27,18,488,388,79.51,100,20.49
2719,27,19,149,120,80.54,29,19.46
2720,27,20,264,206,78.03,58,21.97
2721,27,21,202,169,83.66,33,16.34
2722,27,22,276,217,78.62,59,21.38
2723,27,23,254,205,80.71,49,19.29
2724,27,24,147,122,82.99,25,17.01
2725,27,25,373,298,79.89,75,20.11
2726,27,26,413,323,78.21,90,21.79
2727,27,27,294,232,78.91,62,21.09
2728,27,28,340,275,80.88,65,19.12
2729,27,29,682,559,81.96,123,18.04
2801,28,1,216,168,77.78,48,22.22
2802,28,2,219,179,81.74,40,18.26
2803,28,3,67,49,73.13,18,26.87
2804,28,4,189,148,78.31,41,21.69
2805,28,5,168,137,81.55,31,18.45
2806,28,6,324,270,83.33,54,16.67
2807,28,7,147,119,80.95,28,19.05
2808,28,8,283,225,79.51,58,20.49
2809,28,9,148,116,78.38,32,21.62
2810,28,10,107,80,74.77,27,25.23
2811,28,11,449,344,76.61,105,23.39
2812,28,12,582,451,77.49,131,22.51
2813,28,13,452,377,83.41,75,16.59
2814,28,14,354,284,80.23,70,19.77
2815,28,15,205,160,78.05,45,21.95
2816,28,16,448,337,75.22,111,24.78
2817,28,17,243,191,78.6,52,21.4
2818,28,18,283,221,78.09,62,21.91
2819,28,19,287,238,82.93,49,17.07
2820,28,20,235,167,71.06,68,28.94
2821,28,21,244,194,79.51,50,20.49
2822,28,22,206,157,76.21,49,23.79
2823,28,23,282,233,82.62,49,17.38
2824,28,24,232,189,81.47,43,18.53
2825,28,25,396,310,78.28,86,21.72
2826,28,26,141,113,80.14,28,19.86
2901,29,1,478,324,67.78,154,32.22
2902,29,2,383,269,70.23,114,29.77
2903,29,3,324,244,75.31,80,24.69
2904,29,4,354,247,69.77,107,30.23
2905,29,5,361,274,75.9,87,24.1
2906,29,6,290,220,75.86,70,24.14
2907,29,7,571,434,76.01,137,23.99
2908,29,8,725,586,80.83,139,19.17
2909,29,9,317,251,79.18,66,20.82
2910,29,10,453,379,83.66,74,16.34
2911,29,11,388,295,76.03,93,23.97
2912,29,12,479,386,80.58,93,19.42
2913,29,13,473,381,80.55,92,19.45
2914,29,14,384,287,74.74,97,25.26
2915,29,15,380,280,73.68,100,26.32
2916,29,16,445,349,78.43,96,21.57
2917,29,17,278,214,76.98,64,23.02
2918,29,18,406,324,79.8,82,20.2
2919,29,19,475,355,74.74,120,25.26
2920,29,20,265,211,79.62,54,20.38
2921,29,21,321,240,74.77,81,25.23
2922,29,22,434,337,77.65,97,22.35
2923,29,23,410,337,82.2,73,17.8
2924,29,24,336,268,79.76,68,20.24
3001,30,1,439,309,70.39,130,29.61
3002,30,2,313,233,74.44,80,25.56
3003,30,3,412,343,83.25,69,16.75
3004,30,4,320,236,73.75,84,26.25
3005,30,5,346,257,74.28,89,25.72
3006,30,6,407,334,82.06,73,17.94
3007,30,7,276,220,79.71,56,20.29
3008,30,8,485,394,81.24,91,18.76
3009,30,9,420,330,78.57,90,21.43
3010,30,10,325,260,80.0,65,20.0
3011,30,11,292,216,73.97,76,26.03
3012,30,12,394,280,71.07,114,28.93
3013,30,13,316,228,72.15,88,27.85
3014,30,14,365,273,74.79,92,25.21
3015,30,15,528,433,82.01,95,17.99
3016,30,16,274,198,72.26,76,27.74
3017,30,17,379,301,79.42,78,20.58
3018,30,18,343,275,80.17,68,19.83
3019,30,19,211,167,79.15,44,20.85
3020,30,20,281,214,76.16,67,23.84
3021,30,21,468,350,74.79,118,25.21
3022,30,22,444,369,83.11,75,16.89
3023,30,23,481,396,82.33,85,17.67
3024,30,24,397,307,77.33,90,22.67
3025,30,25,263,196,74.52,67,25.48
3026,30,26,504,397,78.77,107,21.23
3101,31,1,278,206,74.1,72,25.9
3102,31,2,448,370,82.59,78,17.41
3103,31,3,242,183,75.62,59,24.38
3104,31,4,310,259,83.55,51,16.45
3105,31,5,287,227,79.09,60,20.91
3106,31,6,227,173,76.21,54,23.79
3107,31,7,262,210,80.15,52,19.85
3108,31,8,375,289,77.07,86,22.93
3109,31,9,246,177,71.95,69,28.05
3110,31,10,385,325,84.42,60,15.58
3111,31,11,361,283,78.39,78,21.61
3112,31,12,431,320,74.25,111,25.75
3113,31,13,317,252,79.5,65,20.5
3114,31,14,301,219,72.76,82,27.24
3115,31,15,140,105,75.0,35,25.0
3116,31,16,197,133,67.51,64,32.49
3117,31,17,257,193,75.1,64,24.9
3118,31,18,214,165,77.1,49,22.9
3119,31,19,270,220,81.48,50,18.52
3120,31,20,270,197,72.96,73,27.04
3121,31,21,275,214,77.82,61,22.18
3122,31,22,115,84,73.04,31,26.96
3123,31,23,156,104,66.67,52,33.33
3201,32,1,982,852,86.76,130,13.24
3202,32,2,766,670,87.47,96,12.53
3203,32,3,531,443,83.43,88,16.57
3204,32,4,542,471,86.9,71,13.1
3205,32,5,416,362,87.02,54,12.98
3206,32,6,251,217,86.45,34,13.55
3207,32,7,548,454,82.85,94,17.15
3208,32,8,392,336,85.71,56,14.29
3209,32,9,374,319,85.29,55,14.71
3210,32,10,704,604,85.8,100,14.2
3211,32,11,441,366,82.99,75,17.01
3212,32,12,271,217,80.07,54,19.93
3213,32,13,179,141,78.77,38,21.23
3214,32,14,797,688,86.32,109,13.68
3215,32,15,775,655,84.52,120,15.48
3216,32,16,388,330,85.05,58,14.95
3217,32,17,718,604,84.12,114,15.88
3218,32,18,290,226,77.93,64,22.07
3219,32,19,350,299,85.43,51,14.57
3220,32,20,726,608,83.75,118,16.25
3221,32,21,743,632,85.06,111,14.94
3222,32,22,733,637,86.9,96,13.1
3223,32,23,487,410,84.19,77,15.81
3224,32,24,256,215,83.98,41,16.02
3225,32,25,535,469,87.66,66,12.34
3226,32,26,705,612,86.81,93,13.19
3227,32,27,692,616,89.02,76,10.98
3228,32,28,204,167,81.86,37,18.14
3229,32,29,547,484,88.48,63,11.52
3230,32,30,691,613,88.71,78,11.29
3301,33,1,761,634,83.31,127,16.69
3302,33,2,826,706,85.47,120,14.53
3303,33,3,578,472,81.66,106,18.34
3304,33,4,791,642,81.16,149,18.84
3305,33,5,636,509,80.03,127,19.97
3306,33,6,694,574,82.71,120,17.29
3307,33,7,655,538,82.14,117,17.86
3308,33,8,466,400,85.84,66,14.16
3309,33,9,458,363,79.26,95,20.74
3310,33,10,490,415,84.69,75,15.31
3311,33,11,397,344,86.65,53,13.35
3312,33,12,611,519,84.94,92,15.06
3313,33,13,521,427,81.96,94,18.04
3314,33,14,714,625,87.54,89,12.46
3315,33,15,513,434,84.6,79,15.4
3316,33,16,674,611,90.65,63,9.35
3317,33,17,627,537,85.65,90,14.35
3401,34,1,492,388,78.86,104,21.14
3402,34,2,306,249,81.37,57,18.63
3403,34,3,667,558,83.66,109,16.34
3404,34,4,384,320,83.33,64,16.67
3405,34,5,657,560,85.24,97,14.76
3406,34,6,455,389,85.49,66,14.51
3407,34,7,214,185,86.45,29,13.55
3408,34,8,363,298,82.09,65,17.91
3409,34,9,685,563,82.19,122,17.81
3410,34,10,277,231,83.39,46,16.61
3411,34,11,466,379,81.33,87,18.67
3412,34,12,474,412,86.92,62,13.08
3413,34,13,574,485,84.49,89,15.51
3414,34,14,547,450,82.27,97,17.73
3415,34,15,439,355,80.87,84,19.13
3416,34,16,707,600,84.87,107,15.13
3417,34,17,626,517,82.59,109,17.41
3418,34,18,583,498,85.42,85,14.58
3419,34,19,463,400,86.39,63,13.61
3420,34,20,593,499,84.15,94,15.85
3501,35,1,173,142,82.08,31,17.92
3502,35,2,419,325,77.57,94,22.43
3503,35,3,320,253,79.06,67,20.94
3504,35,4,486,418,86.01,68,13.99
3505,35,5,658,568,86.32,90,13.68
3506,35,6,950,840,88.42,110,11.58
3507,35,7,660,564,85.45,96,14.55
3508,35,8,451,382,84.7,69,15.3
3509,35,9,764,657,85.99,107,14.01
3510,35,10,475,403,84.84,72,15.16
3511,35,11,648,549,84.72,99,15.28
3512,35,12,813,697,85.73,116,14.27
3513,35,13,538,458,85.13,80,14.87
3514,35,14,489,403,82.41,86,17.59
3515,35,15,627,537,85.65,90,14.35
3516,35,16,835,693,82.99,142,17.01
3517,35,17,535,450,84.11,85,15.89
3518,35,18,348,295,84.77,53,15.23
3519,35,19,527,436,82.73,91,17.27
3520,35,20,296,236,79.73,60,20.27
3521,35,21,476,367,77.1,109,22.9
3522,35,22,633,515,81.36,118,18.64
3601,36,1,257,167,64.98,90,35.02
3602,36,2,319,225,70.53,94,29.47
3603,36,3,257,170,66.15,87,33.85
3604,36,4,315,233,73.97,82,26.03
3605,36,5,257,185,71.98,72,28.02
3606,36,6,204,147,72.06,57,27.94
3607,36,7,177,133,75.14,44,24.86
3608,36,8,135,95,70.37,40,29.63
3609,36,9,388,304,78.35,84,21.65
3610,36,10,280,210,75.0,70,25.0
3611,36,11,205,140,68.29,65,31.71
3612,36,12,147,99,67.35,48,32.65
3613,36,13,80,54,67.5,26,32.5
3614,36,14,264,182,68.94,82,31.06
3615,36,15,128,100,78.13,28,21.88
3616,36,16,98,79,80.61,19,19.39
3617,36,17,371,310,83.56,61,16.44
3618,36,18,434,360,82.95,74,17.05
3619,36,19,548,475,86.68,73,13.32
3620,36,20,623,521,83.63,102,16.37
3621,36,21,426,334,78.4,92,21.6
3622,36,22,533,468,87.8,65,12.2
3623,36,23,478,389,81.38,89,18.62
3624,36,24,499,430,86.17,69,13.83
3625,36,25,582,477,81.96,105,18.04
3626,36,26,507,429,84.62,78,15.38
3627,36,27,578,497,85.99,81,14.01
3701,37,1,363,283,77.96,80,22.04
3702,37,2,289,217,75.09,72,24.91
3703,37,3,320,258,80.63,62,19.38
3704,37,4,352,267,75.85,85,24.15
3705,37,5,240,178,74.17,62,25.83
3706,37,6,459,363,79.08,96,20.92
3707,37,7,297,222,74.75,75,25.25
3708,37,8,424,318,75.0,106,25.0
3709,37,9,174,139,79.89,35,20.11
3710,37,10,291,237,81.44,54,18.56
3711,37,11,306,240,78.43,66,21.57
3712,37,12,410,311,75.85,99,24.15
3713,37,13,253,187,73.91,66,26.09
3714,37,14,392,325,82.91,67,17.09
3715,37,15,329,250,75.99,79,24.01
3716,37,16,422,328,77.73,94,22.27
3717,37,17,250,198,79.2,52,20.8
3718,37,18,311,237,76.21,74,23.79
3719,37,19,260,205,78.85,55,21.15
3720,37,20,422,338,80.09,84,19.91
3721,37,21,230,183,79.57,47,20.43
3722,37,22,308,235,76.3,73,23.7
3801,38,1,615,351,57.07,264,42.93
3802,38,2,318,200,62.89,118,37.11
3803,38,3,456,267,58.55,189,41.45
3804,38,4,330,223,67.58,107,32.42
3805,38,5,525,324,61.71,201,38.29
3806,38,6,358,225,62.85,133,37.15
3807,38,7,424,282,66.51,142,33.49
3808,38,8,369,226,61.25,143,38.75
3809,38,9,369,266,72.09,103,27.91
3810,38,10,351,247,70.37,104,29.63
3811,38,11,411,299,72.75,112,27.25
3812,38,12,552,351,63.59,201,36.41
3813,38,13,289,206,71.28,83,28.72
3814,38,14,382,252,65.97,130,34.03
3815,38,15,327,212,64.83,115,35.17
3816,38,16,559,355,63.51,204,36.49
3817,38,17,482,341,70.75,141,29.25
3818,38,18,588,437,74.32,151,25.68
3819,38,19,580,417,71.9,163,28.1
3820,38,20,496,366,73.79,130,26.21
3821,38,21,636,474,74.53,162,25.47
3822,38,22,434,331,76.27,103,23.73
3823,38,23,596,454,76.17,142,23.83
3824,38,24,566,432,76.33,134,23.67
3825,38,25,657,528,80.37,129,19.63
3901,39,1,450,346,76.89,104,23.11
3902,39,2,228,189,82.89,39,17.11
3903,39,3,390,316,81.03,74,18.97
3904,39,4,502,358,71.31,144,28.69
3905,39,5,351,283,80.63,68,19.37
3906,39,6,287,218,75.96,69,24.04
3907,39,7,262,206,78.63,56,21.37
3908,39,8,261,206,78.93,55,21.07
3909,39,9,238,178,74.79,60,25.21
3910,39,10,335,274,81.79,61,18.21
3911,39,11,208,163,78.37,45,21.63
3912,39,12,419,323,77.09,96,22.91
3913,39,13,641,512,79.88,129,20.12
3914,39,14,628,426,67.83,202,32.17
3915,39,15,528,419,79.36,109,20.64
3916,39,16,286,229,80.07,57,19.93
3917,39,17,707,464,65.63,243,34.37
3918,39,18,319,201,63.01,118,36.99
3919,39,19,653,542,83.0,111,17.0
3920,39,20,428,261,60.98,167,39.02
3921,39,21,558,457,81.9,101,18.1
3922,39,22,274,190,69.34,84,30.66
3923,39,23,60,43,71.67,17,28.33
3924,39,24,414,334,80.68,80,19.32
3925,39,25,291,237,81.44,54,18.56
3926,39,26,254,209,82.28,45,17.72
3927,39,27,252,190,75.4,62,24.6
3928,39,28,265,215,81.13,50,18.87
3929,39,29,126,93,73.81,33,26.19
3930,39,30,236,162,68.64,74,31.36
3931,39,31,300,213,71.0,87,29.0
3932,39,32,734,523,71.25,211,28.75
3933,39,33,262,188,71.76,74,28.24
3934,39,34,297,214,72.05,83,27.95
3935,39,35,526,422,80.23,104,19.77
4001,40,1,490,424,86.53,66,13.47
4002,40,2,519,446,85.93,73,14.07
4003,40,3,462,391,84.63,71,15.37
4004,40,4,475,380,80.0,95,20.0
4005,40,5,387,321,82.95,66,17.05
4006,40,6,442,373,84.39,69,15.61
4007,40,7,490,414,84.49,76,15.51
4008,40,8,328,270,82.32,58,17.68
4009,40,9,575,444,77.22,131,22.78
4010,40,10,880,779,88.52,101,11.48
4011,40,11,545,426,78.17,119,21.83
4012,40,12,599,517,86.31,82,13.69
4013,40,13,626,548,87.54,78,12.46
4014,40,14,796,711,89.32,85,10.68
4015,40,15,597,539,90.28,58,9.72
4016,40,16,597,532,89.11,65,10.89
4017,40,17,633,563,88.94,70,11.06
4018,40,18,689,604,87.66,85,12.34
4019,40,19,598,522,87.29,76,12.71
4020,40,20,685,607,88.61,78,11.39
4021,40,21,619,551,89.01,68,10.99
4022,40,22,856,753,87.97,103,12.03
4023,40,23,900,790,87.78,110,12.22
4101,41,1,364,238,65.38,126,34.62
4102,41,2,240,166,69.17,74,30.83
4103,41,3,265,163,61.51,102,38.49
4104,41,4,365,218,59.73,147,40.27
4105,41,5,392,230,58.67,162,41.33
4106,41,6,370,229,61.89,141,38.11
4107,41,7,328,197,60.06,131,39.94
4108,41,8,335,214,63.88,121,36.12
4109,41,9,645,415,64.34,230,35.66
4110,41,10,527,330,62.62,197,37.38
4111,41,11,402,278,69.15,124,30.85
4112,41,12,252,149,59.13,103,40.87
4113,41,13,568,379,66.73,189,33.27
4114,41,14,653,407,62.33,246,37.67
4115,41,15,824,487,59.1,337,40.9
4116,41,16,283,183,64.66,100,35.34
4117,41,17,189,115,60.85,74,39.15
4118,41,18,615,416,67.64,199,32.36
4119,41,19,300,208,69.33,92,30.67
4120,41,20,332,191,57.53,141,42.47
4121,41,21,326,196,60.12,130,39.88
4122,41,22,269,163,60.59,106,39.41
4123,41,23,382,219,57.33,163,42.67
4124,41,24,598,356,59.53,242,40.47
4125,41,25,523,285,54.49,238,45.51
4126,41,26,648,429,66.2,219,33.8
4127,41,27,462,291,62.99,171,37.01
4128,41,28,770,514,66.75,256,33.25
4129,41,29,804,548,68.16,256,31.84
4130,41,30,625,362,57.92,263,42.08
4131,41,31,561,320,57.04,241,42.96
4201,42,1,255,202,79.22,53,20.78
4202,42,2,234,190,81.2,44,18.8
4203,42,3,653,537,82.24,116,17.76
4204,42,4,551,441,80.04,110,19.96
4205,42,5,779,633,81.26,146,18.74
4206,42,6,335,269,80.3,66,19.7
4207,42,7,516,433,83.91,83,16.09
4208,42,8,346,283,81.79,63,18.21
4209,42,9,575,463,80.52,112,19.48
4210,42,10,385,296,76.88,89,23.12
4211,42,11,435,367,84.37,68,15.63
4212,42,12,336,269,80.06,67,19.94
4213,42,13,267,211,79.03,56,20.97
4214,42,14,199,170,85.43,29,14.57
4215,42,15,181,145,80.11,36,19.89
4216,42,16,634,499,78.71,135,21.29
4217,42,17,690,539,78.12,151,21.88
4218,42,18,390,312,80.0,78,20.0
4219,42,19,566,489,86.4,77,13.6
4220,42,20,577,466,80.76,111,19.24
4221,42,21,647,554,85.63,93,14.37
4222,42,22,638,519,81.35,119,18.65
4223,42,23,643,542,84.29,101,15.71
4224,42,24,653,556,85.15,97,14.85
4301,43,1,644,539,83.7,105,16.3
4302,43,2,749,635,84.78,114,15.22
4303,43,3,245,207,84.49,38,15.51
4304,43,4,504,436,86.51,68,13.49
4305,43,5,813,719,88.44,94,11.56
4306,43,6,922,796,86.33,126,13.67
4307,43,7,836,706,84.45,130,15.55
4308,43,8,691,600,86.83,91,13.17
4309,43,9,915,808,88.31,107,11.69
4310,43,10,587,482,82.11,105,17.89
4311,43,11,392,327,83.42,65,16.58
4312,43,12,742,636,85.71,106,14.29
4313,43,13,582,497,85.4,85,14.6
4314,43,14,341,290,85.04,51,14.96
4315,43,15,746,631,84.58,115,15.42
4316,43,16,303,255,84.16,48,15.84
4317,43,17,713,622,87.24,91,12.76
4318,43,18,843,716,84.93,127,15.07
4319,43,19,788,664,84.26,124,15.74
4320,43,20,659,571,86.65,88,13.35
4321,43,21,349,289,82.81,60,17.19
4322,43,22,822,724,88.08,98,11.92
4323,43,23,560,480,85.71,80,14.29
4401,44,1,818,719,87.9,99,12.1
4402,44,2,545,460,84.4,85,15.6
4403,44,3,704,611,86.79,93,13.21
4404,44,4,905,788,87.07,117,12.93
4405,44,5,712,625,87.78,87,12.22
4406,44,6,643,549,85.38,94,14.62
4407,44,7,676,587,86.83,89,13.17
4408,44,8,702,616,87.75,86,12.25
4409,44,9,949,830,87.46,119,12.54
4410,44,10,900,787,87.44,113,12.56
4411,44,11,722,601,83.24,121,16.76
4412,44,12,874,772,88.33,102,11.67
4413,44,13,860,740,86.05,120,13.95
4414,44,14,814,711,87.35,103,12.65
4415,44,15,913,802,87.84,111,12.16
4416,44,16,905,786,86.85,119,13.15
4417,44,17,924,789,85.39,135,14.61
4418,44,18,641,564,87.99,77,12.01
4419,44,19,866,739,85.33,127,14.67
4420,44,20,557,504,90.48,53,9.52
4421,44,21,911,808,88.69,103,11.31
4501,45,1,774,499,64.47,275,35.53
4502,45,2,415,293,70.6,122,29.4
4503,45,3,236,156,66.1,80,33.9
4504,45,4,296,205,69.26,91,30.74
4505,45,5,439,322,73.35,117,26.65
4506,45,6,504,341,67.66,163,32.34
4507,45,7,509,350,68.76,159,31.24
4508,45,8,420,279,66.43,141,33.57
4509,45,9,447,323,72.26,124,27.74
4510,45,10,467,313,67.02,154,32.98
4511,45,11,621,407,65.54,214,34.46
4512,45,12,398,291,73.12,107,26.88
4513,45,13,602,445,73.92,157,26.08
4514,45,14,345,242,70.14,103,29.86
4515,45,15,423,322,76.12,101,23.88
4516,45,16,509,403,79.17,106,20.83
4517,45,17,561,399,71.12,162,28.88
4518,45,18,547,423,77.33,124,22.67
4519,45,19,355,261,73.52,94,26.48
4520,45,20,467,353,75.59,114,24.41
4521,45,21,418,313,74.88,105,25.12
4522,45,22,534,425,79.59,109,20.41
4523,45,23,534,411,76.97,123,23.03
4524,45,24,450,333,74.0,117,26.0
4525,45,25,627,484,77.19,143,22.81
4526,45,26,469,365,77.83,104,22.17
4527,45,27,574,471,82.06,103,17.94
4528,45,28,508,390,76.77,118,23.23
4529,45,29,513,422,82.26,91,17.74
4601,46,1,650,554,85.23,96,14.77
4602,46,2,602,522,86.71,80,13.29
4603,46,3,705,609,86.38,96,13.62
4604,46,4,823,707,85.91,116,14.09
4605,46,5,664,567,85.39,97,14.61
4606,46,6,998,851,85.27,147,14.73
4607,46,7,620,538,86.77,82,13.23
4608,46,8,782,662,84.65,120,15.35
4609,46,9,753,658,87.38,95,12.62
4610,46,10,706,628,88.95,78,11.05
4611,46,11,806,699,86.72,107,13.28
4612,46,12,974,872,89.53,102,10.47
4613,46,13,862,768,89.1,94,10.9
4614,46,14,481,424,88.15,57,11.85
4615,46,15,918,789,85.95,129,14.05
4616,46,16,672,608,90.48,64,9.52
4617,46,17,877,785,89.51,92,10.49
4618,46,18,811,718,88.53,93,11.47
4619,46,19,640,546,85.31,94,14.69
4620,46,20,578,503,87.02,75,12.98
4621,46,21,443,393,88.71,50,11.29
4622,46,22,551,475,86.21,76,13.79
4623,46,23,481,435,90.44,46,9.56
4701,47,1,646,564,87.31,82,12.69
4702,47,2,615,547,88.94,68,11.06
4703,47,3,613,543,88.58,70,11.42
4704,47,4,790,715,90.51,75,9.49
4705,47,5,903,828,91.69,75,8.31
4706,47,6,772,700,90.67,72,9.33
4707,47,7,1127,1008,89.44,119,10.56
4708,47,8,692,617,89.16,75,10.84
4709,47,9,872,765,87.73,107,12.27
4710,47,10,758,672,88.65,86,11.35
4711,47,11,666,595,89.34,71,10.66
4712,47,12,499,457,91.58,42,8.42
4713,47,13,536,485,90.49,51,9.51
4714,47,14,666,571,85.74,95,14.26
4715,47,15,678,592,87.32,86,12.68
4716,47,16,709,608,85.75,101,14.25
4717,47,17,615,536,87.15,79,12.85
4718,47,18,786,699,88.93,87,11.07
4719,47,19,770,698,90.65,72,9.35
4720,47,20,738,641,86.86,97,13.14
4721,47,21,743,655,88.16,88,11.84
4722,47,22,603,524,86.9,79,13.1
4723,47,23,737,637,86.43,100,13.57
4724,47,24,855,742,86.78,113,13.22
4725,47,25,663,579,87.33,84,12.67
4726,47,26,839,728,86.77,111,13.23
4727,47,27,770,675,87.66,95,12.34
4728,47,28,545,456,83.67,89,16.33
4801,48,1,780,701,89.87,79,10.13
4802,48,2,243,221,90.95,22,9.05
4803,48,3,415,356,85.78,59,14.22
4804,48,4,448,391,87.28,57,12.72
4805,48,5,254,229,90.16,25,9.84
4806,48,6,620,555,89.52,65,10.48
4807,48,7,616,565,91.72,51,8.28
4808,48,8,389,331,85.09,58,14.91
4809,48,9,282,225,79.79,57,20.21
4810,48,10,740,676,91.35,64,8.65
4811,48,11,460,434,94.35,26,5.65
4812,48,12,651,555,85.25,96,14.75
4813,48,13,490,406,82.86,84,17.14
4814,48,14,568,510,89.79,58,10.21
4815,48,15,438,375,85.62,63,14.38
4816,48,16,352,311,88.35,41,11.65
4817,48,17,182,155,85.16,27,14.84
4818,48,18,606,512,84.49,94,15.51
4819,48,19,325,273,84.0,52,16.0
4820,48,20,230,204,88.7,26,11.3
4821,48,21,539,467,86.64,72,13.36
4822,48,22,313,269,85.94,44,14.06
4823,48,23,378,338,89.42,40,10.58
4824,48,24,740,602,81.35,138,18.65
4825,48,25,629,555,88.24,74,11.76
4826,48,26,323,286,88.54,37,11.46
4827,48,27,385,333,86.49,52,13.51
4828,48,28,528,476,90.15,52,9.85
4829,48,29,180,155,86.11,25,13.89
4830,48,30,565,505,89.38,60,10.62
4831,48,31,580,515,88.79,65,11.21
4832,48,32,447,377,84.34,70,15.66
4833,48,33,218,189,86.7,29,13.3
4834,48,34,441,393,89.12,48,10.88
4835,48,35,703,638,90.75,65,9.25
4901,49,1,660,555,84.09,105,15.91
4902,49,2,564,482,85.46,82,14.54
4903,49,3,778,671,86.25,107,13.75
4904,49,4,764,672,87.96,92,12.04
4905,49,5,818,727,88.88,91,11.12
4906,49,6,77,65,84.42,12,15.58
4907,49,7,805,705,87.58,100,12.42
4908,49,8,961,860,89.49,101,10.51
4909,49,9,861,743,86.3,118,13.7
4910,49,10,574,493,85.89,81,14.11
4911,49,11,625,533,85.28,92,14.72
4912,49,12,574,484,84.32,90,15.68
4913,49,13,709,609,85.9,100,14.1
4914,49,14,849,752,88.57,97,11.43
4915,49,15,772,676,87.56,96,12.44
4916,49,16,713,626,87.8,87,12.2
4917,49,17,825,715,86.67,110,13.33
5001,50,1,294,237,80.61,57,19.39
5002,50,2,342,255,74.56,87,25.44
5003,50,3,278,218,78.42,60,21.58
5004,50,4,344,272,79.07,72,20.93
5005,50,5,504,402,79.76,102,20.24
5006,50,6,237,197,83.12,40,16.88
5007,50,7,644,543,84.32,101,15.68
5008,50,8,431,365,84.69,66,15.31
5009,50,9,121,101,83.47,20,16.53
5010,50,10,252,190,75.4,62,24.6
5011,50,11,298,229,76.85,69,23.15
5012,50,12,117,86,73.5,31,26.5
5013,50,13,448,358,79.91,90,20.09
5014,50,14,86,58,67.44,28,32.56
5015,50,15,451,378,83.81,73,16.19
5016,50,16,83,57,68.67,26,31.33
5017,50,17,211,170,80.57,41,19.43
5018,50,18,31,16,51.61,15,48.39
5019,50,19,193,159,82.38,34,17.62
5020,50,20,179,150,83.8,29,16.2
5021,50,21,403,338,83.87,65,16.13
5022,50,22,346,253,73.12,93,26.88
5023,50,23,290,221,76.21,69,23.79
5024,50,24,344,246,71.51,98,28.49
5025,50,25,108,83,76.85,25,23.15
5026,50,26,184,144,78.26,40,21.74
5027,50,27,75,54,72.0,21,28.0
5028,50,28,455,383,84.18,72,15.82
