id,ward,precinct,total,Yes,Yes Percent,No,No Percent
0101,1,1,727,633,87.07,94,12.93
0102,1,2,677,596,88.04,81,11.96
0103,1,3,773,648,83.83,125,16.17
0104,1,4,692,602,86.99,90,13.01
0105,1,5,702,596,84.9,106,15.1
0106,1,6,606,523,86.3,83,13.7
0107,1,7,732,640,87.43,92,12.57
0108,1,8,665,579,87.07,86,12.93
0109,1,9,330,274,83.03,56,16.97
0110,1,10,864,753,87.15,111,12.85
0111,1,11,660,572,86.67,88,13.33
0112,1,12,286,233,81.47,53,18.53
0113,1,13,468,413,88.25,55,11.75
0114,1,14,386,327,84.72,59,15.28
0115,1,15,686,611,89.07,75,10.93
0116,1,16,658,553,84.04,105,15.96
0117,1,17,431,367,85.15,64,14.85
0118,1,18,614,529,86.16,85,13.84
0119,1,19,584,490,83.9,94,16.1
0120,1,20,530,475,89.62,55,10.38
0121,1,21,562,460,81.85,102,18.15
0122,1,22,745,641,86.04,104,13.96
0123,1,23,383,312,81.46,71,18.54
0124,1,24,835,727,87.07,108,12.93
0125,1,25,691,585,84.66,106,15.34
0126,1,26,606,507,83.66,99,16.34
0201,2,1,633,514,81.2,119,18.8
0202,2,2,754,615,81.56,139,18.44
0203,2,3,470,396,84.26,74,15.74
0204,2,4,512,421,82.23,91,17.77
0205,2,5,496,404,81.45,92,18.55
0206,2,6,712,580,81.46,132,18.54
0207,2,7,619,497,80.29,122,19.71
0208,2,8,488,397,81.35,91,18.65
0209,2,9,714,571,79.97,143,20.03
0210,2,10,318,255,80.19,63,19.81
0211,2,11,541,451,83.36,90,16.64
0212,2,12,505,398,78.81,107,21.19
0213,2,13,661,533,80.64,128,19.36
0214,2,14,381,318,83.46,63,16.54
0215,2,15,538,431,80.11,107,19.89
0216,2,16,629,513,81.56,116,18.44
0217,2,17,905,757,83.65,148,16.35
0218,2,18,524,432,82.44,92,17.56
0219,2,19,300,261,87.0,39,13.0
0220,2,20,374,289,77.27,85,22.73
0221,2,21,119,87,73.11,32,26.89
0222,2,22,439,365,83.14,74,16.86
0223,2,23,484,413,85.33,71,14.67
0224,2,24,393,317,80.66,76,19.34
0225,2,25,585,476,81.37,109,18.63
0301,3,1,569,412,72.41,157,27.59
0302,3,2,551,461,83.67,90,16.33
0303,3,3,394,315,79.95,79,20.05
0304,3,4,430,349,81.16,81,18.84
0305,3,5,111,86,77.48,25,22.52
0306,3,6,578,435,75.26,143,24.74
0307,3,7,276,224,81.16,52,18.84
0308,3,8,446,328,73.54,118,26.46
0309,3,9,358,307,85.75,51,14.25
0310,3,10,382,316,82.72,66,17.28
0311,3,11,606,486,80.2,120,19.8
0312,3,12,450,349,77.56,101,22.44
0313,3,13,654,532,81.35,122,18.65
0314,3,14,760,595,78.29,165,21.71
0315,3,15,445,361,81.12,84,18.88
0316,3,16,271,225,83.03,46,16.97
0317,3,17,156,115,73.72,41,26.28
0318,3,18,175,120,68.57,55,31.43
0319,3,19,775,632,81.55,143,18.45
0320,3,20,509,396,77.8,113,22.2
0321,3,21,484,402,83.06,82,16.94
0322,3,22,378,316,83.6,62,16.4
0323,3,23,283,223,78.8,60,21.2
0324,3,24,103,79,76.7,24,23.3
0325,3,25,746,617,82.71,129,17.29
0326,3,26,256,192,75.0,64,25.0
0327,3,27,639,508,79.5,131,20.5
0401,4,1,694,603,86.89,91,13.11
0402,4,2,247,199,80.57,48,19.43
0403,4,3,453,404,89.18,49,10.82
0404,4,4,566,453,80.04,113,19.96
0405,4,5,276,221,80.07,55,19.93
0406,4,6,402,337,83.83,65,16.17
0407,4,7,284,242,85.21,42,14.79
0408,4,8,419,348,83.05,71,16.95
0409,4,9,436,342,78.44,94,21.56
0410,4,10,407,352,86.49,55,13.51
0411,4,11,548,440,80.29,108,19.71
0412,4,12,342,272,79.53,70,20.47
0413,4,13,365,296,81.1,69,18.9
0414,4,14,311,257,82.64,54,17.36
0415,4,15,331,286,86.4,45,13.6
0416,4,16,459,357,77.78,102,22.22
0417,4,17,592,482,81.42,110,18.58
0418,4,18,185,138,74.59,47,25.41
0419,4,19,386,321,83.16,65,16.84
0420,4,20,564,466,82.62,98,17.38
0421,4,21,370,306,82.7,64,17.3
0422,4,22,184,155,84.24,29,15.76
0423,4,23,332,263,79.22,69,20.78
0424,4,24,614,495,80.62,119,19.38
0425,4,25,764,640,83.77,124,16.23
0426,4,26,671,579,86.29,92,13.71
0427,4,27,732,581,79.37,151,20.63
0428,4,28,760,638,83.95,122,16.05
0501,5,1,520,419,80.58,101,19.42
0502,5,2,617,505,81.85,112,18.15
0503,5,3,575,451,78.43,124,21.57
0504,5,4,472,360,76.27,112,23.73
0505,5,5,251,209,83.27,42,16.73
0506,5,6,225,188,83.56,37,16.44
0507,5,7,130,96,73.85,34,26.15
0508,5,8,177,140,79.1,37,20.9
0509,5,9,158,121,76.58,37,23.42
0510,5,10,264,199,75.38,65,24.62
0511,5,11,340,253,74.41,87,25.59
0512,5,12,597,532,89.11,65,10.89
0513,5,13,264,214,81.06,50,18.94
0514,5,14,280,230,82.14,50,17.86
0515,5,15,878,768,87.47,110,12.53
0516,5,16,544,481,88.42,63,11.58
0517,5,17,382,332,86.91,50,13.09
0518,5,18,810,687,84.81,123,15.19
0519,5,19,352,306,86.93,46,13.07
0520,5,20,606,524,86.47,82,13.53
0521,5,21,507,436,86.0,71,14.0
0522,5,22,611,528,86.42,83,13.58
0523,5,23,320,279,87.19,41,12.81
0524,5,24,311,290,93.25,21,6.75
0525,5,25,778,716,92.03,62,7.97
0601,6,1,162,127,78.4,35,21.6
0602,6,2,209,156,74.64,53,25.36
0603,6,3,64,37,57.81,27,42.19
0604,6,4,165,123,74.55,42,25.45
0605,6,5,283,206,72.79,77,27.21
0606,6,6,268,203,75.75,65,24.25
0607,6,7,332,257,77.41,75,22.59
0608,6,8,253,200,79.05,53,20.95
0609,6,9,543,428,78.82,115,21.18
0610,6,10,128,110,85.94,18,14.06
0611,6,11,155,118,76.13,37,23.87
0612,6,12,349,262,75.07,87,24.93
0613,6,13,448,344,76.79,104,23.21
0614,6,14,431,347,80.51,84,19.49
0615,6,15,456,342,75.0,114,25.0
0616,6,16,299,233,77.93,66,22.07
0617,6,17,517,397,76.79,120,23.21
0618,6,18,604,492,81.46,112,18.54
0619,6,19,377,279,74.01,98,25.99
0620,6,20,650,533,82.0,117,18.0
0621,6,21,475,355,74.74,120,25.26
0622,6,22,643,507,78.85,136,21.15
0623,6,23,609,487,79.97,122,20.03
0624,6,24,553,460,83.18,93,16.82
0625,6,25,405,344,84.94,61,15.06
0626,6,26,702,588,83.76,114,16.24
0627,6,27,635,502,79.06,133,20.94
0701,7,1,461,347,75.27,114,24.73
0702,7,2,605,503,83.14,102,16.86
0703,7,3,327,232,70.95,95,29.05
0704,7,4,384,300,78.13,84,21.88
0705,7,5,530,426,80.38,104,19.62
0706,7,6,140,109,77.86,31,22.14
0707,7,7,324,231,71.3,93,28.7
0708,7,8,214,164,76.64,50,23.36
0709,7,9,351,252,71.79,99,28.21
0710,7,10,499,415,83.17,84,16.83
0711,7,11,423,326,77.07,97,22.93
0712,7,12,519,405,78.03,114,21.97
0713,7,13,361,271,75.07,90,24.93
0714,7,14,313,247,78.91,66,21.09
0715,7,15,466,377,80.9,89,19.1
0716,7,16,166,132,79.52,34,20.48
0717,7,17,126,103,81.75,23,18.25
0718,7,18,61,54,88.52,7,11.48
0719,7,19,620,502,80.97,118,19.03
0720,7,20,345,272,78.84,73,21.16
0721,7,21,253,201,79.45,52,20.55
0722,7,22,291,243,83.51,48,16.49
0723,7,23,213,158,74.18,55,25.82
0724,7,24,62,47,75.81,15,24.19
0725,7,25,321,245,76.32,76,23.68
0726,7,26,474,382,80.59,92,19.41
0727,7,27,268,215,80.22,53,19.78
0728,7,28,178,140,78.65,38,21.35
0729,7,29,262,204,77.86,58,22.14
0730,7,30,241,193,80.08,48,19.92
0731,7,31,108,89,82.41,19,17.59
0801,8,1,494,384,77.73,110,22.27
0802,8,2,243,190,78.19,53,21.81
0803,8,3,198,168,84.85,30,15.15
0804,8,4,449,365,81.29,84,18.71
0805,8,5,320,262,81.88,58,18.13
0806,8,6,559,448,80.14,111,19.86
0807,8,7,324,255,78.7,69,21.3
0808,8,8,705,590,83.69,115,16.31
0809,8,9,437,341,78.03,96,21.97
0810,8,10,508,386,75.98,122,24.02
0811,8,11,418,339,81.1,79,18.9
0812,8,12,475,411,86.53,64,13.47
0813,8,13,446,384,86.1,62,13.9
0814,8,14,502,427,85.06,75,14.94
0815,8,15,386,326,84.46,60,15.54
0816,8,16,351,285,81.2,66,18.8
0817,8,17,588,495,84.18,93,15.82
0818,8,18,780,653,83.72,127,16.28
0819,8,19,619,505,81.58,114,18.42
0820,8,20,266,200,75.19,66,24.81
0821,8,21,234,180,76.92,54,23.08
0822,8,22,230,192,83.48,38,16.52
0823,8,23,584,466,79.79,118,20.21
0824,8,24,422,339,80.33,83,19.67
0825,8,25,170,137,80.59,33,19.41
0826,8,26,346,267,77.17,79,22.83
0827,8,27,457,371,81.18,86,18.82
0828,8,28,315,246,78.1,69,21.9
0829,8,29,301,252,83.72,49,16.28
0830,8,30,396,305,77.02,91,22.98
0901,9,1,485,364,75.05,121,24.95
0902,9,2,329,260,79.03,69,20.97
0903,9,3,162,114,70.37,48,29.63
0904,9,4,359,277,77.16,82,22.84
0905,9,5,354,275,77.68,79,22.32
0906,9,6,615,502,81.63,113,18.37
0907,9,7,476,376,78.99,100,21.01
0908,9,8,468,360,76.92,108,23.08
0909,9,9,273,210,76.92,63,23.08
0910,9,10,577,464,80.42,113,19.58
0911,9,11,191,147,76.96,44,23.04
0912,9,12,522,426,81.61,96,18.39
0913,9,13,506,400,79.05,106,20.95
0914,9,14,283,235,83.04,48,16.96
0915,9,15,381,303,79.53,78,20.47
0916,9,16,529,399,75.43,130,24.57
0917,9,17,167,129,77.25,38,22.75
0918,9,18,270,208,77.04,62,22.96
0919,9,19,225,174,77.33,51,22.67
0920,9,20,418,308,73.68,110,26.32
0921,9,21,483,384,79.5,99,20.5
0922,9,22,329,266,80.85,63,19.15
0923,9,23,271,211,77.86,60,22.14
0924,9,24,403,322,79.9,81,20.1
0925,9,25,310,254,81.94,56,18.06
0926,9,26,451,366,81.15,85,18.85
0927,9,27,255,191,74.9,64,25.1
0928,9,28,207,153,73.91,54,26.09
0929,9,29,605,484,80.0,121,20.0
0930,9,30,484,368,76.03,116,23.97
1001,10,1,120,92,76.67,28,23.33
1002,10,2,147,101,68.71,46,31.29
1003,10,3,258,185,71.71,73,28.29
1004,10,4,285,220,77.19,65,22.81
1005,10,5,111,78,70.27,33,29.73
1006,10,6,135,102,75.56,33,24.44
1007,10,7,259,161,62.16,98,37.84
1008,10,8,254,192,75.59,62,24.41
1009,10,9,287,204,71.08,83,28.92
1010,10,10,303,220,72.61,83,27.39
1011,10,11,107,78,72.9,29,27.1
1012,10,12,276,211,76.45,65,23.55
1013,10,13,314,245,78.03,69,21.97
1014,10,14,396,273,68.94,123,31.06
1015,10,15,356,265,74.44,91,25.56
1016,10,16,430,290,67.44,140,32.56
1017,10,17,385,279,72.47,106,27.53
1018,10,18,474,288,60.76,186,39.24
1019,10,19,279,186,66.67,93,33.33
1020,10,20,186,131,70.43,55,29.57
1021,10,21,232,143,61.64,89,38.36
1022,10,22,412,275,66.75,137,33.25
1023,10,23,274,203,74.09,71,25.91
1024,10,24,120,79,65.83,41,34.17
1025,10,25,217,155,71.43,62,28.57
1101,11,1,141,119,84.4,22,15.6
1102,11,2,74,57,77.03,17,22.97
1103,11,3,410,305,74.39,105,25.61
1104,11,4,305,216,70.82,89,29.18
1105,11,5,331,245,74.02,86,25.98
1106,11,6,413,303,73.37,110,26.63
1107,11,7,210,153,72.86,57,27.14
1108,11,8,367,236,64.31,131,35.69
1109,11,9,415,305,73.49,110,26.51
1110,11,10,73,48,65.75,25,34.25
1111,11,11,60,47,78.33,13,21.67
1112,11,12,120,82,68.33,38,31.67
1113,11,13,350,269,76.86,81,23.14
1114,11,14,689,508,73.73,181,26.27
1115,11,15,511,405,79.26,106,20.74
1116,11,16,603,467,77.45,136,22.55
1117,11,17,278,200,71.94,78,28.06
1118,11,18,382,288,75.39,94,24.61
1119,11,19,125,79,63.2,46,36.8
1120,11,20,377,280,74.27,97,25.73
1121,11,21,651,497,76.34,154,23.66
1122,11,22,417,301,72.18,116,27.82
1123,11,23,468,340,72.65,128,27.35
1201,12,1,237,169,71.31,68,28.69
1202,12,2,168,129,76.79,39,23.21
1203,12,3,325,240,73.85,85,26.15
1204,12,4,265,187,70.57,78,29.43
1205,12,5,259,187,72.2,72,27.8
1206,12,6,228,165,72.37,63,27.63
1207,12,7,237,175,73.84,62,26.16
1208,12,8,227,179,78.85,48,21.15
1209,12,9,133,94,70.68,39,29.32
1210,12,10,271,186,68.63,85,31.37
1211,12,11,202,144,71.29,58,28.71
1212,12,12,167,115,68.86,52,31.14
1213,12,13,182,138,75.82,44,24.18
1214,12,14,109,81,74.31,28,25.69
1215,12,15,237,154,64.98,83,35.02
1216,12,16,265,190,71.7,75,28.3
1217,12,17,221,167,75.57,54,24.43
1218,12,18,243,192,79.01,51,20.99
1219,12,19,151,113,74.83,38,25.17
1220,12,20,197,145,73.6,52,26.4
1221,12,21,201,146,72.64,55,27.36
1222,12,22,193,137,70.98,56,29.02
1301,13,1,221,171,77.38,50,22.62
1302,13,2,268,190,70.9,78,29.1
1303,13,3,382,220,57.59,162,42.41
1304,13,4,295,215,72.88,80,27.12
1305,13,5,265,168,63.4,97,36.6
1306,13,6,277,173,62.45,104,37.55
1307,13,7,211,137,64.93,74,35.07
1308,13,8,345,252,73.04,93,26.96
1309,13,9,390,249,63.85,141,36.15
1310,13,10,382,244,63.87,138,36.13
1311,13,11,214,136,63.55,78,36.45
1312,13,12,200,139,69.5,61,30.5
1313,13,13,265,158,59.62,107,40.38
1314,13,14,237,150,63.29,87,36.71
1315,13,15,194,114,58.76,80,41.24
1316,13,16,304,209,68.75,95,31.25
1317,13,17,332,232,69.88,100,30.12
1318,13,18,232,168,72.41,64,27.59
1319,13,19,214,123,57.48,91,42.52
1320,13,20,318,204,64.15,114,35.85
1321,13,21,264,171,64.77,93,35.23
1322,13,22,334,245,73.35,89,26.65
1323,13,23,342,195,57.02,147,42.98
1324,13,24,267,188,70.41,79,29.59
1325,13,25,249,173,69.48,76,30.52
1326,13,26,202,132,65.35,70,34.65
1327,13,27,174,138,79.31,36,20.69
1328,13,28,218,157,72.02,61,27.98
1329,13,29,206,154,74.76,52,25.24
1330,13,30,322,196,60.87,126,39.13
1331,13,31,226,138,61.06,88,38.94
1332,13,32,228,146,64.04,82,35.96
1333,13,33,280,179,63.93,101,36.07
1334,13,34,336,214,63.69,122,36.31
1335,13,35,415,288,69.4,127,30.6
1336,13,36,164,126,76.83,38,23.17
1337,13,37,353,216,61.19,137,38.81
1338,13,38,189,128,67.72,61,32.28
1339,13,39,342,235,68.71,107,31.29
1340,13,40,279,187,67.03,92,32.97
1401,14,1,375,272,72.53,103,27.47
1402,14,2,259,181,69.88,78,30.12
1403,14,3,177,122,68.93,55,31.07
1404,14,4,84,58,69.05,26,30.95
1405,14,5,294,231,78.57,63,21.43
1406,14,6,379,273,72.03,106,27.97
1407,14,7,337,241,71.51,96,28.49
1408,14,8,346,242,69.94,104,30.06
1409,14,9,368,263,71.47,105,28.53
1410,14,10,320,235,73.44,85,26.56
1411,14,11,377,274,72.68,103,27.32
1412,14,12,248,173,69.76,75,30.24
1413,14,13,401,290,72.32,111,27.68
1414,14,14,205,150,73.17,55,26.83
1415,14,15,211,155,73.46,56,26.54
1501,15,1,247,177,71.66,70,28.34
1502,15,2,347,253,72.91,94,27.09
1503,15,3,126,91,72.22,35,27.78
1504,15,4,156,111,71.15,45,28.85
1505,15,5,101,81,80.2,20,19.8
1506,15,6,228,159,69.74,69,30.26
1507,15,7,180,111,61.67,69,38.33
1508,15,8,201,146,72.64,55,27.36
1509,15,9,224,162,72.32,62,27.68
1510,15,10,172,127,73.84,45,26.16
1511,15,11,178,124,69.66,54,30.34
1512,15,12,235,177,75.32,58,24.68
1513,15,13,181,132,72.93,49,27.07
1514,15,14,191,139,72.77,52,27.23
1515,15,15,186,135,72.58,51,27.42
1516,15,16,299,220,73.58,79,26.42
1517,15,17,323,235,72.76,88,27.24
1518,15,18,225,175,77.78,50,22.22
1519,15,19,139,102,73.38,37,26.62
1520,15,20,212,150,70.75,62,29.25
1601,16,1,279,209,74.91,70,25.09
1602,16,2,191,141,73.82,50,26.18
1603,16,3,235,177,75.32,58,24.68
1604,16,4,149,115,77.18,34,22.82
1605,16,5,327,252,77.06,75,22.94
1606,16,6,304,227,74.67,77,25.33
1607,16,7,183,141,77.05,42,22.95
1608,16,8,138,96,69.57,42,30.43
1609,16,9,298,227,76.17,71,23.83
1610,16,10,224,177,79.02,47,20.98
1611,16,11,204,159,77.94,45,22.06
1612,16,12,82,58,70.73,24,29.27
1613,16,13,116,89,76.72,27,23.28
1614,16,14,316,229,72.47,87,27.53
1615,16,15,259,196,75.68,63,24.32
1616,16,16,191,138,72.25,53,27.75
1617,16,17,359,271,75.49,88,24.51
1618,16,18,334,242,72.46,92,27.54
1619,16,19,267,200,74.91,67,25.09
1620,16,20,254,197,77.56,57,22.44
1621,16,21,170,126,74.12,44,25.88
1622,16,22,268,197,73.51,71,26.49
1623,16,23,188,135,71.81,53,28.19
1624,16,24,219,163,74.43,56,25.57
1625,16,25,102,73,71.57,29,28.43
1701,17,1,356,264,74.16,92,25.84
1702,17,2,225,168,74.67,57,25.33
1703,17,3,261,206,78.93,55,21.07
1704,17,4,262,202,77.1,60,22.9
1705,17,5,174,130,74.71,44,25.29
1706,17,6,244,189,77.46,55,22.54
1707,17,7,151,119,78.81,32,21.19
1708,17,8,199,153,76.88,46,23.12
1709,17,9,192,137,71.35,55,28.65
1710,17,10,387,289,74.68,98,25.32
1711,17,11,231,175,75.76,56,24.24
1712,17,12,150,120,80.0,30,20.0
1713,17,13,163,129,79.14,34,20.86
1714,17,14,182,137,75.27,45,24.73
1715,17,15,491,391,79.63,100,20.37
1716,17,16,217,169,77.88,48,22.12
1717,17,17,191,159,83.25,32,16.75
1718,17,18,569,464,81.55,105,18.45
1719,17,19,375,293,78.13,82,21.87
1720,17,20,373,293,78.55,80,21.45
1721,17,21,413,323,78.21,90,21.79
1722,17,22,420,324,77.14,96,22.86
1723,17,23,272,214,78.68,58,21.32
1724,17,24,449,349,77.73,100,22.27
1725,17,25,200,151,75.5,49,24.5
1726,17,26,386,310,80.31,76,19.69
1727,17,27,464,368,79.31,96,20.69
1728,17,28,533,413,77.49,120,22.51
1729,17,29,470,373,79.36,97,20.64
1801,18,1,582,464,79.73,118,20.27
1802,18,2,627,496,79.11,131,20.89
1803,18,3,265,214,80.75,51,19.25
1804,18,4,448,381,85.04,67,14.96
1805,18,5,367,299,81.47,68,18.53
1806,18,6,565,478,84.6,87,15.4
1807,18,7,501,409,81.64,92,18.36
1808,18,8,761,594,78.06,167,21.94
1809,18,9,601,470,78.2,131,21.8
1810,18,10,671,521,77.65,150,22.35
1811,18,11,371,289,77.9,82,22.1
1812,18,12,615,499,81.14,116,18.86
1813,18,13,489,392,80.16,97,19.84
1814,18,14,380,291,76.58,89,23.42
1815,18,15,284,225,79.23,59,20.77
1816,18,16,438,338,77.17,100,22.83
1817,18,17,327,234,71.56,93,28.44
1818,18,18,404,294,72.77,110,27.23
1819,18,19,356,279,78.37,77,21.63
1820,18,20,331,254,76.74,77,23.26
1821,18,21,455,355,78.02,100,21.98
1822,18,22,436,291,66.74,145,33.26
1823,18,23,509,340,66.8,169,33.2
1824,18,24,567,397,70.02,170,29.98
1825,18,25,305,219,71.8,86,28.2
1826,18,26,523,367,70.17,156,29.83
1901,19,1,696,438,62.93,258,37.07
1902,19,2,669,543,81.17,126,18.83
1903,19,3,483,263,54.45,220,45.55
1904,19,4,486,280,57.61,206,42.39
1905,19,5,550,448,81.45,102,18.55
1906,19,6,519,285,54.91,234,45.09
1907,19,7,678,406,59.88,272,40.12
1908,19,8,495,407,82.22,88,17.78
1909,19,9,442,356,80.54,86,19.46
1910,19,10,501,404,80.64,97,19.36
1911,19,11,442,254,57.47,188,42.53
1912,19,12,672,378,56.25,294,43.75
1913,19,13,444,365,82.21,79,17.79
1914,19,14,604,484,80.13,120,19.87
1915,19,15,402,212,52.74,190,47.26
1916,19,16,511,293,57.34,218,42.66
1917,19,17,458,304,66.38,154,33.62
1918,19,18,463,259,55.94,204,44.06
1919,19,19,538,431,80.11,107,19.89
1920,19,20,421,334,79.33,87,20.67
1921,19,21,694,388,55.91,306,44.09
1922,19,22,460,339,73.7,121,26.3
1923,19,23,484,316,65.29,168,34.71
1924,19,24,486,259,53.29,227,46.71
1925,19,25,463,373,80.56,90,19.44
1926,19,26,423,316,74.7,107,25.3
1927,19,27,692,539,77.89,153,22.11
1928,19,28,853,669,78.43,184,21.57
1929,19,29,610,380,62.3,230,37.7
1930,19,30,498,259,52.01,239,47.99
1931,19,31,745,562,75.44,183,24.56
1932,19,32,451,347,76.94,104,23.06
1933,19,33,347,181,52.16,166,47.84
1934,19,34,774,529,68.35,245,31.65
1935,19,35,531,411,77.4,120,22.6
1936,19,36,437,356,81.46,81,18.54
2001,20,1,208,150,72.12,58,27.88
2002,20,2,125,98,78.4,27,21.6
2003,20,3,137,101,73.72,36,26.28
2004,20,4,109,81,74.31,28,25.69
2005,20,5,198,137,69.19,61,30.81
2006,20,6,132,109,82.58,23,17.42
2007,20,7,159,127,79.87,32,20.13
2008,20,8,202,151,74.75,51,25.25
2009,20,9,386,299,77.46,87,22.54
2010,20,10,420,318,75.71,102,24.29
2011,20,11,332,249,75.0,83,25.0
2012,20,12,71,42,59.15,29,40.85
2013,20,13,605,498,82.31,107,17.69
2014,20,14,387,319,82.43,68,17.57
2015,20,15,342,259,75.73,83,24.27
2016,20,16,375,294,78.4,81,21.6
2017,20,17,466,365,78.33,101,21.67
2018,20,18,545,443,81.28,102,18.72
2019,20,19,321,260,81.0,61,19.0
2020,20,20,363,292,80.44,71,19.56
2021,20,21,506,386,76.28,120,23.72
2022,20,22,468,359,76.71,109,23.29
2023,20,23,157,116,73.89,41,26.11
2101,21,1,554,440,79.42,114,20.58
2102,21,2,167,136,81.44,31,18.56
2103,21,3,599,495,82.64,104,17.36
2104,21,4,490,384,78.37,106,21.63
2105,21,5,514,400,77.82,114,22.18
2106,21,6,444,355,79.95,89,20.05
2107,21,7,627,487,77.67,140,22.33
2108,21,8,464,370,79.74,94,20.26
2109,21,9,160,127,79.38,33,20.63
2110,21,10,577,453,78.51,124,21.49
2111,21,11,583,471,80.79,112,19.21
2112,21,12,250,192,76.8,58,23.2
2113,21,13,415,325,78.31,90,21.69
2114,21,14,632,522,82.59,110,17.41
2115,21,15,613,478,77.98,135,22.02
2116,21,16,542,438,80.81,104,19.19
2117,21,17,401,335,83.54,66,16.46
2118,21,18,599,485,80.97,114,19.03
2119,21,19,473,367,77.59,106,22.41
2120,21,20,329,253,76.9,76,23.1
2121,21,21,600,450,75.0,150,25.0
2122,21,22,623,493,79.13,130,20.87
2123,21,23,447,339,75.84,108,24.16
2124,21,24,440,350,79.55,90,20.45
2125,21,25,367,278,75.75,89,24.25
2126,21,26,399,321,80.45,78,19.55
2127,21,27,565,442,78.23,123,21.77
2128,21,28,511,389,76.13,122,23.87
2129,21,29,529,412,77.88,117,22.12
2201,22,1,174,136,78.16,38,21.84
2202,22,2,109,80,73.39,29,26.61
2203,22,3,214,169,78.97,45,21.03
2204,22,4,124,99,79.84,25,20.16
2205,22,5,362,267,73.76,95,26.24
2206,22,6,186,130,69.89,56,30.11
2207,22,7,198,140,70.71,58,29.29
2208,22,8,221,164,74.21,57,25.79
2209,22,9,179,135,75.42,44,24.58
2210,22,10,248,188,75.81,60,24.19
2211,22,11,312,235,75.32,77,24.68
2212,22,12,193,135,69.95,58,30.05
2213,22,13,252,196,77.78,56,22.22
2214,22,14,196,152,77.55,44,22.45
2215,22,15,127,86,67.72,41,32.28
2216,22,16,288,199,69.1,89,30.9
2217,22,17,124,88,70.97,36,29.03
2218,22,18,243,195,80.25,48,19.75
2219,22,19,407,290,71.25,117,28.75
2301,23,1,241,146,60.58,95,39.42
2302,23,2,408,235,57.6,173,42.4
2303,23,3,260,145,55.77,115,44.23
2304,23,4,214,117,54.67,97,45.33
2305,23,5,349,204,58.45,145,41.55
2306,23,6,190,98,51.58,92,48.42
2307,23,7,258,162,62.79,96,37.21
2308,23,8,248,158,63.71,90,36.29
2309,23,9,401,265,66.08,136,33.92
2310,23,10,444,288,64.86,156,35.14
2311,23,11,176,134,76.14,42,23.86
2312,23,12,253,179,70.75,74,29.25
2313,23,13,418,290,69.38,128,30.62
2314,23,14,307,220,71.66,87,28.34
2315,23,15,343,226,65.89,117,34.11
2316,23,16,180,128,71.11,52,28.89
2317,23,17,240,184,76.67,56,23.33
2318,23,18,215,155,72.09,60,27.91
2319,23,19,181,135,74.59,46,25.41
2320,23,20,174,126,72.41,48,27.59
2321,23,21,152,110,72.37,42,27.63
2322,23,22,169,119,70.41,50,29.59
2323,23,23,167,119,71.26,48,28.74
2324,23,24,154,105,68.18,49,31.82
2325,23,25,136,109,80.15,27,19.85
2326,23,26,117,94,80.34,23,19.66
2327,23,27,140,105,75.0,35,25.0
2328,23,28,207,148,71.5,59,28.5
2329,23,29,289,195,67.47,94,32.53
2330,23,30,168,134,79.76,34,20.24
2331,23,31,197,154,78.17,43,21.83
2332,23,32,169,130,76.92,39,23.08
2333,23,33,386,275,71.24,111,28.76
2401,24,1,145,118,81.38,27,18.62
2402,24,2,151,115,76.16,36,23.84
2403,24,3,340,265,77.94,75,22.06
2404,24,4,270,193,71.48,77,28.52
2405,24,5,436,332,76.15,104,23.85
2406,24,6,301,229,76.08,72,23.92
2407,24,7,145,116,80.0,29,20.0
2408,24,8,206,151,73.3,55,26.7
2409,24,9,365,277,75.89,88,24.11
2410,24,10,277,225,81.23,52,18.77
2411,24,11,328,257,78.35,71,21.65
2412,24,12,377,278,73.74,99,26.26
2413,24,13,341,261,76.54,80,23.46
2414,24,14,255,197,77.25,58,22.75
2415,24,15,313,236,75.4,77,24.6
2416,24,16,419,289,68.97,130,31.03
2417,24,17,243,178,73.25,65,26.75
2418,24,18,392,309,78.83,83,21.17
2419,24,19,939,549,58.47,390,41.53
2501,25,1,287,218,75.96,69,24.04
2502,25,2,206,153,74.27,53,25.73
2503,25,3,291,229,78.69,62,21.31
2504,25,4,346,251,72.54,95,27.46
2505,25,5,418,328,78.47,90,21.53
2506,25,6,464,336,72.41,128,27.59
2507,25,7,446,333,74.66,113,25.34
2508,25,8,420,319,75.95,101,24.05
2509,25,9,456,342,75.0,114,25.0
2510,25,10,504,386,76.59,118,23.41
2511,25,11,450,366,81.33,84,18.67
2512,25,12,398,314,78.89,84,21.11
2513,25,13,592,460,77.7,132,22.3
2514,25,14,570,436,76.49,134,23.51
2515,25,15,458,361,78.82,97,21.18
2516,25,16,574,448,78.05,126,21.95
2517,25,17,247,201,81.38,46,18.62
2601,26,1,175,138,78.86,37,21.14
2602,26,2,241,196,81.33,45,18.67
2603,26,3,429,373,86.95,56,13.05
2604,26,4,247,185,74.9,62,25.1
2605,26,5,321,263,81.93,58,18.07
2606,26,6,201,154,76.62,47,23.38
2607,26,7,311,248,79.74,63,20.26
2608,26,8,226,164,72.57,62,27.43
2609,26,9,217,159,73.27,58,26.73
2610,26,10,246,197,80.08,49,19.92
2611,26,11,232,187,80.6,45,19.4
2612,26,12,96,76,79.17,20,20.83
2613,26,13,196,160,81.63,36,18.37
2614,26,14,144,105,72.92,39,27.08
2615,26,15,163,110,67.48,53,32.52
2616,26,16,384,312,81.25,72,18.75
2617,26,17,345,294,85.22,51,14.78
2618,26,18,166,116,69.88,50,30.12
2619,26,19,393,337,85.75,56,14.25
2620,26,20,428,360,84.11,68,15.89
2621,26,21,184,142,77.17,42,22.83
2622,26,22,151,98,64.9,53,35.1
2623,26,23,339,272,80.24,67,19.76
2624,26,24,162,123,75.93,39,24.07
2625,26,25,366,300,81.97,66,18.03
2626,26,26,392,320,81.63,72,18.37
2627,26,27,446,350,78.48,96,21.52
2628,26,28,396,347,87.63,49,12.37
2629,26,29,387,311,80.36,76,19.64
2630,26,30,226,194,85.84,32,14.16
2631,26,31,230,187,81.3,43,18.7
2632,26,32,329,268,81.46,61,18.54
2701,27,1,445,365,82.02,80,17.98
2702,27,2,573,468,81.68,105,18.32
2703,27,3,250,187,74.8,63,25.2
2704,27,4,399,314,78.7,85,21.3
2705,27,5,248,176,70.97,72,29.03
2706,27,6,500,390,78.0,110,22.0
2707,27,7,668,559,83.68,109,16.32
2708,27,8,163,127,77.91,36,22.09
2709,27,9,454,382,84.14,72,15.86
2710,27,10,263,201,76.43,62,23.57
2711,27,11,485,383,78.97,102,21.03
2712,27,12,363,281,77.41,82,22.59
2713,27,13,405,322,79.51,83,20.49
2714,27,14,304,231,75.99,73,24.01
2715,27,15,392,306,78.06,86,21.94
2716,27,16,561,451,80.39,110,19.61
2717,27,17,213,164,77.0,49,23.0
2718,27,18,495,395,79.8,100,20.2
2719,27,19,149,120,80.54,29,19.46
2720,27,20,269,214,79.55,55,20.45
2721,27,21,202,167,82.67,35,17.33
2722,27,22,284,227,79.93,57,20.07
2723,27,23,259,198,76.45,61,23.55
2724,27,24,147,121,82.31,26,17.69
2725,27,25,374,288,77.01,86,22.99
2726,27,26,420,320,76.19,100,23.81
2727,27,27,296,227,76.69,69,23.31
2728,27,28,341,274,80.35,67,19.65
2729,27,29,683,556,81.41,127,18.59
2801,28,1,216,164,75.93,52,24.07
2802,28,2,220,180,81.82,40,18.18
2803,28,3,69,55,79.71,14,20.29
2804,28,4,188,143,76.06,45,23.94
2805,28,5,168,131,77.98,37,22.02
2806,28,6,326,261,80.06,65,19.94
2807,28,7,149,115,77.18,34,22.82
2808,28,8,284,210,73.94,74,26.06
2809,28,9,148,108,72.97,40,27.03
2810,28,10,109,79,72.48,30,27.52
2811,28,11,446,325,72.87,121,27.13
2812,28,12,591,460,77.83,131,22.17
2813,28,13,455,379,83.3,76,16.7
2814,28,14,359,272,75.77,87,24.23
2815,28,15,206,157,76.21,49,23.79
2816,28,16,451,336,74.5,115,25.5
2817,28,17,241,179,74.27,62,25.73
2818,28,18,284,225,79.23,59,20.77
2819,28,19,293,235,80.2,58,19.8
2820,28,20,235,157,66.81,78,33.19
2821,28,21,242,184,76.03,58,23.97
2822,28,22,208,155,74.52,53,25.48
2823,28,23,279,216,77.42,63,22.58
2824,28,24,234,183,78.21,51,21.79
2825,28,25,395,307,77.72,88,22.28
2826,28,26,142,115,80.99,27,19.01
2901,29,1,481,327,67.98,154,32.02
2902,29,2,387,277,71.58,110,28.42
2903,29,3,327,241,73.7,86,26.3
2904,29,4,355,248,69.86,107,30.14
2905,29,5,358,270,75.42,88,24.58
2906,29,6,294,222,75.51,72,24.49
2907,29,7,579,437,75.47,142,24.53
2908,29,8,737,584,79.24,153,20.76
2909,29,9,315,240,76.19,75,23.81
2910,29,10,449,360,80.18,89,19.82
2911,29,11,380,284,74.74,96,25.26
2912,29,12,474,375,79.11,99,20.89
2913,29,13,467,366,78.37,101,21.63
2914,29,14,390,287,73.59,103,26.41
2915,29,15,380,271,71.32,109,28.68
2916,29,16,450,342,76.0,108,24.0
2917,29,17,276,226,81.88,50,18.12
2918,29,18,415,324,78.07,91,21.93
2919,29,19,475,358,75.37,117,24.63
2920,29,20,271,215,79.34,56,20.66
2921,29,21,317,237,74.76,80,25.24
2922,29,22,441,337,76.42,104,23.58
2923,29,23,418,332,79.43,86,20.57
2924,29,24,338,266,78.7,72,21.3
3001,30,1,446,302,67.71,144,32.29
3002,30,2,315,229,72.7,86,27.3
3003,30,3,411,331,80.54,80,19.46
3004,30,4,323,230,71.21,93,28.79
3005,30,5,349,249,71.35,100,28.65
3006,30,6,407,339,83.29,68,16.71
3007,30,7,278,215,77.34,63,22.66
3008,30,8,487,395,81.11,92,18.89
3009,30,9,423,330,78.01,93,21.99
3010,30,10,330,264,80.0,66,20.0
3011,30,11,296,215,72.64,81,27.36
3012,30,12,398,282,70.85,116,29.15
3013,30,13,319,224,70.22,95,29.78
3014,30,14,371,272,73.32,99,26.68
3015,30,15,531,426,80.23,105,19.77
3016,30,16,278,196,70.5,82,29.5
3017,30,17,387,301,77.78,86,22.22
3018,30,18,344,266,77.33,78,22.67
3019,30,19,211,161,76.3,50,23.7
3020,30,20,284,205,72.18,79,27.82
3021,30,21,465,337,72.47,128,27.53
3022,30,22,455,376,82.64,79,17.36
3023,30,23,482,389,80.71,93,19.29
3024,30,24,396,301,76.01,95,23.99
3025,30,25,268,192,71.64,76,28.36
3026,30,26,506,399,78.85,107,21.15
3101,31,1,278,212,76.26,66,23.74
3102,31,2,453,374,82.56,79,17.44
3103,31,3,245,179,73.06,66,26.94
3104,31,4,311,250,80.39,61,19.61
3105,31,5,288,217,75.35,71,24.65
3106,31,6,226,162,71.68,64,28.32
3107,31,7,266,214,80.45,52,19.55
3108,31,8,374,284,75.94,90,24.06
3109,31,9,243,169,69.55,74,30.45
3110,31,10,385,319,82.86,66,17.14
3111,31,11,369,279,75.61,90,24.39
3112,31,12,434,317,73.04,117,26.96
3113,31,13,322,243,75.47,79,24.53
3114,31,14,307,218,71.01,89,28.99
3115,31,15,141,99,70.21,42,29.79
3116,31,16,197,130,65.99,67,34.01
3117,31,17,256,189,73.83,67,26.17
3118,31,18,215,171,79.53,44,20.47
3119,31,19,272,211,77.57,61,22.43
3120,31,20,269,186,69.14,83,30.86
3121,31,21,269,206,76.58,63,23.42
3122,31,22,114,85,74.56,29,25.44
3123,31,23,155,98,63.23,57,36.77
3201,32,1,990,849,85.76,141,14.24
3202,32,2,773,660,85.38,113,14.62
3203,32,3,532,447,84.02,85,15.98
3204,32,4,551,465,84.39,86,15.61
3205,32,5,419,361,86.16,58,13.84
3206,32,6,255,214,83.92,41,16.08
3207,32,7,559,460,82.29,99,17.71
3208,32,8,399,334,83.71,65,16.29
3209,32,9,381,321,84.25,60,15.75
3210,32,10,705,598,84.82,107,15.18
3211,32,11,446,369,82.74,77,17.26
3212,32,12,275,219,79.64,56,20.36
3213,32,13,179,131,73.18,48,26.82
3214,32,14,805,690,85.71,115,14.29
3215,32,15,781,660,84.51,121,15.49
3216,32,16,390,324,83.08,66,16.92
3217,32,17,726,599,82.51,127,17.49
3218,32,18,292,228,78.08,64,21.92
3219,32,19,353,297,84.14,56,15.86
3220,32,20,736,600,81.52,136,18.48
3221,32,21,747,631,84.47,116,15.53
3222,32,22,736,624,84.78,112,15.22
3223,32,23,494,418,84.62,76,15.38
3224,32,24,260,221,85.0,39,15.0
3225,32,25,540,462,85.56,78,14.44
3226,32,26,717,618,86.19,99,13.81
3227,32,27,696,612,87.93,84,12.07
3228,32,28,205,161,78.54,44,21.46
3229,32,29,550,471,85.64,79,14.36
3230,32,30,691,604,87.41,87,12.59
3301,33,1,774,632,81.65,142,18.35
3302,33,2,828,701,84.66,127,15.34
3303,33,3,580,472,81.38,108,18.62
3304,33,4,801,651,81.27,150,18.73
3305,33,5,642,511,79.6,131,20.4
3306,33,6,694,568,81.84,126,18.16
3307,33,7,657,529,80.52,128,19.48
3308,33,8,466,394,84.55,72,15.45
3309,33,9,469,364,77.61,105,22.39
3310,33,10,501,417,83.23,84,16.77
3311,33,11,400,335,83.75,65,16.25
3312,33,12,611,499,81.67,112,18.33
3313,33,13,526,423,80.42,103,19.58
3314,33,14,713,613,85.97,100,14.03
3315,33,15,509,428,84.09,81,15.91
3316,33,16,671,604,90.01,67,9.99
3317,33,17,633,537,84.83,96,15.17
3401,34,1,496,391,78.83,105,21.17
3402,34,2,309,260,84.14,49,15.86
3403,34,3,676,557,82.4,119,17.6
3404,34,4,386,312,80.83,74,19.17
3405,34,5,660,554,83.94,106,16.06
3406,34,6,461,383,83.08,78,16.92
3407,34,7,217,185,85.25,32,14.75
3408,34,8,363,289,79.61,74,20.39
3409,34,9,696,550,79.02,146,20.98
3410,34,10,281,234,83.27,47,16.73
3411,34,11,468,375,80.13,93,19.87
3412,34,12,477,405,84.91,72,15.09
3413,34,13,581,482,82.96,99,17.04
3414,34,14,546,450,82.42,96,17.58
3415,34,15,448,361,80.58,87,19.42
3416,34,16,712,590,82.87,122,17.13
3417,34,17,632,521,82.44,111,17.56
3418,34,18,588,491,83.5,97,16.5
3419,34,19,464,387,83.41,77,16.59
3420,34,20,593,487,82.12,106,17.88
3501,35,1,172,125,72.67,47,27.33
3502,35,2,421,337,80.05,84,19.95
3503,35,3,317,253,79.81,64,20.19
3504,35,4,489,412,84.25,77,15.75
3505,35,5,663,560,84.46,103,15.54
3506,35,6,959,831,86.65,128,13.35
3507,35,7,663,562,84.77,101,15.23
3508,35,8,453,372,82.12,81,17.88
3509,35,9,769,649,84.4,120,15.6
3510,35,10,477,407,85.32,70,14.68
3511,35,11,651,547,84.02,104,15.98
3512,35,12,818,683,83.5,135,16.5
3513,35,13,543,449,82.69,94,17.31
3514,35,14,488,406,83.2,82,16.8
3515,35,15,630,532,84.44,98,15.56
3516,35,16,831,685,82.43,146,17.57
3517,35,17,536,431,80.41,105,19.59
3518,35,18,351,293,83.48,58,16.52
3519,35,19,528,433,82.01,95,17.99
3520,35,20,302,240,79.47,62,20.53
3521,35,21,480,365,76.04,115,23.96
3522,35,22,640,496,77.5,144,22.5
3601,36,1,267,180,67.42,87,32.58
3602,36,2,322,225,69.88,97,30.12
3603,36,3,257,165,64.2,92,35.8
3604,36,4,312,223,71.47,89,28.53
3605,36,5,258,185,71.71,73,28.29
3606,36,6,206,148,71.84,58,28.16
3607,36,7,179,132,73.74,47,26.26
3608,36,8,138,97,70.29,41,29.71
3609,36,9,387,293,75.71,94,24.29
3610,36,10,280,198,70.71,82,29.29
3611,36,11,202,133,65.84,69,34.16
3612,36,12,145,101,69.66,44,30.34
3613,36,13,81,53,65.43,28,34.57
3614,36,14,265,174,65.66,91,34.34
3615,36,15,127,89,70.08,38,29.92
3616,36,16,100,74,74.0,26,26.0
3617,36,17,372,300,80.65,72,19.35
3618,36,18,433,356,82.22,77,17.78
3619,36,19,556,465,83.63,91,16.37
3620,36,20,621,522,84.06,99,15.94
3621,36,21,432,335,77.55,97,22.45
3622,36,22,539,466,86.46,73,13.54
3623,36,23,482,389,80.71,93,19.29
3624,36,24,504,427,84.72,77,15.28
3625,36,25,586,481,82.08,105,17.92
3626,36,26,509,435,85.46,74,14.54
3627,36,27,585,495,84.62,90,15.38
3701,37,1,370,272,73.51,98,26.49
3702,37,2,296,213,71.96,83,28.04
3703,37,3,324,254,78.4,70,21.6
3704,37,4,361,257,71.19,104,28.81
3705,37,5,243,171,70.37,72,29.63
3706,37,6,454,345,75.99,109,24.01
3707,37,7,301,223,74.09,78,25.91
3708,37,8,426,318,74.65,108,25.35
3709,37,9,167,127,76.05,40,23.95
3710,37,10,298,235,78.86,63,21.14
3711,37,11,309,231,74.76,78,25.24
3712,37,12,411,303,73.72,108,26.28
3713,37,13,260,189,72.69,71,27.31
3714,37,14,390,311,79.74,79,20.26
3715,37,15,331,243,73.41,88,26.59
3716,37,16,423,324,76.6,99,23.4
3717,37,17,251,188,74.9,63,25.1
3718,37,18,313,244,77.96,69,22.04
3719,37,19,269,201,74.72,68,25.28
3720,37,20,431,335,77.73,96,22.27
3721,37,21,227,174,76.65,53,23.35
3722,37,22,305,223,73.11,82,26.89
3801,38,1,639,383,59.94,256,40.06
3802,38,2,329,203,61.7,126,38.3
3803,38,3,474,292,61.6,182,38.4
3804,38,4,335,220,65.67,115,34.33
3805,38,5,533,330,61.91,203,38.09
3806,38,6,358,230,64.25,128,35.75
3807,38,7,432,276,63.89,156,36.11
3808,38,8,361,225,62.33,136,37.67
3809,38,9,370,264,71.35,106,28.65
3810,38,10,348,240,68.97,108,31.03
3811,38,11,418,303,72.49,115,27.51
3812,38,12,572,370,64.69,202,35.31
3813,38,13,298,206,69.13,92,30.87
3814,38,14,387,259,66.93,128,33.07
3815,38,15,331,209,63.14,122,36.86
3816,38,16,567,367,64.73,200,35.27
3817,38,17,499,349,69.94,150,30.06
3818,38,18,587,420,71.55,167,28.45
3819,38,19,583,417,71.53,166,28.47
3820,38,20,505,368,72.87,137,27.13
3821,38,21,645,469,72.71,176,27.29
3822,38,22,440,329,74.77,111,25.23
3823,38,23,605,457,75.54,148,24.46
3824,38,24,575,426,74.09,149,25.91
3825,38,25,660,522,79.09,138,20.91
3901,39,1,456,345,75.66,111,24.34
3902,39,2,225,183,81.33,42,18.67
3903,39,3,391,310,79.28,81,20.72
3904,39,4,510,362,70.98,148,29.02
3905,39,5,350,273,78.0,77,22.0
3906,39,6,289,212,73.36,77,26.64
3907,39,7,258,206,79.84,52,20.16
3908,39,8,264,202,76.52,62,23.48
3909,39,9,239,171,71.55,68,28.45
3910,39,10,339,271,79.94,68,20.06
3911,39,11,206,152,73.79,54,26.21
3912,39,12,424,318,75.0,106,25.0
3913,39,13,649,517,79.66,132,20.34
3914,39,14,633,429,67.77,204,32.23
3915,39,15,527,407,77.23,120,22.77
3916,39,16,294,234,79.59,60,20.41
3917,39,17,721,478,66.3,243,33.7
3918,39,18,324,216,66.67,108,33.33
3919,39,19,647,529,81.76,118,18.24
3920,39,20,440,266,60.45,174,39.55
3921,39,21,564,449,79.61,115,20.39
3922,39,22,280,201,71.79,79,28.21
3923,39,23,64,46,71.88,18,28.13
3924,39,24,424,332,78.3,92,21.7
3925,39,25,292,232,79.45,60,20.55
3926,39,26,256,214,83.59,42,16.41
3927,39,27,249,188,75.5,61,24.5
3928,39,28,270,211,78.15,59,21.85
3929,39,29,129,96,74.42,33,25.58
3930,39,30,241,173,71.78,68,28.22
3931,39,31,310,226,72.9,84,27.1
3932,39,32,745,531,71.28,214,28.72
3933,39,33,263,194,73.76,69,26.24
3934,39,34,297,214,72.05,83,27.95
3935,39,35,533,430,80.68,103,19.32
4001,40,1,493,422,85.6,71,14.4
4002,40,2,522,445,85.25,77,14.75
4003,40,3,462,394,85.28,68,14.72
4004,40,4,479,384,80.17,95,19.83
4005,40,5,389,314,80.72,75,19.28
4006,40,6,441,365,82.77,76,17.23
4007,40,7,493,417,84.58,76,15.42
4008,40,8,332,272,81.93,60,18.07
4009,40,9,573,437,76.27,136,23.73
4010,40,10,879,766,87.14,113,12.86
4011,40,11,545,421,77.25,124,22.75
4012,40,12,602,522,86.71,80,13.29
4013,40,13,628,535,85.19,93,14.81
4014,40,14,800,705,88.13,95,11.88
4015,40,15,606,534,88.12,72,11.88
4016,40,16,599,533,88.98,66,11.02
4017,40,17,635,557,87.72,78,12.28
4018,40,18,690,586,84.93,104,15.07
4019,40,19,597,517,86.6,80,13.4
4020,40,20,691,615,89.0,76,11.0
4021,40,21,625,548,87.68,77,12.32
4022,40,22,864,743,86.0,121,14.0
4023,40,23,910,788,86.59,122,13.41
4101,41,1,363,229,63.09,134,36.91
4102,41,2,244,170,69.67,74,30.33
4103,41,3,264,163,61.74,101,38.26
4104,41,4,376,228,60.64,148,39.36
4105,41,5,409,239,58.44,170,41.56
4106,41,6,384,240,62.5,144,37.5
4107,41,7,340,203,59.71,137,40.29
4108,41,8,349,218,62.46,131,37.54
4109,41,9,655,430,65.65,225,34.35
4110,41,10,542,353,65.13,189,34.87
4111,41,11,415,288,69.4,127,30.6
4112,41,12,262,167,63.74,95,36.26
4113,41,13,582,395,67.87,187,32.13
4114,41,14,670,427,63.73,243,36.27
4115,41,15,839,520,61.98,319,38.02
4116,41,16,297,201,67.68,96,32.32
4117,41,17,198,129,65.15,69,34.85
4118,41,18,631,442,70.05,189,29.95
4119,41,19,304,209,68.75,95,31.25
4120,41,20,338,202,59.76,136,40.24
4121,41,21,332,212,63.86,120,36.14
4122,41,22,275,175,63.64,100,36.36
4123,41,23,396,252,63.64,144,36.36
4124,41,24,613,384,62.64,229,37.36
4125,41,25,537,318,59.22,219,40.78
4126,41,26,664,460,69.28,204,30.72
4127,41,27,474,309,65.19,165,34.81
4128,41,28,793,535,67.47,258,32.53
4129,41,29,826,559,67.68,267,32.32
4130,41,30,656,411,62.65,245,37.35
4131,41,31,579,342,59.07,237,40.93
4201,42,1,253,195,77.08,58,22.92
4202,42,2,236,190,80.51,46,19.49
4203,42,3,651,531,81.57,120,18.43
4204,42,4,556,432,77.7,124,22.3
4205,42,5,793,633,79.82,160,20.18
4206,42,6,337,270,80.12,67,19.88
4207,42,7,518,425,82.05,93,17.95
4208,42,8,348,278,79.89,70,20.11
4209,42,9,584,459,78.6,125,21.4
4210,42,10,386,300,77.72,86,22.28
4211,42,11,437,364,83.3,73,16.7
4212,42,12,340,263,77.35,77,22.65
4213,42,13,265,209,78.87,56,21.13
4214,42,14,201,167,83.08,34,16.92
4215,42,15,184,142,77.17,42,22.83
4216,42,16,640,500,78.13,140,21.88
4217,42,17,693,542,78.21,151,21.79
4218,42,18,393,318,80.92,75,19.08
4219,42,19,576,482,83.68,94,16.32
4220,42,20,584,463,79.28,121,20.72
4221,42,21,654,541,82.72,113,17.28
4222,42,22,641,514,80.19,127,19.81
4223,42,23,648,541,83.49,107,16.51
4224,42,24,652,544,83.44,108,16.56
4301,43,1,644,530,82.3,114,17.7
4302,43,2,755,634,83.97,121,16.03
4303,43,3,249,204,81.93,45,18.07
4304,43,4,508,435,85.63,73,14.37
4305,43,5,815,711,87.24,104,12.76
4306,43,6,929,801,86.22,128,13.78
4307,43,7,841,704,83.71,137,16.29
4308,43,8,694,595,85.73,99,14.27
4309,43,9,919,803,87.38,116,12.62
4310,43,10,590,489,82.88,101,17.12
4311,43,11,396,329,83.08,67,16.92
4312,43,12,750,638,85.07,112,14.93
4313,43,13,583,492,84.39,91,15.61
4314,43,14,340,287,84.41,53,15.59
4315,43,15,751,633,84.29,118,15.71
4316,43,16,305,254,83.28,51,16.72
4317,43,17,719,617,85.81,102,14.19
4318,43,18,848,715,84.32,133,15.68
4319,43,19,793,664,83.73,129,16.27
4320,43,20,659,559,84.83,100,15.17
4321,43,21,353,292,82.72,61,17.28
4322,43,22,821,715,87.09,106,12.91
4323,43,23,564,467,82.8,97,17.2
4401,44,1,825,725,87.88,100,12.12
4402,44,2,550,458,83.27,92,16.73
4403,44,3,704,606,86.08,98,13.92
4404,44,4,911,791,86.83,120,13.17
4405,44,5,723,630,87.14,93,12.86
4406,44,6,647,546,84.39,101,15.61
4407,44,7,680,578,85.0,102,15.0
4408,44,8,715,612,85.59,103,14.41
4409,44,9,964,814,84.44,150,15.56
4410,44,10,901,773,85.79,128,14.21
4411,44,11,725,593,81.79,132,18.21
4412,44,12,871,759,87.14,112,12.86
4413,44,13,870,742,85.29,128,14.71
4414,44,14,819,702,85.71,117,14.29
4415,44,15,924,800,86.58,124,13.42
4416,44,16,906,783,86.42,123,13.58
4417,44,17,927,792,85.44,135,14.56
4418,44,18,642,556,86.6,86,13.4
4419,44,19,870,735,84.48,135,15.52
4420,44,20,562,500,88.97,62,11.03
4421,44,21,911,804,88.25,107,11.75
4501,45,1,797,532,66.75,265,33.25
4502,45,2,419,303,72.32,116,27.68
4503,45,3,238,160,67.23,78,32.77
4504,45,4,302,210,69.54,92,30.46
4505,45,5,444,326,73.42,118,26.58
4506,45,6,526,365,69.39,161,30.61
4507,45,7,513,358,69.79,155,30.21
4508,45,8,429,299,69.7,130,30.3
4509,45,9,453,319,70.42,134,29.58
4510,45,10,475,313,65.89,162,34.11
4511,45,11,630,407,64.6,223,35.4
4512,45,12,408,298,73.04,110,26.96
4513,45,13,607,432,71.17,175,28.83
4514,45,14,354,263,74.29,91,25.71
4515,45,15,426,320,75.12,106,24.88
4516,45,16,515,403,78.25,112,21.75
4517,45,17,571,411,71.98,160,28.02
4518,45,18,551,426,77.31,125,22.69
4519,45,19,354,256,72.32,98,27.68
4520,45,20,476,353,74.16,123,25.84
4521,45,21,422,302,71.56,120,28.44
4522,45,22,531,421,79.28,110,20.72
4523,45,23,534,406,76.03,128,23.97
4524,45,24,452,329,72.79,123,27.21
4525,45,25,629,474,75.36,155,24.64
4526,45,26,471,359,76.22,112,23.78
4527,45,27,583,471,80.79,112,19.21
4528,45,28,508,384,75.59,124,24.41
4529,45,29,518,425,82.05,93,17.95
4601,46,1,649,541,83.36,108,16.64
4602,46,2,610,516,84.59,94,15.41
4603,46,3,715,613,85.73,102,14.27
4604,46,4,829,711,85.77,118,14.23
4605,46,5,669,559,83.56,110,16.44
4606,46,6,1004,854,85.06,150,14.94
4607,46,7,622,535,86.01,87,13.99
4608,46,8,787,659,83.74,128,16.26
4609,46,9,766,669,87.34,97,12.66
4610,46,10,706,620,87.82,86,12.18
4611,46,11,813,698,85.85,115,14.15
4612,46,12,975,861,88.31,114,11.69
4613,46,13,873,769,88.09,104,11.91
4614,46,14,484,424,87.6,60,12.4
4615,46,15,934,783,83.83,151,16.17
4616,46,16,678,596,87.91,82,12.09
4617,46,17,882,762,86.39,120,13.61
4618,46,18,814,699,85.87,115,14.13
4619,46,19,641,539,84.09,102,15.91
4620,46,20,587,500,85.18,87,14.82
4621,46,21,446,384,86.1,62,13.9
4622,46,22,554,460,83.03,94,16.97
4623,46,23,482,427,88.59,55,11.41
4701,47,1,648,556,85.8,92,14.2
4702,47,2,616,529,85.88,87,14.12
4703,47,3,614,539,87.79,75,12.21
4704,47,4,792,709,89.52,83,10.48
4705,47,5,907,825,90.96,82,9.04
4706,47,6,771,692,89.75,79,10.25
4707,47,7,1128,1001,88.74,127,11.26
4708,47,8,701,610,87.02,91,12.98
4709,47,9,882,765,86.73,117,13.27
4710,47,10,761,670,88.04,91,11.96
4711,47,11,675,598,88.59,77,11.41
4712,47,12,502,454,90.44,48,9.56
4713,47,13,534,480,89.89,54,10.11
4714,47,14,672,565,84.08,107,15.92
4715,47,15,688,599,87.06,89,12.94
4716,47,16,717,614,85.63,103,14.37
4717,47,17,619,540,87.24,79,12.76
4718,47,18,785,691,88.03,94,11.97
4719,47,19,778,679,87.28,99,12.72
4720,47,20,753,646,85.79,107,14.21
4721,47,21,743,646,86.94,97,13.06
4722,47,22,607,521,85.83,86,14.17
4723,47,23,739,624,84.44,115,15.56
4724,47,24,868,750,86.41,118,13.59
4725,47,25,663,569,85.82,94,14.18
4726,47,26,844,722,85.55,122,14.45
4727,47,27,770,666,86.49,104,13.51
4728,47,28,555,455,81.98,100,18.02
4801,48,1,784,697,88.9,87,11.1
4802,48,2,247,219,88.66,28,11.34
4803,48,3,414,345,83.33,69,16.67
4804,48,4,449,383,85.3,66,14.7
4805,48,5,256,230,89.84,26,10.16
4806,48,6,621,549,88.41,72,11.59
4807,48,7,617,549,88.98,68,11.02
4808,48,8,392,328,83.67,64,16.33
4809,48,9,281,224,79.72,57,20.28
4810,48,10,745,674,90.47,71,9.53
4811,48,11,465,428,92.04,37,7.96
4812,48,12,654,549,83.94,105,16.06
4813,48,13,490,399,81.43,91,18.57
4814,48,14,571,503,88.09,68,11.91
4815,48,15,439,370,84.28,69,15.72
4816,48,16,352,303,86.08,49,13.92
4817,48,17,185,156,84.32,29,15.68
4818,48,18,613,512,83.52,101,16.48
4819,48,19,329,274,83.28,55,16.72
4820,48,20,226,196,86.73,30,13.27
4821,48,21,540,467,86.48,73,13.52
4822,48,22,312,264,84.62,48,15.38
4823,48,23,382,339,88.74,43,11.26
4824,48,24,748,605,80.88,143,19.12
4825,48,25,635,557,87.72,78,12.28
4826,48,26,331,279,84.29,52,15.71
4827,48,27,387,323,83.46,64,16.54
4828,48,28,540,470,87.04,70,12.96
4829,48,29,177,148,83.62,29,16.38
4830,48,30,566,495,87.46,71,12.54
4831,48,31,578,514,88.93,64,11.07
4832,48,32,451,374,82.93,77,17.07
4833,48,33,217,182,83.87,35,16.13
4834,48,34,441,385,87.3,56,12.7
4835,48,35,707,625,88.4,82,11.6
4901,49,1,665,542,81.5,123,18.5
4902,49,2,565,478,84.6,87,15.4
4903,49,3,780,652,83.59,128,16.41
4904,49,4,765,668,87.32,97,12.68
4905,49,5,828,720,86.96,108,13.04
4906,49,6,78,65,83.33,13,16.67
4907,49,7,810,699,86.3,111,13.7
4908,49,8,966,843,87.27,123,12.73
4909,49,9,860,718,83.49,142,16.51
4910,49,10,577,493,85.44,84,14.56
4911,49,11,627,529,84.37,98,15.63
4912,49,12,576,486,84.38,90,15.63
4913,49,13,717,606,84.52,111,15.48
4914,49,14,855,749,87.6,106,12.4
4915,49,15,779,665,85.37,114,14.63
4916,49,16,719,625,86.93,94,13.07
4917,49,17,831,708,85.2,123,14.8
5001,50,1,293,233,79.52,60,20.48
5002,50,2,348,257,73.85,91,26.15
5003,50,3,279,218,78.14,61,21.86
5004,50,4,347,264,76.08,83,23.92
5005,50,5,506,400,79.05,106,20.95
5006,50,6,238,188,78.99,50,21.01
5007,50,7,653,549,84.07,104,15.93
5008,50,8,432,361,83.56,71,16.44
5009,50,9,119,99,83.19,20,16.81
5010,50,10,253,190,75.1,63,24.9
5011,50,11,295,221,74.92,74,25.08
5012,50,12,116,85,73.28,31,26.72
5013,50,13,451,363,80.49,88,19.51
5014,50,14,85,54,63.53,31,36.47
5015,50,15,450,375,83.33,75,16.67
5016,50,16,80,57,71.25,23,28.75
5017,50,17,214,166,77.57,48,22.43
5018,50,18,31,19,61.29,12,38.71
5019,50,19,194,159,81.96,35,18.04
5020,50,20,179,150,83.8,29,16.2
5021,50,21,406,326,80.3,80,19.7
5022,50,22,337,239,70.92,98,29.08
5023,50,23,291,211,72.51,80,27.49
5024,50,24,348,253,72.7,95,27.3
5025,50,25,108,81,75.0,27,25.0
5026,50,26,176,132,75.0,44,25.0
5027,50,27,76,56,73.68,20,26.32
5028,50,28,458,382,83.41,76,16.59
