id,ward,precinct,total,Yes,Yes Percent,No,No Percent
0101,1,1,715,402,56.22,313,43.78
0102,1,2,665,391,58.8,274,41.2
0103,1,3,769,469,60.99,300,39.01
0104,1,4,678,416,61.36,262,38.64
0105,1,5,693,405,58.44,288,41.56
0106,1,6,594,373,62.79,221,37.21
0107,1,7,725,390,53.79,335,46.21
0108,1,8,653,400,61.26,253,38.74
0109,1,9,331,201,60.73,130,39.27
0110,1,10,858,569,66.32,289,33.68
0111,1,11,653,402,61.56,251,38.44
0112,1,12,284,186,65.49,98,34.51
0113,1,13,467,290,62.1,177,37.9
0114,1,14,385,264,68.57,121,31.43
0115,1,15,678,430,63.42,248,36.58
0116,1,16,643,395,61.43,248,38.57
0117,1,17,424,264,62.26,160,37.74
0118,1,18,608,377,62.01,231,37.99
0119,1,19,568,376,66.2,192,33.8
0120,1,20,517,377,72.92,140,27.08
0121,1,21,550,330,60.0,220,40.0
0122,1,22,741,493,66.53,248,33.47
0123,1,23,379,253,66.75,126,33.25
0124,1,24,821,552,67.24,269,32.76
0125,1,25,679,443,65.24,236,34.76
0126,1,26,602,412,68.44,190,31.56
0201,2,1,618,472,76.38,146,23.62
0202,2,2,736,572,77.72,164,22.28
0203,2,3,463,351,75.81,112,24.19
0204,2,4,505,396,78.42,109,21.58
0205,2,5,480,368,76.67,112,23.33
0206,2,6,689,538,78.08,151,21.92
0207,2,7,613,460,75.04,153,24.96
0208,2,8,479,378,78.91,101,21.09
0209,2,9,701,546,77.89,155,22.11
0210,2,10,310,221,71.29,89,28.71
0211,2,11,533,396,74.3,137,25.7
0212,2,12,487,361,74.13,126,25.87
0213,2,13,646,488,75.54,158,24.46
0214,2,14,383,280,73.11,103,26.89
0215,2,15,533,416,78.05,117,21.95
0216,2,16,611,480,78.56,131,21.44
0217,2,17,888,691,77.82,197,22.18
0218,2,18,521,378,72.55,143,27.45
0219,2,19,290,235,81.03,55,18.97
0220,2,20,364,276,75.82,88,24.18
0221,2,21,117,65,55.56,52,44.44
0222,2,22,428,312,72.9,116,27.1
0223,2,23,467,351,75.16,116,24.84
0224,2,24,382,283,74.08,99,25.92
0225,2,25,575,424,73.74,151,26.26
0301,3,1,553,332,60.04,221,39.96
0302,3,2,540,398,73.7,142,26.3
0303,3,3,393,271,68.96,122,31.04
0304,3,4,419,298,71.12,121,28.88
0305,3,5,106,76,71.7,30,28.3
0306,3,6,575,376,65.39,199,34.61
0307,3,7,265,179,67.55,86,32.45
0308,3,8,431,273,63.34,158,36.66
0309,3,9,352,241,68.47,111,31.53
0310,3,10,376,284,75.53,92,24.47
0311,3,11,589,418,70.97,171,29.03
0312,3,12,432,283,65.51,149,34.49
0313,3,13,637,473,74.25,164,25.75
0314,3,14,751,515,68.58,236,31.42
0315,3,15,435,308,70.8,127,29.2
0316,3,16,261,198,75.86,63,24.14
0317,3,17,148,103,69.59,45,30.41
0318,3,18,167,109,65.27,58,34.73
0319,3,19,755,555,73.51,200,26.49
0320,3,20,479,327,68.27,152,31.73
0321,3,21,485,343,70.72,142,29.28
0322,3,22,371,260,70.08,111,29.92
0323,3,23,258,176,68.22,82,31.78
0324,3,24,101,74,73.27,27,26.73
0325,3,25,743,589,79.27,154,20.73
0326,3,26,247,155,62.75,92,37.25
0327,3,27,622,458,73.63,164,26.37
0401,4,1,685,452,65.99,233,34.01
0402,4,2,243,158,65.02,85,34.98
0403,4,3,440,324,73.64,116,26.36
0404,4,4,553,391,70.71,162,29.29
0405,4,5,270,196,72.59,74,27.41
0406,4,6,398,280,70.35,118,29.65
0407,4,7,280,202,72.14,78,27.86
0408,4,8,403,310,76.92,93,23.08
0409,4,9,431,285,66.13,146,33.87
0410,4,10,391,294,75.19,97,24.81
0411,4,11,532,362,68.05,170,31.95
0412,4,12,331,238,71.9,93,28.1
0413,4,13,360,251,69.72,109,30.28
0414,4,14,299,208,69.57,91,30.43
0415,4,15,325,242,74.46,83,25.54
0416,4,16,446,316,70.85,130,29.15
0417,4,17,568,393,69.19,175,30.81
0418,4,18,171,114,66.67,57,33.33
0419,4,19,373,253,67.83,120,32.17
0420,4,20,542,395,72.88,147,27.12
0421,4,21,346,254,73.41,92,26.59
0422,4,22,182,143,78.57,39,21.43
0423,4,23,333,241,72.37,92,27.63
0424,4,24,599,439,73.29,160,26.71
0425,4,25,748,576,77.01,172,22.99
0426,4,26,661,511,77.31,150,22.69
0427,4,27,712,478,67.13,234,32.87
0428,4,28,740,517,69.86,223,30.14
0501,5,1,501,358,71.46,143,28.54
0502,5,2,608,442,72.7,166,27.3
0503,5,3,558,401,71.86,157,28.14
0504,5,4,445,318,71.46,127,28.54
0505,5,5,238,168,70.59,70,29.41
0506,5,6,223,157,70.4,66,29.6
0507,5,7,128,86,67.19,42,32.81
0508,5,8,170,115,67.65,55,32.35
0509,5,9,157,106,67.52,51,32.48
0510,5,10,250,165,66.0,85,34.0
0511,5,11,335,217,64.78,118,35.22
0512,5,12,574,437,76.13,137,23.87
0513,5,13,256,172,67.19,84,32.81
0514,5,14,274,195,71.17,79,28.83
0515,5,15,864,637,73.73,227,26.27
0516,5,16,535,392,73.27,143,26.73
0517,5,17,376,293,77.93,83,22.07
0518,5,18,783,564,72.03,219,27.97
0519,5,19,334,263,78.74,71,21.26
0520,5,20,586,418,71.33,168,28.67
0521,5,21,506,371,73.32,135,26.68
0522,5,22,595,393,66.05,202,33.95
0523,5,23,305,231,75.74,74,24.26
0524,5,24,303,244,80.53,59,19.47
0525,5,25,763,577,75.62,186,24.38
0601,6,1,152,110,72.37,42,27.63
0602,6,2,205,139,67.8,66,32.2
0603,6,3,65,33,50.77,32,49.23
0604,6,4,155,110,70.97,45,29.03
0605,6,5,283,195,68.9,88,31.1
0606,6,6,257,168,65.37,89,34.63
0607,6,7,318,211,66.35,107,33.65
0608,6,8,254,188,74.02,66,25.98
0609,6,9,512,370,72.27,142,27.73
0610,6,10,124,89,71.77,35,28.23
0611,6,11,143,97,67.83,46,32.17
0612,6,12,327,223,68.2,104,31.8
0613,6,13,434,301,69.35,133,30.65
0614,6,14,425,303,71.29,122,28.71
0615,6,15,446,301,67.49,145,32.51
0616,6,16,290,198,68.28,92,31.72
0617,6,17,506,346,68.38,160,31.62
0618,6,18,586,443,75.6,143,24.4
0619,6,19,368,255,69.29,113,30.71
0620,6,20,623,471,75.6,152,24.4
0621,6,21,464,297,64.01,167,35.99
0622,6,22,629,439,69.79,190,30.21
0623,6,23,589,414,70.29,175,29.71
0624,6,24,532,397,74.62,135,25.38
0625,6,25,395,302,76.46,93,23.54
0626,6,26,681,508,74.6,173,25.4
0627,6,27,618,444,71.84,174,28.16
0701,7,1,456,296,64.91,160,35.09
0702,7,2,589,437,74.19,152,25.81
0703,7,3,306,195,63.73,111,36.27
0704,7,4,368,252,68.48,116,31.52
0705,7,5,515,375,72.82,140,27.18
0706,7,6,140,91,65.0,49,35.0
0707,7,7,302,206,68.21,96,31.79
0708,7,8,207,143,69.08,64,30.92
0709,7,9,335,224,66.87,111,33.13
0710,7,10,489,347,70.96,142,29.04
0711,7,11,407,283,69.53,124,30.47
0712,7,12,508,358,70.47,150,29.53
0713,7,13,346,231,66.76,115,33.24
0714,7,14,302,221,73.18,81,26.82
0715,7,15,459,330,71.9,129,28.1
0716,7,16,155,122,78.71,33,21.29
0717,7,17,125,96,76.8,29,23.2
0718,7,18,58,49,84.48,9,15.52
0719,7,19,589,428,72.67,161,27.33
0720,7,20,339,249,73.45,90,26.55
0721,7,21,252,174,69.05,78,30.95
0722,7,22,287,222,77.35,65,22.65
0723,7,23,212,150,70.75,62,29.25
0724,7,24,60,44,73.33,16,26.67
0725,7,25,325,232,71.38,93,28.62
0726,7,26,453,348,76.82,105,23.18
0727,7,27,268,199,74.25,69,25.75
0728,7,28,172,120,69.77,52,30.23
0729,7,29,248,169,68.15,79,31.85
0730,7,30,231,166,71.86,65,28.14
0731,7,31,109,81,74.31,28,25.69
0801,8,1,467,337,72.16,130,27.84
0802,8,2,239,161,67.36,78,32.64
0803,8,3,194,147,75.77,47,24.23
0804,8,4,439,315,71.75,124,28.25
0805,8,5,318,245,77.04,73,22.96
0806,8,6,544,391,71.88,153,28.13
0807,8,7,316,221,69.94,95,30.06
0808,8,8,684,530,77.49,154,22.51
0809,8,9,432,302,69.91,130,30.09
0810,8,10,495,339,68.48,156,31.52
0811,8,11,397,293,73.8,104,26.2
0812,8,12,453,359,79.25,94,20.75
0813,8,13,434,341,78.57,93,21.43
0814,8,14,491,384,78.21,107,21.79
0815,8,15,374,284,75.94,90,24.06
0816,8,16,353,262,74.22,91,25.78
0817,8,17,574,435,75.78,139,24.22
0818,8,18,752,561,74.6,191,25.4
0819,8,19,598,424,70.9,174,29.1
0820,8,20,260,190,73.08,70,26.92
0821,8,21,225,154,68.44,71,31.56
0822,8,22,221,168,76.02,53,23.98
0823,8,23,568,423,74.47,145,25.53
0824,8,24,409,301,73.59,108,26.41
0825,8,25,164,114,69.51,50,30.49
0826,8,26,331,221,66.77,110,33.23
0827,8,27,444,334,75.23,110,24.77
0828,8,28,310,211,68.06,99,31.94
0829,8,29,292,214,73.29,78,26.71
0830,8,30,392,277,70.66,115,29.34
0901,9,1,474,315,66.46,159,33.54
0902,9,2,316,209,66.14,107,33.86
0903,9,3,155,93,60.0,62,40.0
0904,9,4,351,238,67.81,113,32.19
0905,9,5,339,253,74.63,86,25.37
0906,9,6,608,448,73.68,160,26.32
0907,9,7,449,294,65.48,155,34.52
0908,9,8,452,310,68.58,142,31.42
0909,9,9,269,193,71.75,76,28.25
0910,9,10,562,411,73.13,151,26.87
0911,9,11,183,131,71.58,52,28.42
0912,9,12,516,382,74.03,134,25.97
0913,9,13,494,353,71.46,141,28.54
0914,9,14,272,203,74.63,69,25.37
0915,9,15,372,270,72.58,102,27.42
0916,9,16,516,352,68.22,164,31.78
0917,9,17,159,112,70.44,47,29.56
0918,9,18,259,196,75.68,63,24.32
0919,9,19,221,167,75.57,54,24.43
0920,9,20,395,265,67.09,130,32.91
0921,9,21,473,340,71.88,133,28.12
0922,9,22,325,238,73.23,87,26.77
0923,9,23,266,192,72.18,74,27.82
0924,9,24,394,286,72.59,108,27.41
0925,9,25,306,226,73.86,80,26.14
0926,9,26,441,322,73.02,119,26.98
0927,9,27,247,162,65.59,85,34.41
0928,9,28,199,131,65.83,68,34.17
0929,9,29,586,427,72.87,159,27.13
0930,9,30,467,333,71.31,134,28.69
1001,10,1,123,94,76.42,29,23.58
1002,10,2,134,92,68.66,42,31.34
1003,10,3,253,171,67.59,82,32.41
1004,10,4,274,189,68.98,85,31.02
1005,10,5,104,69,66.35,35,33.65
1006,10,6,134,100,74.63,34,25.37
1007,10,7,261,174,66.67,87,33.33
1008,10,8,250,185,74.0,65,26.0
1009,10,9,279,196,70.25,83,29.75
1010,10,10,302,199,65.89,103,34.11
1011,10,11,106,77,72.64,29,27.36
1012,10,12,281,198,70.46,83,29.54
1013,10,13,305,203,66.56,102,33.44
1014,10,14,386,260,67.36,126,32.64
1015,10,15,361,258,71.47,103,28.53
1016,10,16,422,260,61.61,162,38.39
1017,10,17,390,257,65.9,133,34.1
1018,10,18,474,284,59.92,190,40.08
1019,10,19,277,202,72.92,75,27.08
1020,10,20,185,130,70.27,55,29.73
1021,10,21,229,130,56.77,99,43.23
1022,10,22,393,258,65.65,135,34.35
1023,10,23,263,180,68.44,83,31.56
1024,10,24,123,78,63.41,45,36.59
1025,10,25,213,131,61.5,82,38.5
1101,11,1,135,92,68.15,43,31.85
1102,11,2,73,51,69.86,22,30.14
1103,11,3,394,253,64.21,141,35.79
1104,11,4,302,186,61.59,116,38.41
1105,11,5,328,219,66.77,109,33.23
1106,11,6,409,262,64.06,147,35.94
1107,11,7,204,137,67.16,67,32.84
1108,11,8,353,210,59.49,143,40.51
1109,11,9,395,271,68.61,124,31.39
1110,11,10,70,42,60.0,28,40.0
1111,11,11,53,37,69.81,16,30.19
1112,11,12,115,81,70.43,34,29.57
1113,11,13,348,237,68.1,111,31.9
1114,11,14,691,434,62.81,257,37.19
1115,11,15,503,287,57.06,216,42.94
1116,11,16,592,354,59.8,238,40.2
1117,11,17,278,172,61.87,106,38.13
1118,11,18,376,253,67.29,123,32.71
1119,11,19,124,75,60.48,49,39.52
1120,11,20,368,250,67.93,118,32.07
1121,11,21,627,436,69.54,191,30.46
1122,11,22,408,271,66.42,137,33.58
1123,11,23,450,287,63.78,163,36.22
1201,12,1,234,142,60.68,92,39.32
1202,12,2,165,115,69.7,50,30.3
1203,12,3,330,187,56.67,143,43.33
1204,12,4,258,152,58.91,106,41.09
1205,12,5,251,148,58.96,103,41.04
1206,12,6,221,150,67.87,71,32.13
1207,12,7,231,157,67.97,74,32.03
1208,12,8,225,169,75.11,56,24.89
1209,12,9,125,71,56.8,54,43.2
1210,12,10,268,175,65.3,93,34.7
1211,12,11,197,138,70.05,59,29.95
1212,12,12,164,109,66.46,55,33.54
1213,12,13,180,124,68.89,56,31.11
1214,12,14,108,82,75.93,26,24.07
1215,12,15,238,150,63.03,88,36.97
1216,12,16,269,174,64.68,95,35.32
1217,12,17,211,146,69.19,65,30.81
1218,12,18,238,170,71.43,68,28.57
1219,12,19,147,84,57.14,63,42.86
1220,12,20,196,125,63.78,71,36.22
1221,12,21,199,124,62.31,75,37.69
1222,12,22,192,132,68.75,60,31.25
1301,13,1,217,164,75.58,53,24.42
1302,13,2,274,198,72.26,76,27.74
1303,13,3,374,205,54.81,169,45.19
1304,13,4,299,214,71.57,85,28.43
1305,13,5,261,165,63.22,96,36.78
1306,13,6,277,170,61.37,107,38.63
1307,13,7,208,130,62.5,78,37.5
1308,13,8,333,230,69.07,103,30.93
1309,13,9,388,255,65.72,133,34.28
1310,13,10,374,235,62.83,139,37.17
1311,13,11,210,134,63.81,76,36.19
1312,13,12,200,135,67.5,65,32.5
1313,13,13,262,154,58.78,108,41.22
1314,13,14,241,152,63.07,89,36.93
1315,13,15,193,115,59.59,78,40.41
1316,13,16,310,202,65.16,108,34.84
1317,13,17,328,221,67.38,107,32.62
1318,13,18,227,162,71.37,65,28.63
1319,13,19,216,114,52.78,102,47.22
1320,13,20,312,192,61.54,120,38.46
1321,13,21,267,175,65.54,92,34.46
1322,13,22,331,241,72.81,90,27.19
1323,13,23,342,190,55.56,152,44.44
1324,13,24,266,176,66.17,90,33.83
1325,13,25,251,167,66.53,84,33.47
1326,13,26,203,132,65.02,71,34.98
1327,13,27,175,126,72.0,49,28.0
1328,13,28,215,145,67.44,70,32.56
1329,13,29,209,148,70.81,61,29.19
1330,13,30,314,178,56.69,136,43.31
1331,13,31,224,131,58.48,93,41.52
1332,13,32,224,136,60.71,88,39.29
1333,13,33,277,170,61.37,107,38.63
1334,13,34,341,212,62.17,129,37.83
1335,13,35,407,255,62.65,152,37.35
1336,13,36,164,126,76.83,38,23.17
1337,13,37,337,201,59.64,136,40.36
1338,13,38,187,120,64.17,67,35.83
1339,13,39,336,217,64.58,119,35.42
1340,13,40,275,166,60.36,109,39.64
1401,14,1,357,247,69.19,110,30.81
1402,14,2,255,165,64.71,90,35.29
1403,14,3,169,112,66.27,57,33.73
1404,14,4,81,61,75.31,20,24.69
1405,14,5,289,202,69.9,87,30.1
1406,14,6,370,248,67.03,122,32.97
1407,14,7,336,224,66.67,112,33.33
1408,14,8,345,238,68.99,107,31.01
1409,14,9,360,235,65.28,125,34.72
1410,14,10,318,221,69.5,97,30.5
1411,14,11,361,247,68.42,114,31.58
1412,14,12,243,162,66.67,81,33.33
1413,14,13,401,279,69.58,122,30.42
1414,14,14,205,133,64.88,72,35.12
1415,14,15,205,138,67.32,67,32.68
1501,15,1,236,154,65.25,82,34.75
1502,15,2,335,217,64.78,118,35.22
1503,15,3,123,81,65.85,42,34.15
1504,15,4,148,97,65.54,51,34.46
1505,15,5,100,69,69.0,31,31.0
1506,15,6,220,147,66.82,73,33.18
1507,15,7,172,104,60.47,68,39.53
1508,15,8,194,130,67.01,64,32.99
1509,15,9,226,136,60.18,90,39.82
1510,15,10,170,122,71.76,48,28.24
1511,15,11,172,114,66.28,58,33.72
1512,15,12,231,163,70.56,68,29.44
1513,15,13,182,121,66.48,61,33.52
1514,15,14,186,112,60.22,74,39.78
1515,15,15,183,122,66.67,61,33.33
1516,15,16,297,196,65.99,101,34.01
1517,15,17,317,215,67.82,102,32.18
1518,15,18,220,154,70.0,66,30.0
1519,15,19,134,86,64.18,48,35.82
1520,15,20,208,136,65.38,72,34.62
1601,16,1,276,181,65.58,95,34.42
1602,16,2,187,116,62.03,71,37.97
1603,16,3,231,167,72.29,64,27.71
1604,16,4,145,99,68.28,46,31.72
1605,16,5,324,211,65.12,113,34.88
1606,16,6,293,202,68.94,91,31.06
1607,16,7,179,131,73.18,48,26.82
1608,16,8,136,92,67.65,44,32.35
1609,16,9,296,205,69.26,91,30.74
1610,16,10,217,149,68.66,68,31.34
1611,16,11,199,140,70.35,59,29.65
1612,16,12,79,57,72.15,22,27.85
1613,16,13,107,80,74.77,27,25.23
1614,16,14,311,217,69.77,94,30.23
1615,16,15,258,172,66.67,86,33.33
1616,16,16,186,122,65.59,64,34.41
1617,16,17,359,251,69.92,108,30.08
1618,16,18,327,194,59.33,133,40.67
1619,16,19,258,168,65.12,90,34.88
1620,16,20,244,177,72.54,67,27.46
1621,16,21,164,103,62.8,61,37.2
1622,16,22,261,173,66.28,88,33.72
1623,16,23,189,114,60.32,75,39.68
1624,16,24,207,143,69.08,64,30.92
1625,16,25,100,68,68.0,32,32.0
1701,17,1,352,232,65.91,120,34.09
1702,17,2,214,141,65.89,73,34.11
1703,17,3,257,182,70.82,75,29.18
1704,17,4,252,171,67.86,81,32.14
1705,17,5,168,107,63.69,61,36.31
1706,17,6,245,168,68.57,77,31.43
1707,17,7,139,93,66.91,46,33.09
1708,17,8,192,143,74.48,49,25.52
1709,17,9,187,124,66.31,63,33.69
1710,17,10,376,235,62.5,141,37.5
1711,17,11,221,149,67.42,72,32.58
1712,17,12,146,102,69.86,44,30.14
1713,17,13,159,116,72.96,43,27.04
1714,17,14,171,113,66.08,58,33.92
1715,17,15,479,345,72.03,134,27.97
1716,17,16,214,147,68.69,67,31.31
1717,17,17,187,139,74.33,48,25.67
1718,17,18,552,389,70.47,163,29.53
1719,17,19,369,265,71.82,104,28.18
1720,17,20,362,255,70.44,107,29.56
1721,17,21,386,277,71.76,109,28.24
1722,17,22,412,258,62.62,154,37.38
1723,17,23,258,185,71.71,73,28.29
1724,17,24,447,309,69.13,138,30.87
1725,17,25,191,131,68.59,60,31.41
1726,17,26,376,281,74.73,95,25.27
1727,17,27,448,318,70.98,130,29.02
1728,17,28,514,355,69.07,159,30.93
1729,17,29,466,327,70.17,139,29.83
1801,18,1,552,399,72.28,153,27.72
1802,18,2,603,428,70.98,175,29.02
1803,18,3,264,189,71.59,75,28.41
1804,18,4,427,324,75.88,103,24.12
1805,18,5,358,269,75.14,89,24.86
1806,18,6,545,420,77.06,125,22.94
1807,18,7,491,360,73.32,131,26.68
1808,18,8,742,520,70.08,222,29.92
1809,18,9,585,412,70.43,173,29.57
1810,18,10,665,478,71.88,187,28.12
1811,18,11,366,264,72.13,102,27.87
1812,18,12,600,441,73.5,159,26.5
1813,18,13,480,353,73.54,127,26.46
1814,18,14,373,263,70.51,110,29.49
1815,18,15,280,207,73.93,73,26.07
1816,18,16,431,312,72.39,119,27.61
1817,18,17,321,214,66.67,107,33.33
1818,18,18,397,246,61.96,151,38.04
1819,18,19,359,263,73.26,96,26.74
1820,18,20,323,236,73.07,87,26.93
1821,18,21,447,323,72.26,124,27.74
1822,18,22,427,283,66.28,144,33.72
1823,18,23,497,315,63.38,182,36.62
1824,18,24,550,363,66.0,187,34.0
1825,18,25,298,201,67.45,97,32.55
1826,18,26,508,339,66.73,169,33.27
1901,19,1,670,379,56.57,291,43.43
1902,19,2,640,464,72.5,176,27.5
1903,19,3,460,204,44.35,256,55.65
1904,19,4,459,224,48.8,235,51.2
1905,19,5,517,391,75.63,126,24.37
1906,19,6,489,241,49.28,248,50.72
1907,19,7,648,354,54.63,294,45.37
1908,19,8,491,360,73.32,131,26.68
1909,19,9,435,309,71.03,126,28.97
1910,19,10,482,362,75.1,120,24.9
1911,19,11,421,202,47.98,219,52.02
1912,19,12,642,320,49.84,322,50.16
1913,19,13,434,302,69.59,132,30.41
1914,19,14,574,400,69.69,174,30.31
1915,19,15,381,171,44.88,210,55.12
1916,19,16,467,218,46.68,249,53.32
1917,19,17,431,256,59.4,175,40.6
1918,19,18,431,189,43.85,242,56.15
1919,19,19,516,376,72.87,140,27.13
1920,19,20,410,302,73.66,108,26.34
1921,19,21,657,331,50.38,326,49.62
1922,19,22,441,294,66.67,147,33.33
1923,19,23,456,256,56.14,200,43.86
1924,19,24,466,211,45.28,255,54.72
1925,19,25,448,343,76.56,105,23.44
1926,19,26,404,275,68.07,129,31.93
1927,19,27,675,471,69.78,204,30.22
1928,19,28,822,573,69.71,249,30.29
1929,19,29,568,298,52.46,270,47.54
1930,19,30,469,201,42.86,268,57.14
1931,19,31,710,480,67.61,230,32.39
1932,19,32,441,318,72.11,123,27.89
1933,19,33,333,151,45.35,182,54.65
1934,19,34,735,436,59.32,299,40.68
1935,19,35,512,362,70.7,150,29.3
1936,19,36,411,301,73.24,110,26.76
2001,20,1,208,136,65.38,72,34.62
2002,20,2,125,87,69.6,38,30.4
2003,20,3,138,97,70.29,41,29.71
2004,20,4,107,78,72.9,29,27.1
2005,20,5,196,128,65.31,68,34.69
2006,20,6,127,89,70.08,38,29.92
2007,20,7,155,113,72.9,42,27.1
2008,20,8,195,131,67.18,64,32.82
2009,20,9,376,261,69.41,115,30.59
2010,20,10,414,274,66.18,140,33.82
2011,20,11,337,226,67.06,111,32.94
2012,20,12,72,41,56.94,31,43.06
2013,20,13,590,412,69.83,178,30.17
2014,20,14,373,266,71.31,107,28.69
2015,20,15,333,227,68.17,106,31.83
2016,20,16,361,259,71.75,102,28.25
2017,20,17,452,294,65.04,158,34.96
2018,20,18,536,356,66.42,180,33.58
2019,20,19,318,214,67.3,104,32.7
2020,20,20,344,246,71.51,98,28.49
2021,20,21,496,299,60.28,197,39.72
2022,20,22,444,304,68.47,140,31.53
2023,20,23,150,103,68.67,47,31.33
2101,21,1,547,394,72.03,153,27.97
2102,21,2,166,133,80.12,33,19.88
2103,21,3,585,423,72.31,162,27.69
2104,21,4,479,355,74.11,124,25.89
2105,21,5,498,349,70.08,149,29.92
2106,21,6,420,300,71.43,120,28.57
2107,21,7,610,433,70.98,177,29.02
2108,21,8,447,314,70.25,133,29.75
2109,21,9,165,113,68.48,52,31.52
2110,21,10,571,409,71.63,162,28.37
2111,21,11,561,413,73.62,148,26.38
2112,21,12,247,173,70.04,74,29.96
2113,21,13,414,289,69.81,125,30.19
2114,21,14,618,452,73.14,166,26.86
2115,21,15,612,436,71.24,176,28.76
2116,21,16,529,377,71.27,152,28.73
2117,21,17,383,292,76.24,91,23.76
2118,21,18,579,430,74.27,149,25.73
2119,21,19,466,320,68.67,146,31.33
2120,21,20,319,216,67.71,103,32.29
2121,21,21,577,381,66.03,196,33.97
2122,21,22,606,415,68.48,191,31.52
2123,21,23,433,289,66.74,144,33.26
2124,21,24,434,306,70.51,128,29.49
2125,21,25,346,248,71.68,98,28.32
2126,21,26,386,271,70.21,115,29.79
2127,21,27,557,399,71.63,158,28.37
2128,21,28,497,334,67.2,163,32.8
2129,21,29,519,361,69.56,158,30.44
2201,22,1,169,121,71.6,48,28.4
2202,22,2,107,70,65.42,37,34.58
2203,22,3,216,156,72.22,60,27.78
2204,22,4,118,81,68.64,37,31.36
2205,22,5,350,224,64.0,126,36.0
2206,22,6,183,127,69.4,56,30.6
2207,22,7,195,118,60.51,77,39.49
2208,22,8,211,140,66.35,71,33.65
2209,22,9,178,126,70.79,52,29.21
2210,22,10,241,169,70.12,72,29.88
2211,22,11,299,212,70.9,87,29.1
2212,22,12,185,132,71.35,53,28.65
2213,22,13,248,171,68.95,77,31.05
2214,22,14,191,132,69.11,59,30.89
2215,22,15,127,74,58.27,53,41.73
2216,22,16,274,183,66.79,91,33.21
2217,22,17,123,83,67.48,40,32.52
2218,22,18,229,173,75.55,56,24.45
2219,22,19,402,264,65.67,138,34.33
2301,23,1,227,132,58.15,95,41.85
2302,23,2,392,221,56.38,171,43.62
2303,23,3,256,145,56.64,111,43.36
2304,23,4,207,106,51.21,101,48.79
2305,23,5,344,196,56.98,148,43.02
2306,23,6,192,87,45.31,105,54.69
2307,23,7,253,146,57.71,107,42.29
2308,23,8,248,149,60.08,99,39.92
2309,23,9,401,261,65.09,140,34.91
2310,23,10,436,271,62.16,165,37.84
2311,23,11,180,121,67.22,59,32.78
2312,23,12,255,167,65.49,88,34.51
2313,23,13,415,290,69.88,125,30.12
2314,23,14,299,211,70.57,88,29.43
2315,23,15,348,249,71.55,99,28.45
2316,23,16,178,115,64.61,63,35.39
2317,23,17,238,173,72.69,65,27.31
2318,23,18,212,154,72.64,58,27.36
2319,23,19,180,131,72.78,49,27.22
2320,23,20,176,127,72.16,49,27.84
2321,23,21,152,113,74.34,39,25.66
2322,23,22,168,116,69.05,52,30.95
2323,23,23,162,113,69.75,49,30.25
2324,23,24,151,105,69.54,46,30.46
2325,23,25,133,109,81.95,24,18.05
2326,23,26,116,86,74.14,30,25.86
2327,23,27,138,95,68.84,43,31.16
2328,23,28,203,140,68.97,63,31.03
2329,23,29,283,196,69.26,87,30.74
2330,23,30,168,114,67.86,54,32.14
2331,23,31,195,139,71.28,56,28.72
2332,23,32,162,123,75.93,39,24.07
2333,23,33,390,271,69.49,119,30.51
2401,24,1,137,104,75.91,33,24.09
2402,24,2,148,107,72.3,41,27.7
2403,24,3,325,223,68.62,102,31.38
2404,24,4,251,163,64.94,88,35.06
2405,24,5,433,304,70.21,129,29.79
2406,24,6,286,188,65.73,98,34.27
2407,24,7,142,105,73.94,37,26.06
2408,24,8,190,127,66.84,63,33.16
2409,24,9,356,238,66.85,118,33.15
2410,24,10,270,201,74.44,69,25.56
2411,24,11,316,228,72.15,88,27.85
2412,24,12,371,246,66.31,125,33.69
2413,24,13,340,241,70.88,99,29.12
2414,24,14,246,177,71.95,69,28.05
2415,24,15,305,205,67.21,100,32.79
2416,24,16,408,236,57.84,172,42.16
2417,24,17,243,156,64.2,87,35.8
2418,24,18,403,236,58.56,167,41.44
2419,24,19,926,457,49.35,469,50.65
2501,25,1,278,185,66.55,93,33.45
2502,25,2,201,127,63.18,74,36.82
2503,25,3,290,169,58.28,121,41.72
2504,25,4,340,198,58.24,142,41.76
2505,25,5,415,255,61.45,160,38.55
2506,25,6,445,243,54.61,202,45.39
2507,25,7,438,233,53.2,205,46.8
2508,25,8,418,237,56.7,181,43.3
2509,25,9,439,245,55.81,194,44.19
2510,25,10,494,267,54.05,227,45.95
2511,25,11,447,271,60.63,176,39.37
2512,25,12,398,231,58.04,167,41.96
2513,25,13,584,390,66.78,194,33.22
2514,25,14,567,302,53.26,265,46.74
2515,25,15,452,324,71.68,128,28.32
2516,25,16,572,314,54.9,258,45.1
2517,25,17,244,159,65.16,85,34.84
2601,26,1,175,112,64.0,63,36.0
2602,26,2,237,136,57.38,101,42.62
2603,26,3,415,230,55.42,185,44.58
2604,26,4,236,153,64.83,83,35.17
2605,26,5,317,169,53.31,148,46.69
2606,26,6,198,112,56.57,86,43.43
2607,26,7,307,159,51.79,148,48.21
2608,26,8,221,131,59.28,90,40.72
2609,26,9,213,129,60.56,84,39.44
2610,26,10,244,135,55.33,109,44.67
2611,26,11,225,119,52.89,106,47.11
2612,26,12,93,51,54.84,42,45.16
2613,26,13,198,111,56.06,87,43.94
2614,26,14,134,90,67.16,44,32.84
2615,26,15,168,93,55.36,75,44.64
2616,26,16,384,191,49.74,193,50.26
2617,26,17,344,172,50.0,172,50.0
2618,26,18,168,109,64.88,59,35.12
2619,26,19,390,209,53.59,181,46.41
2620,26,20,425,230,54.12,195,45.88
2621,26,21,175,118,67.43,57,32.57
2622,26,22,140,78,55.71,62,44.29
2623,26,23,330,186,56.36,144,43.64
2624,26,24,154,87,56.49,67,43.51
2625,26,25,355,198,55.77,157,44.23
2626,26,26,393,207,52.67,186,47.33
2627,26,27,439,229,52.16,210,47.84
2628,26,28,390,215,55.13,175,44.87
2629,26,29,380,207,54.47,173,45.53
2630,26,30,223,113,50.67,110,49.33
2631,26,31,226,147,65.04,79,34.96
2632,26,32,329,206,62.61,123,37.39
2701,27,1,434,283,65.21,151,34.79
2702,27,2,562,410,72.95,152,27.05
2703,27,3,236,154,65.25,82,34.75
2704,27,4,392,259,66.07,133,33.93
2705,27,5,242,155,64.05,87,35.95
2706,27,6,484,348,71.9,136,28.1
2707,27,7,661,454,68.68,207,31.32
2708,27,8,156,109,69.87,47,30.13
2709,27,9,441,314,71.2,127,28.8
2710,27,10,254,174,68.5,80,31.5
2711,27,11,475,330,69.47,145,30.53
2712,27,12,351,254,72.36,97,27.64
2713,27,13,387,253,65.37,134,34.63
2714,27,14,296,200,67.57,96,32.43
2715,27,15,390,273,70.0,117,30.0
2716,27,16,548,398,72.63,150,27.37
2717,27,17,207,136,65.7,71,34.3
2718,27,18,478,330,69.04,148,30.96
2719,27,19,146,102,69.86,44,30.14
2720,27,20,259,181,69.88,78,30.12
2721,27,21,200,155,77.5,45,22.5
2722,27,22,277,181,65.34,96,34.66
2723,27,23,243,171,70.37,72,29.63
2724,27,24,146,108,73.97,38,26.03
2725,27,25,368,245,66.58,123,33.42
2726,27,26,401,264,65.84,137,34.16
2727,27,27,288,187,64.93,101,35.07
2728,27,28,329,250,75.99,79,24.01
2729,27,29,671,462,68.85,209,31.15
2801,28,1,215,146,67.91,69,32.09
2802,28,2,217,168,77.42,49,22.58
2803,28,3,69,43,62.32,26,37.68
2804,28,4,191,136,71.2,55,28.8
2805,28,5,166,118,71.08,48,28.92
2806,28,6,309,193,62.46,116,37.54
2807,28,7,147,79,53.74,68,46.26
2808,28,8,272,190,69.85,82,30.15
2809,28,9,144,96,66.67,48,33.33
2810,28,10,106,72,67.92,34,32.08
2811,28,11,443,279,62.98,164,37.02
2812,28,12,583,389,66.72,194,33.28
2813,28,13,450,356,79.11,94,20.89
2814,28,14,349,228,65.33,121,34.67
2815,28,15,201,140,69.65,61,30.35
2816,28,16,445,287,64.49,158,35.51
2817,28,17,234,153,65.38,81,34.62
2818,28,18,283,207,73.14,76,26.86
2819,28,19,275,198,72.0,77,28.0
2820,28,20,226,136,60.18,90,39.82
2821,28,21,230,156,67.83,74,32.17
2822,28,22,191,138,72.25,53,27.75
2823,28,23,281,203,72.24,78,27.76
2824,28,24,229,170,74.24,59,25.76
2825,28,25,386,272,70.47,114,29.53
2826,28,26,141,100,70.92,41,29.08
2901,29,1,488,330,67.62,158,32.38
2902,29,2,378,256,67.72,122,32.28
2903,29,3,314,215,68.47,99,31.53
2904,29,4,353,223,63.17,130,36.83
2905,29,5,355,234,65.92,121,34.08
2906,29,6,279,191,68.46,88,31.54
2907,29,7,565,389,68.85,176,31.15
2908,29,8,715,532,74.41,183,25.59
2909,29,9,303,223,73.6,80,26.4
2910,29,10,439,323,73.58,116,26.42
2911,29,11,376,256,68.09,120,31.91
2912,29,12,477,338,70.86,139,29.14
2913,29,13,467,330,70.66,137,29.34
2914,29,14,374,254,67.91,120,32.09
2915,29,15,372,243,65.32,129,34.68
2916,29,16,439,305,69.48,134,30.52
2917,29,17,272,189,69.49,83,30.51
2918,29,18,401,281,70.07,120,29.93
2919,29,19,459,315,68.63,144,31.37
2920,29,20,267,181,67.79,86,32.21
2921,29,21,304,198,65.13,106,34.87
2922,29,22,417,289,69.3,128,30.7
2923,29,23,408,288,70.59,120,29.41
2924,29,24,331,237,71.6,94,28.4
3001,30,1,440,296,67.27,144,32.73
3002,30,2,312,219,70.19,93,29.81
3003,30,3,406,261,64.29,145,35.71
3004,30,4,322,207,64.29,115,35.71
3005,30,5,338,220,65.09,118,34.91
3006,30,6,401,276,68.83,125,31.17
3007,30,7,278,187,67.27,91,32.73
3008,30,8,486,277,57.0,209,43.0
3009,30,9,422,300,71.09,122,28.91
3010,30,10,325,210,64.62,115,35.38
3011,30,11,295,196,66.44,99,33.56
3012,30,12,397,272,68.51,125,31.49
3013,30,13,317,202,63.72,115,36.28
3014,30,14,361,229,63.43,132,36.57
3015,30,15,533,349,65.48,184,34.52
3016,30,16,274,200,72.99,74,27.01
3017,30,17,379,248,65.44,131,34.56
3018,30,18,349,213,61.03,136,38.97
3019,30,19,207,132,63.77,75,36.23
3020,30,20,278,167,60.07,111,39.93
3021,30,21,468,317,67.74,151,32.26
3022,30,22,449,294,65.48,155,34.52
3023,30,23,476,322,67.65,154,32.35
3024,30,24,397,263,66.25,134,33.75
3025,30,25,259,171,66.02,88,33.98
3026,30,26,504,287,56.94,217,43.06
3101,31,1,272,181,66.54,91,33.46
3102,31,2,452,247,54.65,205,45.35
3103,31,3,241,165,68.46,76,31.54
3104,31,4,311,177,56.91,134,43.09
3105,31,5,272,161,59.19,111,40.81
3106,31,6,223,144,64.57,79,35.43
3107,31,7,255,174,68.24,81,31.76
3108,31,8,361,236,65.37,125,34.63
3109,31,9,239,148,61.92,91,38.08
3110,31,10,382,243,63.61,139,36.39
3111,31,11,361,250,69.25,111,30.75
3112,31,12,435,287,65.98,148,34.02
3113,31,13,317,207,65.3,110,34.7
3114,31,14,303,206,67.99,97,32.01
3115,31,15,141,100,70.92,41,29.08
3116,31,16,198,124,62.63,74,37.37
3117,31,17,255,165,64.71,90,35.29
3118,31,18,209,145,69.38,64,30.62
3119,31,19,274,197,71.9,77,28.1
3120,31,20,265,172,64.91,93,35.09
3121,31,21,264,194,73.48,70,26.52
3122,31,22,115,66,57.39,49,42.61
3123,31,23,151,89,58.94,62,41.06
3201,32,1,968,685,70.76,283,29.24
3202,32,2,765,539,70.46,226,29.54
3203,32,3,521,370,71.02,151,28.98
3204,32,4,540,398,73.7,142,26.3
3205,32,5,406,295,72.66,111,27.34
3206,32,6,254,181,71.26,73,28.74
3207,32,7,535,391,73.08,144,26.92
3208,32,8,385,280,72.73,105,27.27
3209,32,9,374,269,71.93,105,28.07
3210,32,10,692,483,69.8,209,30.2
3211,32,11,437,314,71.85,123,28.15
3212,32,12,263,191,72.62,72,27.38
3213,32,13,175,122,69.71,53,30.29
3214,32,14,785,571,72.74,214,27.26
3215,32,15,768,578,75.26,190,24.74
3216,32,16,389,294,75.58,95,24.42
3217,32,17,711,525,73.84,186,26.16
3218,32,18,282,177,62.77,105,37.23
3219,32,19,342,230,67.25,112,32.75
3220,32,20,716,513,71.65,203,28.35
3221,32,21,739,494,66.85,245,33.15
3222,32,22,729,475,65.16,254,34.84
3223,32,23,483,317,65.63,166,34.37
3224,32,24,255,177,69.41,78,30.59
3225,32,25,526,372,70.72,154,29.28
3226,32,26,692,493,71.24,199,28.76
3227,32,27,695,515,74.1,180,25.9
3228,32,28,202,135,66.83,67,33.17
3229,32,29,542,392,72.32,150,27.68
3230,32,30,681,468,68.72,213,31.28
3301,33,1,756,496,65.61,260,34.39
3302,33,2,815,519,63.68,296,36.32
3303,33,3,570,386,67.72,184,32.28
3304,33,4,781,497,63.64,284,36.36
3305,33,5,633,407,64.3,226,35.7
3306,33,6,684,420,61.4,264,38.6
3307,33,7,654,428,65.44,226,34.56
3308,33,8,467,305,65.31,162,34.69
3309,33,9,457,290,63.46,167,36.54
3310,33,10,483,297,61.49,186,38.51
3311,33,11,396,254,64.14,142,35.86
3312,33,12,609,368,60.43,241,39.57
3313,33,13,518,317,61.2,201,38.8
3314,33,14,705,420,59.57,285,40.43
3315,33,15,502,278,55.38,224,44.62
3316,33,16,671,469,69.9,202,30.1
3317,33,17,610,371,60.82,239,39.18
3401,34,1,491,344,70.06,147,29.94
3402,34,2,309,212,68.61,97,31.39
3403,34,3,673,491,72.96,182,27.04
3404,34,4,382,288,75.39,94,24.61
3405,34,5,651,478,73.43,173,26.57
3406,34,6,445,348,78.2,97,21.8
3407,34,7,213,163,76.53,50,23.47
3408,34,8,353,260,73.65,93,26.35
3409,34,9,671,492,73.32,179,26.68
3410,34,10,274,205,74.82,69,25.18
3411,34,11,464,343,73.92,121,26.08
3412,34,12,469,354,75.48,115,24.52
3413,34,13,572,431,75.35,141,24.65
3414,34,14,555,415,74.77,140,25.23
3415,34,15,441,326,73.92,115,26.08
3416,34,16,703,501,71.27,202,28.73
3417,34,17,629,448,71.22,181,28.78
3418,34,18,581,423,72.81,158,27.19
3419,34,19,458,356,77.73,102,22.27
3420,34,20,588,469,79.76,119,20.24
3501,35,1,167,101,60.48,66,39.52
3502,35,2,404,267,66.09,137,33.91
3503,35,3,311,176,56.59,135,43.41
3504,35,4,476,271,56.93,205,43.07
3505,35,5,658,346,52.58,312,47.42
3506,35,6,949,472,49.74,477,50.26
3507,35,7,654,363,55.5,291,44.5
3508,35,8,450,245,54.44,205,45.56
3509,35,9,755,392,51.92,363,48.08
3510,35,10,466,243,52.15,223,47.85
3511,35,11,639,369,57.75,270,42.25
3512,35,12,809,417,51.55,392,48.45
3513,35,13,542,287,52.95,255,47.05
3514,35,14,486,267,54.94,219,45.06
3515,35,15,613,338,55.14,275,44.86
3516,35,16,829,462,55.73,367,44.27
3517,35,17,525,333,63.43,192,36.57
3518,35,18,353,205,58.07,148,41.93
3519,35,19,522,320,61.3,202,38.7
3520,35,20,296,194,65.54,102,34.46
3521,35,21,474,313,66.03,161,33.97
3522,35,22,621,430,69.24,191,30.76
3601,36,1,266,159,59.77,107,40.23
3602,36,2,327,225,68.81,102,31.19
3603,36,3,251,155,61.75,96,38.25
3604,36,4,316,219,69.3,97,30.7
3605,36,5,250,174,69.6,76,30.4
3606,36,6,203,131,64.53,72,35.47
3607,36,7,174,120,68.97,54,31.03
3608,36,8,129,86,66.67,43,33.33
3609,36,9,381,258,67.72,123,32.28
3610,36,10,281,179,63.7,102,36.3
3611,36,11,199,136,68.34,63,31.66
3612,36,12,142,86,60.56,56,39.44
3613,36,13,76,41,53.95,35,46.05
3614,36,14,255,143,56.08,112,43.92
3615,36,15,125,76,60.8,49,39.2
3616,36,16,95,65,68.42,30,31.58
3617,36,17,372,192,51.61,180,48.39
3618,36,18,428,217,50.7,211,49.3
3619,36,19,544,307,56.43,237,43.57
3620,36,20,621,336,54.11,285,45.89
3621,36,21,417,265,63.55,152,36.45
3622,36,22,528,299,56.63,229,43.37
3623,36,23,467,290,62.1,177,37.9
3624,36,24,493,320,64.91,173,35.09
3625,36,25,568,364,64.08,204,35.92
3626,36,26,502,321,63.94,181,36.06
3627,36,27,573,378,65.97,195,34.03
3701,37,1,357,241,67.51,116,32.49
3702,37,2,288,194,67.36,94,32.64
3703,37,3,318,229,72.01,89,27.99
3704,37,4,348,231,66.38,117,33.62
3705,37,5,240,156,65.0,84,35.0
3706,37,6,441,303,68.71,138,31.29
3707,37,7,292,201,68.84,91,31.16
3708,37,8,421,284,67.46,137,32.54
3709,37,9,166,113,68.07,53,31.93
3710,37,10,294,209,71.09,85,28.91
3711,37,11,297,195,65.66,102,34.34
3712,37,12,406,276,67.98,130,32.02
3713,37,13,252,171,67.86,81,32.14
3714,37,14,388,288,74.23,100,25.77
3715,37,15,316,218,68.99,98,31.01
3716,37,16,422,286,67.77,136,32.23
3717,37,17,244,169,69.26,75,30.74
3718,37,18,303,203,67.0,100,33.0
3719,37,19,256,171,66.8,85,33.2
3720,37,20,415,298,71.81,117,28.19
3721,37,21,220,162,73.64,58,26.36
3722,37,22,305,220,72.13,85,27.87
3801,38,1,642,376,58.57,266,41.43
3802,38,2,322,196,60.87,126,39.13
3803,38,3,460,272,59.13,188,40.87
3804,38,4,337,225,66.77,112,33.23
3805,38,5,532,328,61.65,204,38.35
3806,38,6,364,219,60.16,145,39.84
3807,38,7,428,264,61.68,164,38.32
3808,38,8,373,227,60.86,146,39.14
3809,38,9,374,255,68.18,119,31.82
3810,38,10,347,239,68.88,108,31.12
3811,38,11,412,295,71.6,117,28.4
3812,38,12,561,342,60.96,219,39.04
3813,38,13,301,209,69.44,92,30.56
3814,38,14,382,246,64.4,136,35.6
3815,38,15,330,214,64.85,116,35.15
3816,38,16,567,353,62.26,214,37.74
3817,38,17,493,334,67.75,159,32.25
3818,38,18,585,406,69.4,179,30.6
3819,38,19,586,397,67.75,189,32.25
3820,38,20,502,347,69.12,155,30.88
3821,38,21,629,409,65.02,220,34.98
3822,38,22,433,301,69.52,132,30.48
3823,38,23,603,389,64.51,214,35.49
3824,38,24,567,395,69.66,172,30.34
3825,38,25,662,466,70.39,196,29.61
3901,39,1,449,317,70.6,132,29.4
3902,39,2,218,180,82.57,38,17.43
3903,39,3,378,263,69.58,115,30.42
3904,39,4,495,323,65.25,172,34.75
3905,39,5,345,239,69.28,106,30.72
3906,39,6,285,174,61.05,111,38.95
3907,39,7,254,183,72.05,71,27.95
3908,39,8,252,176,69.84,76,30.16
3909,39,9,236,160,67.8,76,32.2
3910,39,10,340,214,62.94,126,37.06
3911,39,11,200,136,68.0,64,32.0
3912,39,12,406,277,68.23,129,31.77
3913,39,13,627,445,70.97,182,29.03
3914,39,14,604,397,65.73,207,34.27
3915,39,15,522,353,67.62,169,32.38
3916,39,16,282,188,66.67,94,33.33
3917,39,17,713,445,62.41,268,37.59
3918,39,18,320,201,62.81,119,37.19
3919,39,19,641,440,68.64,201,31.36
3920,39,20,421,252,59.86,169,40.14
3921,39,21,548,348,63.5,200,36.5
3922,39,22,271,178,65.68,93,34.32
3923,39,23,58,37,63.79,21,36.21
3924,39,24,411,266,64.72,145,35.28
3925,39,25,289,187,64.71,102,35.29
3926,39,26,258,180,69.77,78,30.23
3927,39,27,247,171,69.23,76,30.77
3928,39,28,266,190,71.43,76,28.57
3929,39,29,126,97,76.98,29,23.02
3930,39,30,232,148,63.79,84,36.21
3931,39,31,298,196,65.77,102,34.23
3932,39,32,727,480,66.02,247,33.98
3933,39,33,261,179,68.58,82,31.42
3934,39,34,286,185,64.69,101,35.31
3935,39,35,521,365,70.06,156,29.94
4001,40,1,488,362,74.18,126,25.82
4002,40,2,511,399,78.08,112,21.92
4003,40,3,461,335,72.67,126,27.33
4004,40,4,473,339,71.67,134,28.33
4005,40,5,382,263,68.85,119,31.15
4006,40,6,444,327,73.65,117,26.35
4007,40,7,485,334,68.87,151,31.13
4008,40,8,322,223,69.25,99,30.75
4009,40,9,571,377,66.02,194,33.98
4010,40,10,866,603,69.63,263,30.37
4011,40,11,541,377,69.69,164,30.31
4012,40,12,590,420,71.19,170,28.81
4013,40,13,628,426,67.83,202,32.17
4014,40,14,797,458,57.47,339,42.53
4015,40,15,592,390,65.88,202,34.12
4016,40,16,588,385,65.48,203,34.52
4017,40,17,626,416,66.45,210,33.55
4018,40,18,684,446,65.2,238,34.8
4019,40,19,594,399,67.17,195,32.83
4020,40,20,682,464,68.04,218,31.96
4021,40,21,616,386,62.66,230,37.34
4022,40,22,862,527,61.14,335,38.86
4023,40,23,895,606,67.71,289,32.29
4101,41,1,372,253,68.01,119,31.99
4102,41,2,240,164,68.33,76,31.67
4103,41,3,274,177,64.6,97,35.4
4104,41,4,365,223,61.1,142,38.9
4105,41,5,399,221,55.39,178,44.61
4106,41,6,375,216,57.6,159,42.4
4107,41,7,323,182,56.35,141,43.65
4108,41,8,335,197,58.81,138,41.19
4109,41,9,639,385,60.25,254,39.75
4110,41,10,527,311,59.01,216,40.99
4111,41,11,397,254,63.98,143,36.02
4112,41,12,258,150,58.14,108,41.86
4113,41,13,572,369,64.51,203,35.49
4114,41,14,645,380,58.91,265,41.09
4115,41,15,815,447,54.85,368,45.15
4116,41,16,283,173,61.13,110,38.87
4117,41,17,189,108,57.14,81,42.86
4118,41,18,617,401,64.99,216,35.01
4119,41,19,298,181,60.74,117,39.26
4120,41,20,334,189,56.59,145,43.41
4121,41,21,322,176,54.66,146,45.34
4122,41,22,264,153,57.95,111,42.05
4123,41,23,382,216,56.54,166,43.46
4124,41,24,594,325,54.71,269,45.29
4125,41,25,516,267,51.74,249,48.26
4126,41,26,651,409,62.83,242,37.17
4127,41,27,457,281,61.49,176,38.51
4128,41,28,757,468,61.82,289,38.18
4129,41,29,792,503,63.51,289,36.49
4130,41,30,623,340,54.57,283,45.43
4131,41,31,548,295,53.83,253,46.17
4201,42,1,252,197,78.17,55,21.83
4202,42,2,236,175,74.15,61,25.85
4203,42,3,647,503,77.74,144,22.26
4204,42,4,540,409,75.74,131,24.26
4205,42,5,771,575,74.58,196,25.42
4206,42,6,330,264,80.0,66,20.0
4207,42,7,498,383,76.91,115,23.09
4208,42,8,349,261,74.79,88,25.21
4209,42,9,568,424,74.65,144,25.35
4210,42,10,378,264,69.84,114,30.16
4211,42,11,432,316,73.15,116,26.85
4212,42,12,333,236,70.87,97,29.13
4213,42,13,264,187,70.83,77,29.17
4214,42,14,195,149,76.41,46,23.59
4215,42,15,181,129,71.27,52,28.73
4216,42,16,622,455,73.15,167,26.85
4217,42,17,680,507,74.56,173,25.44
4218,42,18,386,280,72.54,106,27.46
4219,42,19,567,438,77.25,129,22.75
4220,42,20,567,430,75.84,137,24.16
4221,42,21,648,501,77.31,147,22.69
4222,42,22,623,439,70.47,184,29.53
4223,42,23,636,506,79.56,130,20.44
4224,42,24,634,510,80.44,124,19.56
4301,43,1,637,509,79.91,128,20.09
4302,43,2,719,572,79.55,147,20.45
4303,43,3,247,197,79.76,50,20.24
4304,43,4,494,387,78.34,107,21.66
4305,43,5,794,632,79.6,162,20.4
4306,43,6,916,704,76.86,212,23.14
4307,43,7,830,613,73.86,217,26.14
4308,43,8,677,489,72.23,188,27.77
4309,43,9,909,698,76.79,211,23.21
4310,43,10,576,448,77.78,128,22.22
4311,43,11,390,284,72.82,106,27.18
4312,43,12,742,560,75.47,182,24.53
4313,43,13,558,443,79.39,115,20.61
4314,43,14,333,257,77.18,76,22.82
4315,43,15,740,573,77.43,167,22.57
4316,43,16,297,230,77.44,67,22.56
4317,43,17,704,524,74.43,180,25.57
4318,43,18,834,629,75.42,205,24.58
4319,43,19,775,581,74.97,194,25.03
4320,43,20,648,514,79.32,134,20.68
4321,43,21,348,260,74.71,88,25.29
4322,43,22,808,628,77.72,180,22.28
4323,43,23,545,412,75.6,133,24.4
4401,44,1,814,581,71.38,233,28.62
4402,44,2,541,387,71.53,154,28.47
4403,44,3,698,564,80.8,134,19.2
4404,44,4,879,696,79.18,183,20.82
4405,44,5,714,499,69.89,215,30.11
4406,44,6,644,429,66.61,215,33.39
4407,44,7,667,452,67.77,215,32.23
4408,44,8,699,501,71.67,198,28.33
4409,44,9,946,670,70.82,276,29.18
4410,44,10,898,673,74.94,225,25.06
4411,44,11,705,460,65.25,245,34.75
4412,44,12,864,647,74.88,217,25.12
4413,44,13,852,587,68.9,265,31.1
4414,44,14,815,567,69.57,248,30.43
4415,44,15,898,650,72.38,248,27.62
4416,44,16,895,634,70.84,261,29.16
4417,44,17,928,684,73.71,244,26.29
4418,44,18,636,445,69.97,191,30.03
4419,44,19,863,576,66.74,287,33.26
4420,44,20,551,387,70.24,164,29.76
4421,44,21,896,620,69.2,276,30.8
4501,45,1,763,464,60.81,299,39.19
4502,45,2,407,275,67.57,132,32.43
4503,45,3,231,149,64.5,82,35.5
4504,45,4,292,184,63.01,108,36.99
4505,45,5,433,304,70.21,129,29.79
4506,45,6,498,311,62.45,187,37.55
4507,45,7,510,325,63.73,185,36.27
4508,45,8,421,257,61.05,164,38.95
4509,45,9,447,305,68.23,142,31.77
4510,45,10,463,282,60.91,181,39.09
4511,45,11,617,376,60.94,241,39.06
4512,45,12,396,250,63.13,146,36.87
4513,45,13,604,383,63.41,221,36.59
4514,45,14,355,237,66.76,118,33.24
4515,45,15,420,284,67.62,136,32.38
4516,45,16,504,348,69.05,156,30.95
4517,45,17,551,360,65.34,191,34.66
4518,45,18,551,393,71.32,158,28.68
4519,45,19,349,235,67.34,114,32.66
4520,45,20,479,324,67.64,155,32.36
4521,45,21,415,287,69.16,128,30.84
4522,45,22,524,359,68.51,165,31.49
4523,45,23,517,336,64.99,181,35.01
4524,45,24,445,285,64.04,160,35.96
4525,45,25,626,410,65.5,216,34.5
4526,45,26,470,298,63.4,172,36.6
4527,45,27,564,390,69.15,174,30.85
4528,45,28,506,328,64.82,178,35.18
4529,45,29,502,321,63.94,181,36.06
4601,46,1,632,473,74.84,159,25.16
4602,46,2,596,426,71.48,170,28.52
4603,46,3,695,453,65.18,242,34.82
4604,46,4,826,606,73.37,220,26.63
4605,46,5,651,488,74.96,163,25.04
4606,46,6,991,682,68.82,309,31.18
4607,46,7,613,437,71.29,176,28.71
4608,46,8,767,513,66.88,254,33.12
4609,46,9,749,559,74.63,190,25.37
4610,46,10,697,424,60.83,273,39.17
4611,46,11,797,517,64.87,280,35.13
4612,46,12,957,709,74.09,248,25.91
4613,46,13,862,544,63.11,318,36.89
4614,46,14,477,305,63.94,172,36.06
4615,46,15,915,678,74.1,237,25.9
4616,46,16,660,443,67.12,217,32.88
4617,46,17,883,587,66.48,296,33.52
4618,46,18,802,512,63.84,290,36.16
4619,46,19,634,417,65.77,217,34.23
4620,46,20,562,389,69.22,173,30.78
4621,46,21,433,309,71.36,124,28.64
4622,46,22,544,384,70.59,160,29.41
4623,46,23,473,298,63.0,175,37.0
4701,47,1,637,411,64.52,226,35.48
4702,47,2,607,378,62.27,229,37.73
4703,47,3,612,386,63.07,226,36.93
4704,47,4,787,491,62.39,296,37.61
4705,47,5,899,503,55.95,396,44.05
4706,47,6,762,457,59.97,305,40.03
4707,47,7,1114,730,65.53,384,34.47
4708,47,8,697,433,62.12,264,37.88
4709,47,9,865,565,65.32,300,34.68
4710,47,10,753,448,59.5,305,40.5
4711,47,11,662,459,69.34,203,30.66
4712,47,12,497,347,69.82,150,30.18
4713,47,13,527,363,68.88,164,31.12
4714,47,14,660,466,70.61,194,29.39
4715,47,15,678,535,78.91,143,21.09
4716,47,16,704,499,70.88,205,29.12
4717,47,17,602,411,68.27,191,31.73
4718,47,18,778,488,62.72,290,37.28
4719,47,19,760,514,67.63,246,32.37
4720,47,20,735,509,69.25,226,30.75
4721,47,21,740,537,72.57,203,27.43
4722,47,22,600,418,69.67,182,30.33
4723,47,23,726,485,66.8,241,33.2
4724,47,24,855,588,68.77,267,31.23
4725,47,25,658,475,72.19,183,27.81
4726,47,26,822,593,72.14,229,27.86
4727,47,27,759,568,74.84,191,25.16
4728,47,28,537,390,72.63,147,27.37
4801,48,1,785,504,64.2,281,35.8
4802,48,2,241,184,76.35,57,23.65
4803,48,3,407,267,65.6,140,34.4
4804,48,4,444,296,66.67,148,33.33
4805,48,5,244,207,84.84,37,15.16
4806,48,6,614,423,68.89,191,31.11
4807,48,7,605,409,67.6,196,32.4
4808,48,8,386,296,76.68,90,23.32
4809,48,9,280,212,75.71,68,24.29
4810,48,10,733,461,62.89,272,37.11
4811,48,11,458,321,70.09,137,29.91
4812,48,12,637,425,66.72,212,33.28
4813,48,13,480,366,76.25,114,23.75
4814,48,14,558,395,70.79,163,29.21
4815,48,15,430,278,64.65,152,35.35
4816,48,16,345,237,68.7,108,31.3
4817,48,17,182,137,75.27,45,24.73
4818,48,18,597,382,63.99,215,36.01
4819,48,19,321,228,71.03,93,28.97
4820,48,20,226,181,80.09,45,19.91
4821,48,21,527,344,65.28,183,34.72
4822,48,22,300,245,81.67,55,18.33
4823,48,23,371,296,79.78,75,20.22
4824,48,24,720,497,69.03,223,30.97
4825,48,25,623,377,60.51,246,39.49
4826,48,26,323,246,76.16,77,23.84
4827,48,27,380,268,70.53,112,29.47
4828,48,28,527,316,59.96,211,40.04
4829,48,29,168,144,85.71,24,14.29
4830,48,30,560,397,70.89,163,29.11
4831,48,31,573,351,61.26,222,38.74
4832,48,32,458,313,68.34,145,31.66
4833,48,33,216,174,80.56,42,19.44
4834,48,34,434,274,63.13,160,36.87
4835,48,35,694,495,71.33,199,28.67
4901,49,1,655,434,66.26,221,33.74
4902,49,2,556,398,71.58,158,28.42
4903,49,3,783,566,72.29,217,27.71
4904,49,4,763,470,61.6,293,38.4
4905,49,5,814,550,67.57,264,32.43
4906,49,6,76,55,72.37,21,27.63
4907,49,7,796,558,70.1,238,29.9
4908,49,8,961,587,61.08,374,38.92
4909,49,9,863,500,57.94,363,42.06
4910,49,10,569,412,72.41,157,27.59
4911,49,11,621,449,72.3,172,27.7
4912,49,12,553,381,68.9,172,31.1
4913,49,13,707,516,72.98,191,27.02
4914,49,14,850,572,67.29,278,32.71
4915,49,15,760,496,65.26,264,34.74
4916,49,16,716,410,57.26,306,42.74
4917,49,17,828,524,63.29,304,36.71
5001,50,1,283,213,75.27,70,24.73
5002,50,2,341,241,70.67,100,29.33
5003,50,3,273,187,68.5,86,31.5
5004,50,4,336,229,68.15,107,31.85
5005,50,5,501,351,70.06,150,29.94
5006,50,6,233,171,73.39,62,26.61
5007,50,7,641,471,73.48,170,26.52
5008,50,8,425,325,76.47,100,23.53
5009,50,9,116,95,81.9,21,18.1
5010,50,10,241,156,64.73,85,35.27
5011,50,11,295,215,72.88,80,27.12
5012,50,12,119,88,73.95,31,26.05
5013,50,13,450,315,70.0,135,30.0
5014,50,14,80,50,62.5,30,37.5
5015,50,15,445,322,72.36,123,27.64
5016,50,16,84,58,69.05,26,30.95
5017,50,17,204,142,69.61,62,30.39
5018,50,18,31,20,64.52,11,35.48
5019,50,19,190,137,72.11,53,27.89
5020,50,20,177,136,76.84,41,23.16
5021,50,21,399,291,72.93,108,27.07
5022,50,22,333,227,68.17,106,31.83
5023,50,23,289,199,68.86,90,31.14
5024,50,24,323,212,65.63,111,34.37
5025,50,25,109,83,76.15,26,23.85
5026,50,26,165,123,74.55,42,25.45
5027,50,27,74,51,68.92,23,31.08
5028,50,28,450,344,76.44,106,23.56
