id,ward,precinct,total,Teresa Molina,Teresa Molina Percent,Michael O'Malley,Michael O'Malley Percent
0101,1,1,257,217,84.44,40,15.56
0102,1,2,243,211,86.83,32,13.17
0103,1,3,274,246,89.78,28,10.22
0104,1,4,232,194,83.62,38,16.38
0105,1,5,232,203,87.5,29,12.5
0106,1,6,211,176,83.41,35,16.59
0107,1,7,195,168,86.15,27,13.85
0108,1,8,183,140,76.5,43,23.5
0109,1,9,177,152,85.88,25,14.12
0110,1,10,236,203,86.02,33,13.98
0111,1,11,247,210,85.02,37,14.98
0112,1,12,306,258,84.31,48,15.69
0113,1,13,119,107,89.92,12,10.08
0114,1,14,239,211,88.28,28,11.72
0115,1,15,191,160,83.77,31,16.23
0116,1,16,326,269,82.52,57,17.48
0117,1,17,241,211,87.55,30,12.45
0118,1,18,235,206,87.66,29,12.34
0119,1,19,257,229,89.11,28,10.89
0120,1,20,235,211,89.79,24,10.21
0121,1,21,290,248,85.52,42,14.48
0122,1,22,147,136,92.52,11,7.48
0123,1,23,401,367,91.52,34,8.48
0124,1,24,251,216,86.06,35,13.94
0125,1,25,230,201,87.39,29,12.61
0126,1,26,173,149,86.13,24,13.87
0127,1,27,267,232,86.89,35,13.11
0128,1,28,73,58,79.45,15,20.55
0129,1,29,280,243,86.79,37,13.21
0130,1,30,298,257,86.24,41,13.76
0131,1,31,166,145,87.35,21,12.65
0132,1,32,225,182,80.89,43,19.11
0133,1,33,259,209,80.69,50,19.31
0134,1,34,219,197,89.95,22,10.05
0135,1,35,270,225,83.33,45,16.67
0136,1,36,242,203,83.88,39,16.12
0137,1,37,197,161,81.73,36,18.27
0138,1,38,177,151,85.31,26,14.69
0139,1,39,173,151,87.28,22,12.72
0140,1,40,245,194,79.18,51,20.82
0141,1,41,155,133,85.81,22,14.19
0142,1,42,73,65,89.04,8,10.96
0143,1,43,149,132,88.59,17,11.41
0144,1,44,215,187,86.98,28,13.02
0201,2,1,236,202,85.59,34,14.41
0202,2,2,157,120,76.43,37,23.57
0203,2,3,250,208,83.2,42,16.8
0204,2,4,223,194,87.0,29,13.0
0205,2,5,267,221,82.77,46,17.23
0206,2,6,233,195,83.69,38,16.31
0207,2,7,148,120,81.08,28,18.92
0208,2,8,227,188,82.82,39,17.18
0209,2,9,139,108,77.7,31,22.3
0210,2,10,136,103,75.74,33,24.26
0211,2,11,197,152,77.16,45,22.84
0212,2,12,222,173,77.93,49,22.07
0213,2,13,216,174,80.56,42,19.44
0214,2,14,294,255,86.73,39,13.27
0215,2,15,216,182,84.26,34,15.74
0216,2,16,212,180,84.91,32,15.09
0217,2,17,299,255,85.28,44,14.72
0218,2,18,204,155,75.98,49,24.02
0219,2,19,108,85,78.7,23,21.3
0220,2,20,204,173,84.8,31,15.2
0221,2,21,262,215,82.06,47,17.94
0222,2,22,234,183,78.21,51,21.79
0223,2,23,146,113,77.4,33,22.6
0224,2,24,156,123,78.85,33,21.15
0225,2,25,244,211,86.48,33,13.52
0226,2,26,171,128,74.85,43,25.15
0227,2,27,156,112,71.79,44,28.21
0228,2,28,205,156,76.1,49,23.9
0229,2,29,205,151,73.66,54,26.34
0230,2,30,175,137,78.29,38,21.71
0231,2,31,258,198,76.74,60,23.26
0232,2,32,143,117,81.82,26,18.18
0233,2,33,325,249,76.62,76,23.38
0234,2,34,190,145,76.32,45,23.68
0235,2,35,212,172,81.13,40,18.87
0236,2,36,192,155,80.73,37,19.27
0237,2,37,226,175,77.43,51,22.57
0238,2,38,159,130,81.76,29,18.24
0239,2,39,116,86,74.14,30,25.86
0240,2,40,162,132,81.48,30,18.52
0241,2,41,180,148,82.22,32,17.78
0242,2,42,174,138,79.31,36,20.69
0243,2,43,207,168,81.16,39,18.84
0244,2,44,130,94,72.31,36,27.69
0245,2,45,214,172,80.37,42,19.63
0246,2,46,131,107,81.68,24,18.32
0301,3,1,313,244,77.96,69,22.04
0302,3,2,371,279,75.2,92,24.8
0303,3,3,145,118,81.38,27,18.62
0304,3,4,324,276,85.19,48,14.81
0305,3,5,162,127,78.4,35,21.6
0306,3,6,310,260,83.87,50,16.13
0307,3,7,185,132,71.35,53,28.65
0308,3,8,180,124,68.89,56,31.11
0309,3,9,309,258,83.5,51,16.5
0310,3,10,111,73,65.77,38,34.23
0311,3,11,255,204,80.0,51,20.0
0312,3,12,272,220,80.88,52,19.12
0313,3,13,301,256,85.05,45,14.95
0314,3,14,295,244,82.71,51,17.29
0315,3,15,200,143,71.5,57,28.5
0316,3,16,221,166,75.11,55,24.89
0317,3,17,364,295,81.04,69,18.96
0318,3,18,337,271,80.42,66,19.58
0319,3,19,258,188,72.87,70,27.13
0320,3,20,290,216,74.48,74,25.52
0321,3,21,287,220,76.66,67,23.34
0322,3,22,316,253,80.06,63,19.94
0323,3,23,173,127,73.41,46,26.59
0324,3,24,215,159,73.95,56,26.05
0325,3,25,391,319,81.59,72,18.41
0326,3,26,298,253,84.9,45,15.1
0327,3,27,296,245,82.77,51,17.23
0328,3,28,178,129,72.47,49,27.53
0329,3,29,252,171,67.86,81,32.14
0330,3,30,233,193,82.83,40,17.17
0331,3,31,317,251,79.18,66,20.82
0332,3,32,296,249,84.12,47,15.88
0333,3,33,299,256,85.62,43,14.38
0334,3,34,301,252,83.72,49,16.28
0335,3,35,122,94,77.05,28,22.95
0336,3,36,124,84,67.74,40,32.26
0337,3,37,230,183,79.57,47,20.43
0338,3,38,214,160,74.77,54,25.23
0339,3,39,331,284,85.8,47,14.2
0340,3,40,209,160,76.56,49,23.44
0341,3,41,212,170,80.19,42,19.81
0401,4,1,368,333,90.49,35,9.51
0402,4,2,311,265,85.21,46,14.79
0403,4,3,214,164,76.64,50,23.36
0404,4,4,365,282,77.26,83,22.74
0405,4,5,326,276,84.66,50,15.34
0406,4,6,353,300,84.99,53,15.01
0407,4,7,357,295,82.63,62,17.37
0408,4,8,308,268,87.01,40,12.99
0409,4,9,375,319,85.07,56,14.93
0410,4,10,358,295,82.4,63,17.6
0411,4,11,241,193,80.08,48,19.92
0412,4,12,325,265,81.54,60,18.46
0413,4,13,280,243,86.79,37,13.21
0414,4,14,254,198,77.95,56,22.05
0415,4,15,336,276,82.14,60,17.86
0416,4,16,387,335,86.56,52,13.44
0417,4,17,301,257,85.38,44,14.62
0418,4,18,288,214,74.31,74,25.69
0419,4,19,196,137,69.9,59,30.1
0420,4,20,258,218,84.5,40,15.5
0421,4,21,297,245,82.49,52,17.51
0422,4,22,280,231,82.5,49,17.5
0423,4,23,365,333,91.23,32,8.77
0424,4,24,264,210,79.55,54,20.45
0425,4,25,308,251,81.49,57,18.51
0426,4,26,245,189,77.14,56,22.86
0427,4,27,353,316,89.52,37,10.48
0428,4,28,247,207,83.81,40,16.19
0429,4,29,238,200,84.03,38,15.97
0430,4,30,333,255,76.58,78,23.42
0431,4,31,353,291,82.44,62,17.56
0432,4,32,299,252,84.28,47,15.72
0433,4,33,283,250,88.34,33,11.66
0434,4,34,248,207,83.47,41,16.53
0435,4,35,324,278,85.8,46,14.2
0436,4,36,336,284,84.52,52,15.48
0437,4,37,449,384,85.52,65,14.48
0438,4,38,311,274,88.1,37,11.9
0501,5,1,209,160,76.56,49,23.44
0502,5,2,192,140,72.92,52,27.08
0503,5,3,272,235,86.4,37,13.6
0504,5,4,332,291,87.65,41,12.35
0505,5,5,211,155,73.46,56,26.54
0506,5,6,211,155,73.46,56,26.54
0507,5,7,264,218,82.58,46,17.42
0508,5,8,293,270,92.15,23,7.85
0509,5,9,330,294,89.09,36,10.91
0510,5,10,202,151,74.75,51,25.25
0511,5,11,290,251,86.55,39,13.45
0512,5,12,156,116,74.36,40,25.64
0513,5,13,224,173,77.23,51,22.77
0514,5,14,241,205,85.06,36,14.94
0515,5,15,260,219,84.23,41,15.77
0516,5,16,233,177,75.97,56,24.03
0517,5,17,178,130,73.03,48,26.97
0518,5,18,268,238,88.81,30,11.19
0519,5,19,271,244,90.04,27,9.96
0520,5,20,329,287,87.23,42,12.77
0521,5,21,272,238,87.5,34,12.5
0522,5,22,338,284,84.02,54,15.98
0523,5,23,451,408,90.47,43,9.53
0524,5,24,306,273,89.22,33,10.78
0525,5,25,242,200,82.64,42,17.36
0526,5,26,244,190,77.87,54,22.13
0527,5,27,244,216,88.52,28,11.48
0528,5,28,276,245,88.77,31,11.23
0529,5,29,267,210,78.65,57,21.35
0530,5,30,164,123,75.0,41,25.0
0531,5,31,177,138,77.97,39,22.03
0532,5,32,292,257,88.01,35,11.99
0533,5,33,285,216,75.79,69,24.21
0534,5,34,307,277,90.23,30,9.77
0535,5,35,321,291,90.65,30,9.35
0536,5,36,93,74,79.57,19,20.43
0537,5,37,295,252,85.42,43,14.58
0538,5,38,203,139,68.47,64,31.53
0539,5,39,220,189,85.91,31,14.09
0540,5,40,184,150,81.52,34,18.48
0541,5,41,155,123,79.35,32,20.65
0601,6,1,252,202,80.16,50,19.84
0602,6,2,265,206,77.74,59,22.26
0603,6,3,246,179,72.76,67,27.24
0604,6,4,153,113,73.86,40,26.14
0605,6,5,130,91,70.0,39,30.0
0606,6,6,245,196,80.0,49,20.0
0607,6,7,194,131,67.53,63,32.47
0608,6,8,245,197,80.41,48,19.59
0609,6,9,169,125,73.96,44,26.04
0610,6,10,127,99,77.95,28,22.05
0611,6,11,184,144,78.26,40,21.74
0612,6,12,142,105,73.94,37,26.06
0613,6,13,170,123,72.35,47,27.65
0614,6,14,203,146,71.92,57,28.08
0615,6,15,161,102,63.35,59,36.65
0616,6,16,269,211,78.44,58,21.56
0617,6,17,125,91,72.8,34,27.2
0618,6,18,170,108,63.53,62,36.47
0619,6,19,168,124,73.81,44,26.19
0620,6,20,115,76,66.09,39,33.91
0621,6,21,93,64,68.82,29,31.18
0622,6,22,116,83,71.55,33,28.45
0623,6,23,81,53,65.43,28,34.57
0624,6,24,109,77,70.64,32,29.36
0625,6,25,98,69,70.41,29,29.59
0626,6,26,129,91,70.54,38,29.46
0627,6,27,105,72,68.57,33,31.43
0628,6,28,87,58,66.67,29,33.33
0629,6,29,234,202,86.32,32,13.68
0630,6,30,165,126,76.36,39,23.64
0631,6,31,245,207,84.49,38,15.51
0632,6,32,196,141,71.94,55,28.06
0633,6,33,207,158,76.33,49,23.67
0634,6,34,222,185,83.33,37,16.67
0635,6,35,223,173,77.58,50,22.42
0636,6,36,263,196,74.52,67,25.48
0637,6,37,266,228,85.71,38,14.29
0638,6,38,238,196,82.35,42,17.65
0639,6,39,162,124,76.54,38,23.46
0640,6,40,188,145,77.13,43,22.87
0641,6,41,233,174,74.68,59,25.32
0642,6,42,187,138,73.8,49,26.2
0643,6,43,178,136,76.4,42,23.6
0644,6,44,220,168,76.36,52,23.64
0645,6,45,250,204,81.6,46,18.4
0646,6,46,143,109,76.22,34,23.78
0647,6,47,157,103,65.61,54,34.39
0648,6,48,199,147,73.87,52,26.13
0701,7,1,191,148,77.49,43,22.51
0702,7,2,175,129,73.71,46,26.29
0703,7,3,217,177,81.57,40,18.43
0704,7,4,195,150,76.92,45,23.08
0705,7,5,182,123,67.58,59,32.42
0706,7,6,266,214,80.45,52,19.55
0707,7,7,175,120,68.57,55,31.43
0708,7,8,117,89,76.07,28,23.93
0709,7,9,334,278,83.23,56,16.77
0710,7,10,229,178,77.73,51,22.27
0711,7,11,196,151,77.04,45,22.96
0712,7,12,167,115,68.86,52,31.14
0713,7,13,123,87,70.73,36,29.27
0714,7,14,182,131,71.98,51,28.02
0715,7,15,198,161,81.31,37,18.69
0716,7,16,145,108,74.48,37,25.52
0717,7,17,172,122,70.93,50,29.07
0718,7,18,141,109,77.3,32,22.7
0719,7,19,166,132,79.52,34,20.48
0720,7,20,144,103,71.53,41,28.47
0721,7,21,127,92,72.44,35,27.56
0722,7,22,160,117,73.13,43,26.88
0723,7,23,211,182,86.26,29,13.74
0724,7,24,145,117,80.69,28,19.31
0725,7,25,149,110,73.83,39,26.17
0726,7,26,174,134,77.01,40,22.99
0727,7,27,159,118,74.21,41,25.79
0728,7,28,121,92,76.03,29,23.97
0729,7,29,164,135,82.32,29,17.68
0730,7,30,126,102,80.95,24,19.05
0731,7,31,115,85,73.91,30,26.09
0732,7,32,310,272,87.74,38,12.26
0733,7,33,296,247,83.45,49,16.55
0734,7,34,257,206,80.16,51,19.84
0735,7,35,212,174,82.08,38,17.92
0736,7,36,256,222,86.72,34,13.28
0737,7,37,199,152,76.38,47,23.62
0738,7,38,171,128,74.85,43,25.15
0739,7,39,188,145,77.13,43,22.87
0740,7,40,201,153,76.12,48,23.88
0741,7,41,193,152,78.76,41,21.24
0742,7,42,177,139,78.53,38,21.47
0743,7,43,187,138,73.8,49,26.2
0744,7,44,167,123,73.65,44,26.35
0745,7,45,164,115,70.12,49,29.88
0746,7,46,87,58,66.67,29,33.33
0801,8,1,147,110,74.83,37,25.17
0802,8,2,157,112,71.34,45,28.66
0803,8,3,275,239,86.91,36,13.09
0804,8,4,260,220,84.62,40,15.38
0805,8,5,263,221,84.03,42,15.97
0806,8,6,248,198,79.84,50,20.16
0807,8,7,264,210,79.55,54,20.45
0808,8,8,235,200,85.11,35,14.89
0809,8,9,164,138,84.15,26,15.85
0810,8,10,310,276,89.03,34,10.97
0811,8,11,140,106,75.71,34,24.29
0812,8,12,200,159,79.5,41,20.5
0813,8,13,217,176,81.11,41,18.89
0814,8,14,152,109,71.71,43,28.29
0815,8,15,195,137,70.26,58,29.74
0816,8,16,71,55,77.46,16,22.54
0817,8,17,190,162,85.26,28,14.74
0818,8,18,145,100,68.97,45,31.03
0819,8,19,279,217,77.78,62,22.22
0820,8,20,248,198,79.84,50,20.16
0821,8,21,257,207,80.54,50,19.46
0822,8,22,210,172,81.9,38,18.1
0823,8,23,170,133,78.24,37,21.76
0824,8,24,142,111,78.17,31,21.83
0825,8,25,202,150,74.26,52,25.74
0826,8,26,146,119,81.51,27,18.49
0827,8,27,258,225,87.21,33,12.79
0828,8,28,214,170,79.44,44,20.56
0829,8,29,226,182,80.53,44,19.47
0830,8,30,238,183,76.89,55,23.11
0831,8,31,160,122,76.25,38,23.75
0832,8,32,195,152,77.95,43,22.05
0833,8,33,169,122,72.19,47,27.81
0834,8,34,233,173,74.25,60,25.75
0835,8,35,267,209,78.28,58,21.72
0836,8,36,224,180,80.36,44,19.64
0837,8,37,195,169,86.67,26,13.33
0838,8,38,151,112,74.17,39,25.83
0839,8,39,227,194,85.46,33,14.54
0840,8,40,190,149,78.42,41,21.58
0841,8,41,226,172,76.11,54,23.89
0842,8,42,253,215,84.98,38,15.02
0843,8,43,111,80,72.07,31,27.93
0844,8,44,135,93,68.89,42,31.11
0845,8,45,153,115,75.16,38,24.84
0846,8,46,167,127,76.05,40,23.95
0847,8,47,175,140,80.0,35,20.0
0848,8,48,192,148,77.08,44,22.92
0849,8,49,229,186,81.22,43,18.78
0850,8,50,232,194,83.62,38,16.38
0851,8,51,245,198,80.82,47,19.18
0852,8,52,315,260,82.54,55,17.46
0853,8,53,95,74,77.89,21,22.11
0854,8,54,158,122,77.22,36,22.78
0855,8,55,223,178,79.82,45,20.18
0856,8,56,240,195,81.25,45,18.75
0901,9,1,192,149,77.6,43,22.4
0902,9,2,189,136,71.96,53,28.04
0903,9,3,114,73,64.04,41,35.96
0904,9,4,160,118,73.75,42,26.25
0905,9,5,185,149,80.54,36,19.46
0906,9,6,193,149,77.2,44,22.8
0907,9,7,122,82,67.21,40,32.79
0908,9,8,173,135,78.03,38,21.97
0909,9,9,218,162,74.31,56,25.69
0910,9,10,169,118,69.82,51,30.18
0911,9,11,137,93,67.88,44,32.12
0912,9,12,223,169,75.78,54,24.22
0913,9,13,268,209,77.99,59,22.01
0914,9,14,261,215,82.38,46,17.62
0915,9,15,156,106,67.95,50,32.05
0916,9,16,212,161,75.94,51,24.06
0917,9,17,132,97,73.48,35,26.52
0918,9,18,148,107,72.3,41,27.7
0919,9,19,185,143,77.3,42,22.7
0920,9,20,184,137,74.46,47,25.54
0921,9,21,180,133,73.89,47,26.11
0922,9,22,226,174,76.99,52,23.01
0923,9,23,241,213,88.38,28,11.62
0924,9,24,234,182,77.78,52,22.22
0925,9,25,217,163,75.12,54,24.88
0926,9,26,155,102,65.81,53,34.19
0927,9,27,167,124,74.25,43,25.75
0928,9,28,88,68,77.27,20,22.73
0929,9,29,110,72,65.45,38,34.55
0930,9,30,150,114,76.0,36,24.0
0931,9,31,146,115,78.77,31,21.23
0932,9,32,196,146,74.49,50,25.51
0933,9,33,149,112,75.17,37,24.83
0934,9,34,144,102,70.83,42,29.17
0935,9,35,204,158,77.45,46,22.55
0936,9,36,158,117,74.05,41,25.95
0937,9,37,266,213,80.08,53,19.92
0938,9,38,189,141,74.6,48,25.4
0939,9,39,220,173,78.64,47,21.36
0940,9,40,244,189,77.46,55,22.54
0941,9,41,170,132,77.65,38,22.35
0942,9,42,233,195,83.69,38,16.31
0943,9,43,141,105,74.47,36,25.53
0944,9,44,197,146,74.11,51,25.89
0945,9,45,146,114,78.08,32,21.92
0946,9,46,204,160,78.43,44,21.57
0947,9,47,240,210,87.5,30,12.5
0948,9,48,222,182,81.98,40,18.02
0949,9,49,237,198,83.54,39,16.46
0950,9,50,317,268,84.54,49,15.46
0951,9,51,230,179,77.83,51,22.17
1001,10,1,163,111,68.1,52,31.9
1002,10,2,141,95,67.38,46,32.62
1003,10,3,144,92,63.89,52,36.11
1004,10,4,119,96,80.67,23,19.33
1005,10,5,123,86,69.92,37,30.08
1006,10,6,129,98,75.97,31,24.03
1007,10,7,108,85,78.7,23,21.3
1008,10,8,80,48,60.0,32,40.0
1009,10,9,138,93,67.39,45,32.61
1010,10,10,172,133,77.33,39,22.67
1011,10,11,211,173,81.99,38,18.01
1012,10,12,107,77,71.96,30,28.04
1013,10,13,166,133,80.12,33,19.88
1014,10,14,218,180,82.57,38,17.43
1015,10,15,362,256,70.72,106,29.28
1016,10,16,99,72,72.73,27,27.27
1017,10,17,233,152,65.24,81,34.76
1018,10,18,97,76,78.35,21,21.65
1019,10,19,176,130,73.86,46,26.14
1020,10,20,188,145,77.13,43,22.87
1021,10,21,180,131,72.78,49,27.22
1022,10,22,109,91,83.49,18,16.51
1023,10,23,147,125,85.03,22,14.97
1024,10,24,140,104,74.29,36,25.71
1025,10,25,48,29,60.42,19,39.58
1026,10,26,128,101,78.91,27,21.09
1027,10,27,138,110,79.71,28,20.29
1028,10,28,202,160,79.21,42,20.79
1029,10,29,180,146,81.11,34,18.89
1030,10,30,154,124,80.52,30,19.48
1031,10,31,130,104,80.0,26,20.0
1032,10,32,167,136,81.44,31,18.56
1033,10,33,131,108,82.44,23,17.56
1034,10,34,110,91,82.73,19,17.27
1035,10,35,195,140,71.79,55,28.21
1036,10,36,39,29,74.36,10,25.64
1101,11,1,234,163,69.66,71,30.34
1102,11,2,14,3,21.43,11,78.57
1103,11,3,214,190,88.79,24,11.21
1104,11,4,177,125,70.62,52,29.38
1105,11,5,313,251,80.19,62,19.81
1106,11,6,277,217,78.34,60,21.66
1107,11,7,234,198,84.62,36,15.38
1108,11,8,213,147,69.01,66,30.99
1109,11,9,200,140,70.0,60,30.0
1110,11,10,190,131,68.95,59,31.05
1111,11,11,206,152,73.79,54,26.21
1112,11,12,301,107,35.55,194,64.45
1113,11,13,248,115,46.37,133,53.63
1114,11,14,101,55,54.46,46,45.54
1115,11,15,73,47,64.38,26,35.62
1116,11,16,138,86,62.32,52,37.68
1117,11,17,327,243,74.31,84,25.69
1118,11,18,177,114,64.41,63,35.59
1119,11,19,291,234,80.41,57,19.59
1120,11,20,141,79,56.03,62,43.97
1121,11,21,320,159,49.69,161,50.31
1122,11,22,279,192,68.82,87,31.18
1123,11,23,146,72,49.32,74,50.68
1124,11,24,322,169,52.48,153,47.52
1125,11,25,280,202,72.14,78,27.86
1126,11,26,274,192,70.07,82,29.93
1127,11,27,79,56,70.89,23,29.11
1128,11,28,95,43,45.26,52,54.74
1129,11,29,269,147,54.65,122,45.35
1130,11,30,100,61,61.0,39,39.0
1131,11,31,208,92,44.23,116,55.77
1132,11,32,89,42,47.19,47,52.81
1133,11,33,258,197,76.36,61,23.64
1134,11,34,73,44,60.27,29,39.73
1135,11,35,31,22,70.97,9,29.03
1136,11,36,71,54,76.06,17,23.94
1137,11,37,51,39,76.47,12,23.53
1138,11,38,108,96,88.89,12,11.11
1201,12,1,252,188,74.6,64,25.4
1202,12,2,185,151,81.62,34,18.38
1203,12,3,316,251,79.43,65,20.57
1204,12,4,266,211,79.32,55,20.68
1205,12,5,188,132,70.21,56,29.79
1206,12,6,237,185,78.06,52,21.94
1207,12,7,213,184,86.38,29,13.62
1208,12,8,240,184,76.67,56,23.33
1209,12,9,197,159,80.71,38,19.29
1210,12,10,277,254,91.7,23,8.3
1211,12,11,229,193,84.28,36,15.72
1212,12,12,212,169,79.72,43,20.28
1213,12,13,202,167,82.67,35,17.33
1214,12,14,188,159,84.57,29,15.43
1215,12,15,191,161,84.29,30,15.71
1216,12,16,160,140,87.5,20,12.5
1217,12,17,224,180,80.36,44,19.64
1218,12,18,147,135,91.84,12,8.16
1219,12,19,209,177,84.69,32,15.31
1220,12,20,221,188,85.07,33,14.93
1221,12,21,207,169,81.64,38,18.36
1222,12,22,212,180,84.91,32,15.09
1223,12,23,244,205,84.02,39,15.98
1301,13,1,159,104,65.41,55,34.59
1302,13,2,142,78,54.93,64,45.07
1303,13,3,170,139,81.76,31,18.24
1304,13,4,173,109,63.01,64,36.99
1305,13,5,217,163,75.12,54,24.88
1306,13,6,201,106,52.74,95,47.26
1307,13,7,143,99,69.23,44,30.77
1308,13,8,141,91,64.54,50,35.46
1309,13,9,184,150,81.52,34,18.48
1310,13,10,166,70,42.17,96,57.83
1311,13,11,217,132,60.83,85,39.17
1312,13,12,174,120,68.97,54,31.03
1313,13,13,193,135,69.95,58,30.05
1314,13,14,167,113,67.66,54,32.34
1315,13,15,279,206,73.84,73,26.16
1316,13,16,130,90,69.23,40,30.77
1317,13,17,142,93,65.49,49,34.51
1318,13,18,139,79,56.83,60,43.17
1319,13,19,238,183,76.89,55,23.11
1320,13,20,119,52,43.7,67,56.3
1321,13,21,185,86,46.49,99,53.51
1322,13,22,171,86,50.29,85,49.71
1323,13,23,130,97,74.62,33,25.38
1324,13,24,165,118,71.52,47,28.48
1325,13,25,193,143,74.09,50,25.91
1326,13,26,163,99,60.74,64,39.26
1327,13,27,178,104,58.43,74,41.57
1328,13,28,152,101,66.45,51,33.55
1329,13,29,149,103,69.13,46,30.87
1330,13,30,168,131,77.98,37,22.02
1331,13,31,174,85,48.85,89,51.15
1332,13,32,158,87,55.06,71,44.94
1333,13,33,182,97,53.3,85,46.7
1334,13,34,238,181,76.05,57,23.95
1335,13,35,206,146,70.87,60,29.13
1336,13,36,123,92,74.8,31,25.2
1337,13,37,195,126,64.62,69,35.38
1338,13,38,161,101,62.73,60,37.27
1339,13,39,174,124,71.26,50,28.74
1340,13,40,171,123,71.93,48,28.07
1341,13,41,235,173,73.62,62,26.38
1342,13,42,182,94,51.65,88,48.35
1343,13,43,187,116,62.03,71,37.97
1344,13,44,181,128,70.72,53,29.28
1345,13,45,228,131,57.46,97,42.54
1346,13,46,208,148,71.15,60,28.85
1347,13,47,210,166,79.05,44,20.95
1348,13,48,151,79,52.32,72,47.68
1401,14,1,219,110,50.23,109,49.77
1402,14,2,263,193,73.38,70,26.62
1403,14,3,167,140,83.83,27,16.17
1404,14,4,167,83,49.7,84,50.3
1405,14,5,254,208,81.89,46,18.11
1406,14,6,104,84,80.77,20,19.23
1407,14,7,247,215,87.04,32,12.96
1408,14,8,216,186,86.11,30,13.89
1409,14,9,247,162,65.59,85,34.41
1410,14,10,125,101,80.8,24,19.2
1411,14,11,116,87,75.0,29,25.0
1412,14,12,181,145,80.11,36,19.89
1413,14,13,182,142,78.02,40,21.98
1414,14,14,209,175,83.73,34,16.27
1415,14,15,199,168,84.42,31,15.58
1416,14,16,153,114,74.51,39,25.49
1417,14,17,185,160,86.49,25,13.51
1418,14,18,93,74,79.57,19,20.43
1419,14,19,152,121,79.61,31,20.39
1420,14,20,143,112,78.32,31,21.68
1421,14,21,140,121,86.43,19,13.57
1422,14,22,261,179,68.58,82,31.42
1423,14,23,156,111,71.15,45,28.85
1424,14,24,232,136,58.62,96,41.38
1425,14,25,111,88,79.28,23,20.72
1426,14,26,151,126,83.44,25,16.56
1427,14,27,211,158,74.88,53,25.12
1428,14,28,144,122,84.72,22,15.28
1429,14,29,172,142,82.56,30,17.44
1430,14,30,109,91,83.49,18,16.51
1431,14,31,120,104,86.67,16,13.33
1501,15,1,172,147,85.47,25,14.53
1502,15,2,107,73,68.22,34,31.78
1503,15,3,120,82,68.33,38,31.67
1504,15,4,201,175,87.06,26,12.94
1505,15,5,149,120,80.54,29,19.46
1506,15,6,177,144,81.36,33,18.64
1507,15,7,92,57,61.96,35,38.04
1508,15,8,177,157,88.7,20,11.3
1509,15,9,217,183,84.33,34,15.67
1510,15,10,250,190,76.0,60,24.0
1511,15,11,202,169,83.66,33,16.34
1512,15,12,216,179,82.87,37,17.13
1513,15,13,187,159,85.03,28,14.97
1514,15,14,160,145,90.63,15,9.38
1515,15,15,151,125,82.78,26,17.22
1516,15,16,207,172,83.09,35,16.91
1517,15,17,124,86,69.35,38,30.65
1518,15,18,82,54,65.85,28,34.15
1519,15,19,158,116,73.42,42,26.58
1520,15,20,115,81,70.43,34,29.57
1521,15,21,114,86,75.44,28,24.56
1522,15,22,110,67,60.91,43,39.09
1523,15,23,109,76,69.72,33,30.28
1524,15,24,90,57,63.33,33,36.67
1601,16,1,175,146,83.43,29,16.57
1602,16,2,148,107,72.3,41,27.7
1603,16,3,112,83,74.11,29,25.89
1604,16,4,134,98,73.13,36,26.87
1605,16,5,85,58,68.24,27,31.76
1606,16,6,143,100,69.93,43,30.07
1607,16,7,129,91,70.54,38,29.46
1608,16,8,73,52,71.23,21,28.77
1609,16,9,130,92,70.77,38,29.23
1610,16,10,114,79,69.3,35,30.7
1611,16,11,134,99,73.88,35,26.12
1612,16,12,111,84,75.68,27,24.32
1613,16,13,133,109,81.95,24,18.05
1614,16,14,99,69,69.7,30,30.3
1615,16,15,140,93,66.43,47,33.57
1616,16,16,122,85,69.67,37,30.33
1617,16,17,147,117,79.59,30,20.41
1618,16,18,98,82,83.67,16,16.33
1619,16,19,137,97,70.8,40,29.2
1620,16,20,99,67,67.68,32,32.32
1621,16,21,109,67,61.47,42,38.53
1622,16,22,106,80,75.47,26,24.53
1623,16,23,136,116,85.29,20,14.71
1624,16,24,71,50,70.42,21,29.58
1625,16,25,150,112,74.67,38,25.33
1626,16,26,108,85,78.7,23,21.3
1627,16,27,101,72,71.29,29,28.71
1628,16,28,129,96,74.42,33,25.58
1629,16,29,100,75,75.0,25,25.0
1630,16,30,80,54,67.5,26,32.5
1631,16,31,160,115,71.88,45,28.13
1632,16,32,164,137,83.54,27,16.46
1633,16,33,86,62,72.09,24,27.91
1634,16,34,134,89,66.42,45,33.58
1635,16,35,192,150,78.13,42,21.88
1636,16,36,88,53,60.23,35,39.77
1701,17,1,201,164,81.59,37,18.41
1702,17,2,162,118,72.84,44,27.16
1703,17,3,169,121,71.6,48,28.4
1704,17,4,226,161,71.24,65,28.76
1705,17,5,118,83,70.34,35,29.66
1706,17,6,150,117,78.0,33,22.0
1707,17,7,162,125,77.16,37,22.84
1708,17,8,137,99,72.26,38,27.74
1709,17,9,142,99,69.72,43,30.28
1710,17,10,227,169,74.45,58,25.55
1711,17,11,131,93,70.99,38,29.01
1712,17,12,228,188,82.46,40,17.54
1713,17,13,116,77,66.38,39,33.62
1714,17,14,140,110,78.57,30,21.43
1715,17,15,179,132,73.74,47,26.26
1716,17,16,174,134,77.01,40,22.99
1717,17,17,173,125,72.25,48,27.75
1718,17,18,219,160,73.06,59,26.94
1719,17,19,103,70,67.96,33,32.04
1720,17,20,257,203,78.99,54,21.01
1721,17,21,265,204,76.98,61,23.02
1722,17,22,137,98,71.53,39,28.47
1723,17,23,115,77,66.96,38,33.04
1724,17,24,198,138,69.7,60,30.3
1725,17,25,132,95,71.97,37,28.03
1726,17,26,197,152,77.16,45,22.84
1727,17,27,176,128,72.73,48,27.27
1728,17,28,134,100,74.63,34,25.37
1729,17,29,129,97,75.19,32,24.81
1730,17,30,130,104,80.0,26,20.0
1731,17,31,103,73,70.87,30,29.13
1732,17,32,142,91,64.08,51,35.92
1733,17,33,78,58,74.36,20,25.64
1734,17,34,105,75,71.43,30,28.57
1735,17,35,89,76,85.39,13,14.61
1736,17,36,160,113,70.63,47,29.38
1737,17,37,173,123,71.1,50,28.9
1738,17,38,179,131,73.18,48,26.82
1739,17,39,185,146,78.92,39,21.08
1740,17,40,212,161,75.94,51,24.06
1741,17,41,249,191,76.71,58,23.29
1801,18,1,185,149,80.54,36,19.46
1802,18,2,176,134,76.14,42,23.86
1803,18,3,153,106,69.28,47,30.72
1804,18,4,242,202,83.47,40,16.53
1805,18,5,129,86,66.67,43,33.33
1806,18,6,183,129,70.49,54,29.51
1807,18,7,179,144,80.45,35,19.55
1808,18,8,229,190,82.97,39,17.03
1809,18,9,219,173,79.0,46,21.0
1810,18,10,322,234,72.67,88,27.33
1811,18,11,166,128,77.11,38,22.89
1812,18,12,180,142,78.89,38,21.11
1813,18,13,230,176,76.52,54,23.48
1814,18,14,229,178,77.73,51,22.27
1815,18,15,220,171,77.73,49,22.27
1816,18,16,200,151,75.5,49,24.5
1817,18,17,211,159,75.36,52,24.64
1818,18,18,188,146,77.66,42,22.34
1819,18,19,186,149,80.11,37,19.89
1820,18,20,158,127,80.38,31,19.62
1821,18,21,247,183,74.09,64,25.91
1822,18,22,275,210,76.36,65,23.64
1823,18,23,179,145,81.01,34,18.99
1824,18,24,164,114,69.51,50,30.49
1825,18,25,183,126,68.85,57,31.15
1826,18,26,280,216,77.14,64,22.86
1827,18,27,173,129,74.57,44,25.43
1828,18,28,180,118,65.56,62,34.44
1829,18,29,229,168,73.36,61,26.64
1830,18,30,218,153,70.18,65,29.82
1831,18,31,236,198,83.9,38,16.1
1832,18,32,230,176,76.52,54,23.48
1833,18,33,161,114,70.81,47,29.19
1834,18,34,269,229,85.13,40,14.87
1835,18,35,262,216,82.44,46,17.56
1836,18,36,197,145,73.6,52,26.4
1837,18,37,274,216,78.83,58,21.17
1838,18,38,202,152,75.25,50,24.75
1839,18,39,144,101,70.14,43,29.86
1840,18,40,217,154,70.97,63,29.03
1841,18,41,267,201,75.28,66,24.72
1842,18,42,165,124,75.15,41,24.85
1843,18,43,136,98,72.06,38,27.94
1844,18,44,171,123,71.93,48,28.07
1845,18,45,174,142,81.61,32,18.39
1846,18,46,212,152,71.7,60,28.3
1847,18,47,142,106,74.65,36,25.35
1848,18,48,135,100,74.07,35,25.93
1849,18,49,117,83,70.94,34,29.06
1850,18,50,139,98,70.5,41,29.5
1901,19,1,208,94,45.19,114,54.81
1902,19,2,360,276,76.67,84,23.33
1903,19,3,163,54,33.13,109,66.87
1904,19,4,246,86,34.96,160,65.04
1905,19,5,325,230,70.77,95,29.23
1906,19,6,199,92,46.23,107,53.77
1907,19,7,214,92,42.99,122,57.01
1908,19,8,215,72,33.49,143,66.51
1909,19,9,177,86,48.59,91,51.41
1910,19,10,337,222,65.88,115,34.12
1911,19,11,199,70,35.18,129,64.82
1912,19,12,180,60,33.33,120,66.67
1913,19,13,308,251,81.49,57,18.51
1914,19,14,251,157,62.55,94,37.45
1915,19,15,240,92,38.33,148,61.67
1916,19,16,231,71,30.74,160,69.26
1917,19,17,201,93,46.27,108,53.73
1918,19,18,294,194,65.99,100,34.01
1919,19,19,375,239,63.73,136,36.27
1920,19,20,278,193,69.42,85,30.58
1921,19,21,180,62,34.44,118,65.56
1922,19,22,303,188,62.05,115,37.95
1923,19,23,266,100,37.59,166,62.41
1924,19,24,174,60,34.48,114,65.52
1925,19,25,259,144,55.6,115,44.4
1926,19,26,259,147,56.76,112,43.24
1927,19,27,266,196,73.68,70,26.32
1928,19,28,287,223,77.7,64,22.3
1929,19,29,207,82,39.61,125,60.39
1930,19,30,198,65,32.83,133,67.17
1931,19,31,243,142,58.44,101,41.56
1932,19,32,216,99,45.83,117,54.17
1933,19,33,224,86,38.39,138,61.61
1934,19,34,263,153,58.17,110,41.83
1935,19,35,262,155,59.16,107,40.84
1936,19,36,318,234,73.58,84,26.42
1937,19,37,287,222,77.35,65,22.65
1938,19,38,240,165,68.75,75,31.25
1939,19,39,84,62,73.81,22,26.19
1940,19,40,269,190,70.63,79,29.37
1941,19,41,184,49,26.63,135,73.37
1942,19,42,211,156,73.93,55,26.07
1943,19,43,345,274,79.42,71,20.58
1944,19,44,235,71,30.21,164,69.79
1945,19,45,225,97,43.11,128,56.89
1946,19,46,243,76,31.28,167,68.72
1947,19,47,396,293,73.99,103,26.01
1948,19,48,268,204,76.12,64,23.88
1949,19,49,324,251,77.47,73,22.53
1950,19,50,205,93,45.37,112,54.63
1951,19,51,281,124,44.13,157,55.87
1952,19,52,226,79,34.96,147,65.04
1953,19,53,214,113,52.8,101,47.2
1954,19,54,156,59,37.82,97,62.18
1955,19,55,166,63,37.95,103,62.05
1956,19,56,310,217,70.0,93,30.0
1957,19,57,271,191,70.48,80,29.52
2001,20,1,217,153,70.51,64,29.49
2002,20,2,55,37,67.27,18,32.73
2003,20,3,160,119,74.38,41,25.63
2004,20,4,79,56,70.89,23,29.11
2005,20,5,227,188,82.82,39,17.18
2006,20,6,79,54,68.35,25,31.65
2007,20,7,182,141,77.47,41,22.53
2008,20,8,176,127,72.16,49,27.84
2009,20,9,309,252,81.55,57,18.45
2010,20,10,119,90,75.63,29,24.37
2011,20,11,243,183,75.31,60,24.69
2012,20,12,148,101,68.24,47,31.76
2013,20,13,212,133,62.74,79,37.26
2014,20,14,115,80,69.57,35,30.43
2015,20,15,170,138,81.18,32,18.82
2016,20,16,260,211,81.15,49,18.85
2017,20,17,119,103,86.55,16,13.45
2018,20,18,124,95,76.61,29,23.39
2019,20,19,188,136,72.34,52,27.66
2020,20,20,124,106,85.48,18,14.52
2021,20,21,123,94,76.42,29,23.58
2022,20,22,252,208,82.54,44,17.46
2023,20,23,165,115,69.7,50,30.3
2024,20,24,225,180,80.0,45,20.0
2025,20,25,119,79,66.39,40,33.61
2026,20,26,204,155,75.98,49,24.02
2027,20,27,102,72,70.59,30,29.41
2028,20,28,109,80,73.39,29,26.61
2029,20,29,205,139,67.8,66,32.2
2030,20,30,95,53,55.79,42,44.21
2031,20,31,231,164,71.0,67,29.0
2032,20,32,151,114,75.5,37,24.5
2033,20,33,125,100,80.0,25,20.0
2034,20,34,280,242,86.43,38,13.57
2035,20,35,122,77,63.11,45,36.89
2036,20,36,53,37,69.81,16,30.19
2037,20,37,49,37,75.51,12,24.49
2038,20,38,56,39,69.64,17,30.36
2039,20,39,12,10,83.33,2,16.67
2101,21,1,225,181,80.44,44,19.56
2102,21,2,160,114,71.25,46,28.75
2103,21,3,234,168,71.79,66,28.21
2104,21,4,178,140,78.65,38,21.35
2105,21,5,264,208,78.79,56,21.21
2106,21,6,196,147,75.0,49,25.0
2107,21,7,223,172,77.13,51,22.87
2108,21,8,220,167,75.91,53,24.09
2109,21,9,252,191,75.79,61,24.21
2110,21,10,190,145,76.32,45,23.68
2111,21,11,211,160,75.83,51,24.17
2112,21,12,184,137,74.46,47,25.54
2113,21,13,192,140,72.92,52,27.08
2114,21,14,241,186,77.18,55,22.82
2115,21,15,190,144,75.79,46,24.21
2116,21,16,189,150,79.37,39,20.63
2117,21,17,166,125,75.3,41,24.7
2118,21,18,228,164,71.93,64,28.07
2119,21,19,222,161,72.52,61,27.48
2120,21,20,174,145,83.33,29,16.67
2121,21,21,171,133,77.78,38,22.22
2122,21,22,181,140,77.35,41,22.65
2123,21,23,172,131,76.16,41,23.84
2124,21,24,240,186,77.5,54,22.5
2125,21,25,184,146,79.35,38,20.65
2126,21,26,167,124,74.25,43,25.75
2127,21,27,211,168,79.62,43,20.38
2128,21,28,249,170,68.27,79,31.73
2129,21,29,264,211,79.92,53,20.08
2130,21,30,156,116,74.36,40,25.64
2131,21,31,168,133,79.17,35,20.83
2132,21,32,188,142,75.53,46,24.47
2133,21,33,197,150,76.14,47,23.86
2134,21,34,177,121,68.36,56,31.64
2135,21,35,258,206,79.84,52,20.16
2136,21,36,210,156,74.29,54,25.71
2137,21,37,142,108,76.06,34,23.94
2138,21,38,186,134,72.04,52,27.96
2139,21,39,173,119,68.79,54,31.21
2140,21,40,202,160,79.21,42,20.79
2141,21,41,210,158,75.24,52,24.76
2142,21,42,244,185,75.82,59,24.18
2143,21,43,178,143,80.34,35,19.66
2144,21,44,237,193,81.43,44,18.57
2145,21,45,182,148,81.32,34,18.68
2146,21,46,230,172,74.78,58,25.22
2147,21,47,174,129,74.14,45,25.86
2148,21,48,196,154,78.57,42,21.43
2149,21,49,240,189,78.75,51,21.25
2150,21,50,157,115,73.25,42,26.75
2151,21,51,218,171,78.44,47,21.56
2152,21,52,193,153,79.27,40,20.73
2153,21,53,184,152,82.61,32,17.39
2154,21,54,178,131,73.6,47,26.4
2201,22,1,110,72,65.45,38,34.55
2202,22,2,227,167,73.57,60,26.43
2203,22,3,270,239,88.52,31,11.48
2204,22,4,161,142,88.2,19,11.8
2205,22,5,167,147,88.02,20,11.98
2206,22,6,189,160,84.66,29,15.34
2207,22,7,133,120,90.23,13,9.77
2208,22,8,243,189,77.78,54,22.22
2209,22,9,128,115,89.84,13,10.16
2210,22,10,244,212,86.89,32,13.11
2211,22,11,171,151,88.3,20,11.7
2212,22,12,151,108,71.52,43,28.48
2213,22,13,184,160,86.96,24,13.04
2214,22,14,169,140,82.84,29,17.16
2215,22,15,145,127,87.59,18,12.41
2216,22,16,142,128,90.14,14,9.86
2217,22,17,194,170,87.63,24,12.37
2218,22,18,145,128,88.28,17,11.72
2219,22,19,82,62,75.61,20,24.39
2220,22,20,201,180,89.55,21,10.45
2221,22,21,183,132,72.13,51,27.87
2222,22,22,151,130,86.09,21,13.91
2223,22,23,230,162,70.43,68,29.57
2224,22,24,220,181,82.27,39,17.73
2225,22,25,187,163,87.17,24,12.83
2301,23,1,154,82,53.25,72,46.75
2302,23,2,158,82,51.9,76,48.1
2303,23,3,144,78,54.17,66,45.83
2304,23,4,195,104,53.33,91,46.67
2305,23,5,213,169,79.34,44,20.66
2306,23,6,85,62,72.94,23,27.06
2307,23,7,157,124,78.98,33,21.02
2308,23,8,206,159,77.18,47,22.82
2309,23,9,168,140,83.33,28,16.67
2310,23,10,205,154,75.12,51,24.88
2311,23,11,193,154,79.79,39,20.21
2312,23,12,170,91,53.53,79,46.47
2313,23,13,163,131,80.37,32,19.63
2314,23,14,164,83,50.61,81,49.39
2315,23,15,66,52,78.79,14,21.21
2316,23,16,168,77,45.83,91,54.17
2317,23,17,115,93,80.87,22,19.13
2318,23,18,133,71,53.38,62,46.62
2319,23,19,156,133,85.26,23,14.74
2320,23,20,107,87,81.31,20,18.69
2321,23,21,196,107,54.59,89,45.41
2322,23,22,162,100,61.73,62,38.27
2323,23,23,173,98,56.65,75,43.35
2324,23,24,129,110,85.27,19,14.73
2325,23,25,160,129,80.63,31,19.38
2326,23,26,166,124,74.7,42,25.3
2327,23,27,165,91,55.15,74,44.85
2328,23,28,172,104,60.47,68,39.53
2329,23,29,147,80,54.42,67,45.58
2330,23,30,226,166,73.45,60,26.55
2331,23,31,163,134,82.21,29,17.79
2332,23,32,168,131,77.98,37,22.02
2333,23,33,181,146,80.66,35,19.34
2334,23,34,190,148,77.89,42,22.11
2335,23,35,128,74,57.81,54,42.19
2336,23,36,145,82,56.55,63,43.45
2337,23,37,178,89,50.0,89,50.0
2338,23,38,144,88,61.11,56,38.89
2339,23,39,207,173,83.57,34,16.43
2401,24,1,156,113,72.44,43,27.56
2402,24,2,125,76,60.8,49,39.2
2403,24,3,152,116,76.32,36,23.68
2404,24,4,114,80,70.18,34,29.82
2405,24,5,78,57,73.08,21,26.92
2406,24,6,186,129,69.35,57,30.65
2407,24,7,104,83,79.81,21,20.19
2408,24,8,69,40,57.97,29,42.03
2409,24,9,129,89,68.99,40,31.01
2410,24,10,75,57,76.0,18,24.0
2411,24,11,155,118,76.13,37,23.87
2412,24,12,78,47,60.26,31,39.74
2413,24,13,71,40,56.34,31,43.66
2414,24,14,130,75,57.69,55,42.31
2415,24,15,59,42,71.19,17,28.81
2416,24,16,374,276,73.8,98,26.2
2417,24,17,116,75,64.66,41,35.34
2418,24,18,175,131,74.86,44,25.14
2419,24,19,202,141,69.8,61,30.2
2420,24,20,124,86,69.35,38,30.65
2421,24,21,83,59,71.08,24,28.92
2422,24,22,207,131,63.29,76,36.71
2423,24,23,113,70,61.95,43,38.05
2424,24,24,164,115,70.12,49,29.88
2425,24,25,113,81,71.68,32,28.32
2426,24,26,238,187,78.57,51,21.43
2427,24,27,171,112,65.5,59,34.5
2428,24,28,126,81,64.29,45,35.71
2429,24,29,123,95,77.24,28,22.76
2430,24,30,93,65,69.89,28,30.11
2431,24,31,168,127,75.6,41,24.4
2432,24,32,89,61,68.54,28,31.46
2433,24,33,109,82,75.23,27,24.77
2434,24,34,152,99,65.13,53,34.87
2435,24,35,140,89,63.57,51,36.43
2436,24,36,197,151,76.65,46,23.35
2437,24,37,82,61,74.39,21,25.61
2438,24,38,147,112,76.19,35,23.81
2439,24,39,146,102,69.86,44,30.14
2440,24,40,162,123,75.93,39,24.07
2441,24,41,116,79,68.1,37,31.9
2501,25,1,205,176,85.85,29,14.15
2502,25,2,279,252,90.32,27,9.68
2503,25,3,240,183,76.25,57,23.75
2504,25,4,161,125,77.64,36,22.36
2505,25,5,268,211,78.73,57,21.27
2506,25,6,66,49,74.24,17,25.76
2507,25,7,250,224,89.6,26,10.4
2508,25,8,290,253,87.24,37,12.76
2509,25,9,218,199,91.28,19,8.72
2510,25,10,209,168,80.38,41,19.62
2511,25,11,276,253,91.67,23,8.33
2512,25,12,242,210,86.78,32,13.22
2513,25,13,259,232,89.58,27,10.42
2514,25,14,132,99,75.0,33,25.0
2515,25,15,217,187,86.18,30,13.82
2516,25,16,256,208,81.25,48,18.75
2517,25,17,235,204,86.81,31,13.19
2518,25,18,111,78,70.27,33,29.73
2519,25,19,253,229,90.51,24,9.49
2520,25,20,110,76,69.09,34,30.91
2521,25,21,280,232,82.86,48,17.14
2522,25,22,230,204,88.7,26,11.3
2523,25,23,293,265,90.44,28,9.56
2524,25,24,262,226,86.26,36,13.74
2525,25,25,192,143,74.48,49,25.52
2526,25,26,258,228,88.37,30,11.63
2527,25,27,222,179,80.63,43,19.37
2528,25,28,282,260,92.2,22,7.8
2529,25,29,177,122,68.93,55,31.07
2530,25,30,248,220,88.71,28,11.29
2531,25,31,279,221,79.21,58,20.79
2532,25,32,186,151,81.18,35,18.82
2601,26,1,190,168,88.42,22,11.58
2602,26,2,147,125,85.03,22,14.97
2603,26,3,195,162,83.08,33,16.92
2604,26,4,109,93,85.32,16,14.68
2605,26,5,190,160,84.21,30,15.79
2606,26,6,171,151,88.3,20,11.7
2607,26,7,200,169,84.5,31,15.5
2608,26,8,102,91,89.22,11,10.78
2609,26,9,146,122,83.56,24,16.44
2610,26,10,156,135,86.54,21,13.46
2611,26,11,173,145,83.82,28,16.18
2612,26,12,198,170,85.86,28,14.14
2613,26,13,96,76,79.17,20,20.83
2614,26,14,137,125,91.24,12,8.76
2615,26,15,92,74,80.43,18,19.57
2616,26,16,72,59,81.94,13,18.06
2617,26,17,141,105,74.47,36,25.53
2618,26,18,80,69,86.25,11,13.75
2619,26,19,112,86,76.79,26,23.21
2620,26,20,174,145,83.33,29,16.67
2621,26,21,205,167,81.46,38,18.54
2622,26,22,87,73,83.91,14,16.09
2623,26,23,144,129,89.58,15,10.42
2624,26,24,104,96,92.31,8,7.69
2625,26,25,128,107,83.59,21,16.41
2626,26,26,102,93,91.18,9,8.82
2627,26,27,165,146,88.48,19,11.52
2628,26,28,229,190,82.97,39,17.03
2629,26,29,78,66,84.62,12,15.38
2630,26,30,134,118,88.06,16,11.94
2631,26,31,83,77,92.77,6,7.23
2632,26,32,188,152,80.85,36,19.15
2633,26,33,203,183,90.15,20,9.85
2634,26,34,155,136,87.74,19,12.26
2635,26,35,151,132,87.42,19,12.58
2636,26,36,160,141,88.13,19,11.88
2637,26,37,174,153,87.93,21,12.07
2638,26,38,69,54,78.26,15,21.74
2639,26,39,191,164,85.86,27,14.14
2640,26,40,139,116,83.45,23,16.55
2641,26,41,188,151,80.32,37,19.68
2642,26,42,130,109,83.85,21,16.15
2643,26,43,99,84,84.85,15,15.15
2644,26,44,62,55,88.71,7,11.29
2645,26,45,80,69,86.25,11,13.75
2646,26,46,116,92,79.31,24,20.69
2647,26,47,99,89,89.9,10,10.1
2648,26,48,177,153,86.44,24,13.56
2649,26,49,78,64,82.05,14,17.95
2701,27,1,263,216,82.13,47,17.87
2702,27,2,169,136,80.47,33,19.53
2703,27,3,101,76,75.25,25,24.75
2704,27,4,107,81,75.7,26,24.3
2705,27,5,157,116,73.89,41,26.11
2706,27,6,205,162,79.02,43,20.98
2707,27,7,269,218,81.04,51,18.96
2708,27,8,150,106,70.67,44,29.33
2709,27,9,89,64,71.91,25,28.09
2710,27,10,216,150,69.44,66,30.56
2711,27,11,150,115,76.67,35,23.33
2712,27,12,133,105,78.95,28,21.05
2713,27,13,311,261,83.92,50,16.08
2714,27,14,86,58,67.44,28,32.56
2715,27,15,109,73,66.97,36,33.03
2716,27,16,161,140,86.96,21,13.04
2717,27,17,196,163,83.16,33,16.84
2718,27,18,143,102,71.33,41,28.67
2719,27,19,95,71,74.74,24,25.26
2720,27,20,129,95,73.64,34,26.36
2721,27,21,172,140,81.4,32,18.6
2722,27,22,101,72,71.29,29,28.71
2723,27,23,155,110,70.97,45,29.03
2724,27,24,114,87,76.32,27,23.68
2725,27,25,194,167,86.08,27,13.92
2726,27,26,147,117,79.59,30,20.41
2727,27,27,222,167,75.23,55,24.77
2728,27,28,156,119,76.28,37,23.72
2729,27,29,129,99,76.74,30,23.26
2730,27,30,104,82,78.85,22,21.15
2731,27,31,158,124,78.48,34,21.52
2732,27,32,202,158,78.22,44,21.78
2733,27,33,205,162,79.02,43,20.98
2734,27,34,125,80,64.0,45,36.0
2735,27,35,222,183,82.43,39,17.57
2736,27,36,155,133,85.81,22,14.19
2737,27,37,174,121,69.54,53,30.46
2738,27,38,249,188,75.5,61,24.5
2739,27,39,168,130,77.38,38,22.62
2740,27,40,228,182,79.82,46,20.18
2741,27,41,201,147,73.13,54,26.87
2742,27,42,130,93,71.54,37,28.46
2743,27,43,136,96,70.59,40,29.41
2744,27,44,134,107,79.85,27,20.15
2745,27,45,347,293,84.44,54,15.56
2746,27,46,136,106,77.94,30,22.06
2747,27,47,145,104,71.72,41,28.28
2748,27,48,284,230,80.99,54,19.01
2749,27,49,150,120,80.0,30,20.0
2750,27,50,188,131,69.68,57,30.32
2801,28,1,100,69,69.0,31,31.0
2802,28,2,146,107,73.29,39,26.71
2803,28,3,126,99,78.57,27,21.43
2804,28,4,117,100,85.47,17,14.53
2805,28,5,130,100,76.92,30,23.08
2806,28,6,79,65,82.28,14,17.72
2807,28,7,149,121,81.21,28,18.79
2808,28,8,130,107,82.31,23,17.69
2809,28,9,140,102,72.86,38,27.14
2810,28,10,184,146,79.35,38,20.65
2811,28,11,359,304,84.68,55,15.32
2812,28,12,144,95,65.97,49,34.03
2813,28,13,189,136,71.96,53,28.04
2814,28,14,142,105,73.94,37,26.06
2815,28,15,34,20,58.82,14,41.18
2816,28,16,84,58,69.05,26,30.95
2817,28,17,130,101,77.69,29,22.31
2818,28,18,139,85,61.15,54,38.85
2819,28,19,138,110,79.71,28,20.29
2820,28,20,131,98,74.81,33,25.19
2821,28,21,147,109,74.15,38,25.85
2822,28,22,172,138,80.23,34,19.77
2823,28,23,207,150,72.46,57,27.54
2824,28,24,132,86,65.15,46,34.85
2825,28,25,236,189,80.08,47,19.92
2826,28,26,139,110,79.14,29,20.86
2827,28,27,169,131,77.51,38,22.49
2828,28,28,212,153,72.17,59,27.83
2829,28,29,71,50,70.42,21,29.58
2830,28,30,30,20,66.67,10,33.33
2831,28,31,208,150,72.12,58,27.88
2832,28,32,141,89,63.12,52,36.88
2833,28,33,169,120,71.01,49,28.99
2834,28,34,242,171,70.66,71,29.34
2835,28,35,142,111,78.17,31,21.83
2836,28,36,88,69,78.41,19,21.59
2837,28,37,187,147,78.61,40,21.39
2838,28,38,52,36,69.23,16,30.77
2839,28,39,103,80,77.67,23,22.33
2840,28,40,202,150,74.26,52,25.74
2841,28,41,112,88,78.57,24,21.43
2842,28,42,141,103,73.05,38,26.95
2843,28,43,167,117,70.06,50,29.94
2844,28,44,123,101,82.11,22,17.89
2845,28,45,154,124,80.52,30,19.48
2846,28,46,303,246,81.19,57,18.81
2901,29,1,275,200,72.73,75,27.27
2902,29,2,248,168,67.74,80,32.26
2903,29,3,214,130,60.75,84,39.25
2904,29,4,243,158,65.02,85,34.98
2905,29,5,126,88,69.84,38,30.16
2906,29,6,132,93,70.45,39,29.55
2907,29,7,222,172,77.48,50,22.52
2908,29,8,158,116,73.42,42,26.58
2909,29,9,228,157,68.86,71,31.14
2910,29,10,289,223,77.16,66,22.84
2911,29,11,107,76,71.03,31,28.97
2912,29,12,272,199,73.16,73,26.84
2913,29,13,193,129,66.84,64,33.16
2914,29,14,200,140,70.0,60,30.0
2915,29,15,241,167,69.29,74,30.71
2916,29,16,192,128,66.67,64,33.33
2917,29,17,208,153,73.56,55,26.44
2918,29,18,179,121,67.6,58,32.4
2919,29,19,211,143,67.77,68,32.23
2920,29,20,213,139,65.26,74,34.74
2921,29,21,234,151,64.53,83,35.47
2922,29,22,179,105,58.66,74,41.34
2923,29,23,229,156,68.12,73,31.88
2924,29,24,187,126,67.38,61,32.62
2925,29,25,245,167,68.16,78,31.84
2926,29,26,180,136,75.56,44,24.44
2927,29,27,172,123,71.51,49,28.49
2928,29,28,249,186,74.7,63,25.3
2929,29,29,176,112,63.64,64,36.36
2930,29,30,210,158,75.24,52,24.76
2931,29,31,124,89,71.77,35,28.23
2932,29,32,152,104,68.42,48,31.58
2933,29,33,136,82,60.29,54,39.71
2934,29,34,162,97,59.88,65,40.12
2935,29,35,146,98,67.12,48,32.88
2936,29,36,188,137,72.87,51,27.13
2937,29,37,211,128,60.66,83,39.34
2938,29,38,205,156,76.1,49,23.9
2939,29,39,126,102,80.95,24,19.05
2940,29,40,259,172,66.41,87,33.59
2941,29,41,168,103,61.31,65,38.69
2942,29,42,229,153,66.81,76,33.19
2943,29,43,272,204,75.0,68,25.0
2944,29,44,247,177,71.66,70,28.34
3001,30,1,230,172,74.78,58,25.22
3002,30,2,184,138,75.0,46,25.0
3003,30,3,188,161,85.64,27,14.36
3004,30,4,182,136,74.73,46,25.27
3005,30,5,151,125,82.78,26,17.22
3006,30,6,185,138,74.59,47,25.41
3007,30,7,225,173,76.89,52,23.11
3008,30,8,276,232,84.06,44,15.94
3009,30,9,158,125,79.11,33,20.89
3010,30,10,201,160,79.6,41,20.4
3011,30,11,183,160,87.43,23,12.57
3012,30,12,157,128,81.53,29,18.47
3013,30,13,173,143,82.66,30,17.34
3014,30,14,142,118,83.1,24,16.9
3015,30,15,246,193,78.46,53,21.54
3016,30,16,95,83,87.37,12,12.63
3017,30,17,169,124,73.37,45,26.63
3018,30,18,267,233,87.27,34,12.73
3019,30,19,194,163,84.02,31,15.98
3020,30,20,212,174,82.08,38,17.92
3021,30,21,147,103,70.07,44,29.93
3022,30,22,296,260,87.84,36,12.16
3023,30,23,227,182,80.18,45,19.82
3024,30,24,302,266,88.08,36,11.92
3025,30,25,286,241,84.27,45,15.73
3026,30,26,117,95,81.2,22,18.8
3027,30,27,143,115,80.42,28,19.58
3028,30,28,234,190,81.2,44,18.8
3029,30,29,113,103,91.15,10,8.85
3030,30,30,83,66,79.52,17,20.48
3031,30,31,121,87,71.9,34,28.1
3032,30,32,182,148,81.32,34,18.68
3101,31,1,106,85,80.19,21,19.81
3102,31,2,99,75,75.76,24,24.24
3103,31,3,131,114,87.02,17,12.98
3104,31,4,144,127,88.19,17,11.81
3105,31,5,147,119,80.95,28,19.05
3106,31,6,77,70,90.91,7,9.09
3107,31,7,247,210,85.02,37,14.98
3108,31,8,114,92,80.7,22,19.3
3109,31,9,126,106,84.13,20,15.87
3110,31,10,165,133,80.61,32,19.39
3111,31,11,103,81,78.64,22,21.36
3112,31,12,109,80,73.39,29,26.61
3113,31,13,141,118,83.69,23,16.31
3114,31,14,113,85,75.22,28,24.78
3115,31,15,126,105,83.33,21,16.67
3116,31,16,219,191,87.21,28,12.79
3117,31,17,100,76,76.0,24,24.0
3118,31,18,117,103,88.03,14,11.97
3119,31,19,128,108,84.38,20,15.63
3120,31,20,97,82,84.54,15,15.46
3121,31,21,106,82,77.36,24,22.64
3122,31,22,102,84,82.35,18,17.65
3123,31,23,132,105,79.55,27,20.45
3124,31,24,143,111,77.62,32,22.38
3125,31,25,124,96,77.42,28,22.58
3126,31,26,148,118,79.73,30,20.27
3127,31,27,123,102,82.93,21,17.07
3128,31,28,86,74,86.05,12,13.95
3129,31,29,95,75,78.95,20,21.05
3130,31,30,97,90,92.78,7,7.22
3131,31,31,94,67,71.28,27,28.72
3132,31,32,90,74,82.22,16,17.78
3133,31,33,116,92,79.31,24,20.69
3134,31,34,144,109,75.69,35,24.31
3135,31,35,157,141,89.81,16,10.19
3136,31,36,117,98,83.76,19,16.24
3137,31,37,136,110,80.88,26,19.12
3138,31,38,94,73,77.66,21,22.34
3139,31,39,153,136,88.89,17,11.11
3140,31,40,151,130,86.09,21,13.91
3141,31,41,105,88,83.81,17,16.19
3201,32,1,299,235,78.6,64,21.4
3202,32,2,233,190,81.55,43,18.45
3203,32,3,317,275,86.75,42,13.25
3204,32,4,228,193,84.65,35,15.35
3205,32,5,233,188,80.69,45,19.31
3206,32,6,240,207,86.25,33,13.75
3207,32,7,242,197,81.4,45,18.6
3208,32,8,250,208,83.2,42,16.8
3209,32,9,228,172,75.44,56,24.56
3210,32,10,234,180,76.92,54,23.08
3211,32,11,242,208,85.95,34,14.05
3212,32,12,192,168,87.5,24,12.5
3213,32,13,229,184,80.35,45,19.65
3214,32,14,278,247,88.85,31,11.15
3215,32,15,232,183,78.88,49,21.12
3216,32,16,237,198,83.54,39,16.46
3217,32,17,293,254,86.69,39,13.31
3218,32,18,193,149,77.2,44,22.8
3219,32,19,217,171,78.8,46,21.2
3220,32,20,295,259,87.8,36,12.2
3221,32,21,266,212,79.7,54,20.3
3222,32,22,282,249,88.3,33,11.7
3223,32,23,251,201,80.08,50,19.92
3224,32,24,139,110,79.14,29,20.86
3225,32,25,213,173,81.22,40,18.78
3226,32,26,312,269,86.22,43,13.78
3227,32,27,187,151,80.75,36,19.25
3228,32,28,295,266,90.17,29,9.83
3229,32,29,258,207,80.23,51,19.77
3230,32,30,174,136,78.16,38,21.84
3231,32,31,232,185,79.74,47,20.26
3232,32,32,256,217,84.77,39,15.23
3233,32,33,225,180,80.0,45,20.0
3234,32,34,249,208,83.53,41,16.47
3235,32,35,184,146,79.35,38,20.65
3236,32,36,223,192,86.1,31,13.9
3237,32,37,222,187,84.23,35,15.77
3238,32,38,213,172,80.75,41,19.25
3239,32,39,222,167,75.23,55,24.77
3240,32,40,244,191,78.28,53,21.72
3241,32,41,245,197,80.41,48,19.59
3242,32,42,188,150,79.79,38,20.21
3243,32,43,274,227,82.85,47,17.15
3301,33,1,329,278,84.5,51,15.5
3302,33,2,364,308,84.62,56,15.38
3303,33,3,416,356,85.58,60,14.42
3304,33,4,403,347,86.1,56,13.9
3305,33,5,234,191,81.62,43,18.38
3306,33,6,262,222,84.73,40,15.27
3307,33,7,304,252,82.89,52,17.11
3308,33,8,458,380,82.97,78,17.03
3309,33,9,283,235,83.04,48,16.96
3310,33,10,242,176,72.73,66,27.27
3311,33,11,290,234,80.69,56,19.31
3312,33,12,267,224,83.9,43,16.1
3313,33,13,280,238,85.0,42,15.0
3314,33,14,116,104,89.66,12,10.34
3315,33,15,287,229,79.79,58,20.21
3316,33,16,395,316,80.0,79,20.0
3317,33,17,273,226,82.78,47,17.22
3318,33,18,346,299,86.42,47,13.58
3319,33,19,327,270,82.57,57,17.43
3320,33,20,370,310,83.78,60,16.22
3321,33,21,300,232,77.33,68,22.67
3322,33,22,265,196,73.96,69,26.04
3323,33,23,310,250,80.65,60,19.35
3324,33,24,435,346,79.54,89,20.46
3325,33,25,361,269,74.52,92,25.48
3326,33,26,215,190,88.37,25,11.63
3327,33,27,316,272,86.08,44,13.92
3328,33,28,269,233,86.62,36,13.38
3401,34,1,237,188,79.32,49,20.68
3402,34,2,181,139,76.8,42,23.2
3403,34,3,229,162,70.74,67,29.26
3404,34,4,140,88,62.86,52,37.14
3405,34,5,200,146,73.0,54,27.0
3406,34,6,242,159,65.7,83,34.3
3407,34,7,247,196,79.35,51,20.65
3408,34,8,157,115,73.25,42,26.75
3409,34,9,115,79,68.7,36,31.3
3410,34,10,222,174,78.38,48,21.62
3411,34,11,151,110,72.85,41,27.15
3412,34,12,238,182,76.47,56,23.53
3413,34,13,221,165,74.66,56,25.34
3414,34,14,161,115,71.43,46,28.57
3415,34,15,172,115,66.86,57,33.14
3416,34,16,166,118,71.08,48,28.92
3417,34,17,273,212,77.66,61,22.34
3418,34,18,138,100,72.46,38,27.54
3419,34,19,203,162,79.8,41,20.2
3420,34,20,279,200,71.68,79,28.32
3421,34,21,268,224,83.58,44,16.42
3422,34,22,204,157,76.96,47,23.04
3423,34,23,180,135,75.0,45,25.0
3424,34,24,184,129,70.11,55,29.89
3425,34,25,327,249,76.15,78,23.85
3426,34,26,243,171,70.37,72,29.63
3427,34,27,159,107,67.3,52,32.7
3428,34,28,106,65,61.32,41,38.68
3429,34,29,176,137,77.84,39,22.16
3430,34,30,207,168,81.16,39,18.84
3431,34,31,135,90,66.67,45,33.33
3432,34,32,194,137,70.62,57,29.38
3433,34,33,142,98,69.01,44,30.99
3434,34,34,266,201,75.56,65,24.44
3435,34,35,242,185,76.45,57,23.55
3436,34,36,185,133,71.89,52,28.11
3437,34,37,111,76,68.47,35,31.53
3438,34,38,82,52,63.41,30,36.59
3439,34,39,126,68,53.97,58,46.03
3440,34,40,220,166,75.45,54,24.55
3441,34,41,133,86,64.66,47,35.34
3442,34,42,225,176,78.22,49,21.78
3443,34,43,202,159,78.71,43,21.29
3444,34,44,219,164,74.89,55,25.11
3445,34,45,183,146,79.78,37,20.22
3446,34,46,165,133,80.61,32,19.39
3447,34,47,217,157,72.35,60,27.65
3448,34,48,250,210,84.0,40,16.0
3449,34,49,203,152,74.88,51,25.12
3450,34,50,155,113,72.9,42,27.1
3451,34,51,250,188,75.2,62,24.8
3452,34,52,176,151,85.8,25,14.2
3453,34,53,126,94,74.6,32,25.4
3501,35,1,265,237,89.43,28,10.57
3502,35,2,268,234,87.31,34,12.69
3503,35,3,210,186,88.57,24,11.43
3504,35,4,238,202,84.87,36,15.13
3505,35,5,198,175,88.38,23,11.62
3506,35,6,243,199,81.89,44,18.11
3507,35,7,259,229,88.42,30,11.58
3508,35,8,237,209,88.19,28,11.81
3509,35,9,194,143,73.71,51,26.29
3510,35,10,327,292,89.3,35,10.7
3511,35,11,257,223,86.77,34,13.23
3512,35,12,146,130,89.04,16,10.96
3513,35,13,141,111,78.72,30,21.28
3514,35,14,183,160,87.43,23,12.57
3515,35,15,285,255,89.47,30,10.53
3516,35,16,133,116,87.22,17,12.78
3517,35,17,217,191,88.02,26,11.98
3518,35,18,178,155,87.08,23,12.92
3519,35,19,150,129,86.0,21,14.0
3520,35,20,212,183,86.32,29,13.68
3521,35,21,233,200,85.84,33,14.16
3522,35,22,285,228,80.0,57,20.0
3523,35,23,253,209,82.61,44,17.39
3524,35,24,210,165,78.57,45,21.43
3525,35,25,193,178,92.23,15,7.77
3526,35,26,209,173,82.78,36,17.22
3527,35,27,226,177,78.32,49,21.68
3528,35,28,230,203,88.26,27,11.74
3529,35,29,199,170,85.43,29,14.57
3530,35,30,195,158,81.03,37,18.97
3531,35,31,207,163,78.74,44,21.26
3601,36,1,175,136,77.71,39,22.29
3602,36,2,200,160,80.0,40,20.0
3603,36,3,160,130,81.25,30,18.75
3604,36,4,162,131,80.86,31,19.14
3605,36,5,118,96,81.36,22,18.64
3606,36,6,143,114,79.72,29,20.28
3607,36,7,211,141,66.82,70,33.18
3608,36,8,141,117,82.98,24,17.02
3609,36,9,161,139,86.34,22,13.66
3610,36,10,216,179,82.87,37,17.13
3611,36,11,119,97,81.51,22,18.49
3612,36,12,98,83,84.69,15,15.31
3613,36,13,113,96,84.96,17,15.04
3614,36,14,176,131,74.43,45,25.57
3615,36,15,196,127,64.8,69,35.2
3616,36,16,160,115,71.88,45,28.13
3617,36,17,220,151,68.64,69,31.36
3618,36,18,189,140,74.07,49,25.93
3619,36,19,245,191,77.96,54,22.04
3620,36,20,176,138,78.41,38,21.59
3621,36,21,160,133,83.13,27,16.88
3622,36,22,133,117,87.97,16,12.03
3623,36,23,132,113,85.61,19,14.39
3624,36,24,197,170,86.29,27,13.71
3625,36,25,179,155,86.59,24,13.41
3626,36,26,155,111,71.61,44,28.39
3627,36,27,163,118,72.39,45,27.61
3628,36,28,158,121,76.58,37,23.42
3629,36,29,205,143,69.76,62,30.24
3630,36,30,171,125,73.1,46,26.9
3701,37,1,157,98,62.42,59,37.58
3702,37,2,123,88,71.54,35,28.46
3703,37,3,110,72,65.45,38,34.55
3704,37,4,115,83,72.17,32,27.83
3705,37,5,196,140,71.43,56,28.57
3706,37,6,172,130,75.58,42,24.42
3707,37,7,110,66,60.0,44,40.0
3708,37,8,103,67,65.05,36,34.95
3709,37,9,180,126,70.0,54,30.0
3710,37,10,206,147,71.36,59,28.64
3711,37,11,95,63,66.32,32,33.68
3712,37,12,145,99,68.28,46,31.72
3713,37,13,131,86,65.65,45,34.35
3714,37,14,182,110,60.44,72,39.56
3715,37,15,198,117,59.09,81,40.91
3716,37,16,182,129,70.88,53,29.12
3717,37,17,118,81,68.64,37,31.36
3718,37,18,176,113,64.2,63,35.8
3719,37,19,121,87,71.9,34,28.1
3720,37,20,121,78,64.46,43,35.54
3721,37,21,120,89,74.17,31,25.83
3722,37,22,145,102,70.34,43,29.66
3723,37,23,178,131,73.6,47,26.4
3724,37,24,170,118,69.41,52,30.59
3725,37,25,161,93,57.76,68,42.24
3726,37,26,216,138,63.89,78,36.11
3727,37,27,148,104,70.27,44,29.73
3728,37,28,157,111,70.7,46,29.3
3729,37,29,150,102,68.0,48,32.0
3730,37,30,165,108,65.45,57,34.55
3731,37,31,179,130,72.63,49,27.37
3732,37,32,150,91,60.67,59,39.33
3733,37,33,197,111,56.35,86,43.65
3734,37,34,165,99,60.0,66,40.0
3735,37,35,219,158,72.15,61,27.85
3736,37,36,136,81,59.56,55,40.44
3737,37,37,188,126,67.02,62,32.98
3738,37,38,207,135,65.22,72,34.78
3739,37,39,148,100,67.57,48,32.43
3740,37,40,205,134,65.37,71,34.63
3741,37,41,158,110,69.62,48,30.38
3801,38,1,174,127,72.99,47,27.01
3802,38,2,156,73,46.79,83,53.21
3803,38,3,148,87,58.78,61,41.22
3804,38,4,186,116,62.37,70,37.63
3805,38,5,154,103,66.88,51,33.12
3806,38,6,122,71,58.2,51,41.8
3807,38,7,146,82,56.16,64,43.84
3808,38,8,162,108,66.67,54,33.33
3809,38,9,182,103,56.59,79,43.41
3810,38,10,146,100,68.49,46,31.51
3811,38,11,151,100,66.23,51,33.77
3812,38,12,164,76,46.34,88,53.66
3813,38,13,197,124,62.94,73,37.06
3814,38,14,191,121,63.35,70,36.65
3815,38,15,175,125,71.43,50,28.57
3816,38,16,167,95,56.89,72,43.11
3817,38,17,194,99,51.03,95,48.97
3818,38,18,195,128,65.64,67,34.36
3819,38,19,205,116,56.59,89,43.41
3820,38,20,159,82,51.57,77,48.43
3821,38,21,171,114,66.67,57,33.33
3822,38,22,195,141,72.31,54,27.69
3823,38,23,217,142,65.44,75,34.56
3824,38,24,192,96,50.0,96,50.0
3825,38,25,161,96,59.63,65,40.37
3826,38,26,157,105,66.88,52,33.12
3827,38,27,164,96,58.54,68,41.46
3828,38,28,198,109,55.05,89,44.95
3829,38,29,182,122,67.03,60,32.97
3830,38,30,150,80,53.33,70,46.67
3831,38,31,235,162,68.94,73,31.06
3832,38,32,173,124,71.68,49,28.32
3833,38,33,157,114,72.61,43,27.39
3834,38,34,186,148,79.57,38,20.43
3835,38,35,204,151,74.02,53,25.98
3836,38,36,163,110,67.48,53,32.52
3837,38,37,178,116,65.17,62,34.83
3838,38,38,159,106,66.67,53,33.33
3839,38,39,247,168,68.02,79,31.98
3840,38,40,204,122,59.8,82,40.2
3841,38,41,220,150,68.18,70,31.82
3901,39,1,210,124,59.05,86,40.95
3902,39,2,150,91,60.67,59,39.33
3903,39,3,274,211,77.01,63,22.99
3904,39,4,205,123,60.0,82,40.0
3905,39,5,218,171,78.44,47,21.56
3906,39,6,216,153,70.83,63,29.17
3907,39,7,182,122,67.03,60,32.97
3908,39,8,195,144,73.85,51,26.15
3909,39,9,161,103,63.98,58,36.02
3910,39,10,127,101,79.53,26,20.47
3911,39,11,181,128,70.72,53,29.28
3912,39,12,264,225,85.23,39,14.77
3913,39,13,153,115,75.16,38,24.84
3914,39,14,196,141,71.94,55,28.06
3915,39,15,208,110,52.88,98,47.12
3916,39,16,131,97,74.05,34,25.95
3917,39,17,234,170,72.65,64,27.35
3918,39,18,209,166,79.43,43,20.57
3919,39,19,225,158,70.22,67,29.78
3920,39,20,240,127,52.92,113,47.08
3921,39,21,171,88,51.46,83,48.54
3922,39,22,134,100,74.63,34,25.37
3923,39,23,229,135,58.95,94,41.05
3924,39,24,222,136,61.26,86,38.74
3925,39,25,147,113,76.87,34,23.13
3926,39,26,154,96,62.34,58,37.66
3927,39,27,43,30,69.77,13,30.23
3928,39,28,308,248,80.52,60,19.48
3929,39,29,128,100,78.13,28,21.88
3930,39,30,243,206,84.77,37,15.23
3931,39,31,205,164,80.0,41,20.0
3932,39,32,153,89,58.17,64,41.83
3933,39,33,195,154,78.97,41,21.03
3934,39,34,232,189,81.47,43,18.53
3935,39,35,208,175,84.13,33,15.87
3936,39,36,59,46,77.97,13,22.03
3937,39,37,194,109,56.19,85,43.81
3938,39,38,140,102,72.86,38,27.14
3939,39,39,165,120,72.73,45,27.27
3940,39,40,204,125,61.27,79,38.73
3941,39,41,239,160,66.95,79,33.05
3942,39,42,239,111,46.44,128,53.56
3943,39,43,190,110,57.89,80,42.11
3944,39,44,165,101,61.21,64,38.79
3945,39,45,203,114,56.16,89,43.84
4001,40,1,190,133,70.0,57,30.0
4002,40,2,201,149,74.13,52,25.87
4003,40,3,320,251,78.44,69,21.56
4004,40,4,104,76,73.08,28,26.92
4005,40,5,267,213,79.78,54,20.22
4006,40,6,359,334,93.04,25,6.96
4007,40,7,267,217,81.27,50,18.73
4008,40,8,359,307,85.52,52,14.48
4009,40,9,175,130,74.29,45,25.71
4010,40,10,216,166,76.85,50,23.15
4011,40,11,296,249,84.12,47,15.88
4012,40,12,215,179,83.26,36,16.74
4013,40,13,462,411,88.96,51,11.04
4014,40,14,172,115,66.86,57,33.14
4015,40,15,202,144,71.29,58,28.71
4016,40,16,391,330,84.4,61,15.6
4017,40,17,220,187,85.0,33,15.0
4018,40,18,160,122,76.25,38,23.75
4019,40,19,277,212,76.53,65,23.47
4020,40,20,191,151,79.06,40,20.94
4021,40,21,319,262,82.13,57,17.87
4022,40,22,297,247,83.16,50,16.84
4023,40,23,379,313,82.59,66,17.41
4024,40,24,184,133,72.28,51,27.72
4025,40,25,352,307,87.22,45,12.78
4026,40,26,328,261,79.57,67,20.43
4027,40,27,350,276,78.86,74,21.14
4028,40,28,303,254,83.83,49,16.17
4029,40,29,249,189,75.9,60,24.1
4030,40,30,213,164,77.0,49,23.0
4031,40,31,322,277,86.02,45,13.98
4032,40,32,318,266,83.65,52,16.35
4033,40,33,294,252,85.71,42,14.29
4034,40,34,207,143,69.08,64,30.92
4035,40,35,106,84,79.25,22,20.75
4036,40,36,243,194,79.84,49,20.16
4037,40,37,255,202,79.22,53,20.78
4038,40,38,371,324,87.33,47,12.67
4039,40,39,64,52,81.25,12,18.75
4101,41,1,203,85,41.87,118,58.13
4102,41,2,186,79,42.47,107,57.53
4103,41,3,194,110,56.7,84,43.3
4104,41,4,224,102,45.54,122,54.46
4105,41,5,227,121,53.3,106,46.7
4106,41,6,296,145,48.99,151,51.01
4107,41,7,196,101,51.53,95,48.47
4108,41,8,219,99,45.21,120,54.79
4109,41,9,172,93,54.07,79,45.93
4110,41,10,254,104,40.94,150,59.06
4111,41,11,228,88,38.6,140,61.4
4112,41,12,176,97,55.11,79,44.89
4113,41,13,200,96,48.0,104,52.0
4114,41,14,270,148,54.81,122,45.19
4115,41,15,247,112,45.34,135,54.66
4116,41,16,189,82,43.39,107,56.61
4117,41,17,181,96,53.04,85,46.96
4118,41,18,183,83,45.36,100,54.64
4119,41,19,234,146,62.39,88,37.61
4120,41,20,141,75,53.19,66,46.81
4121,41,21,212,110,51.89,102,48.11
4122,41,22,251,117,46.61,134,53.39
4123,41,23,176,84,47.73,92,52.27
4124,41,24,167,90,53.89,77,46.11
4125,41,25,104,69,66.35,35,33.65
4126,41,26,209,105,50.24,104,49.76
4127,41,27,115,69,60.0,46,40.0
4128,41,28,140,95,67.86,45,32.14
4129,41,29,98,56,57.14,42,42.86
4130,41,30,176,92,52.27,84,47.73
4131,41,31,212,103,48.58,109,51.42
4132,41,32,182,96,52.75,86,47.25
4133,41,33,185,86,46.49,99,53.51
4134,41,34,189,101,53.44,88,46.56
4135,41,35,241,113,46.89,128,53.11
4136,41,36,191,123,64.4,68,35.6
4137,41,37,235,114,48.51,121,51.49
4138,41,38,181,96,53.04,85,46.96
4139,41,39,253,119,47.04,134,52.96
4140,41,40,198,80,40.4,118,59.6
4141,41,41,177,74,41.81,103,58.19
4142,41,42,182,65,35.71,117,64.29
4143,41,43,185,100,54.05,85,45.95
4144,41,44,212,79,37.26,133,62.74
4145,41,45,202,104,51.49,98,48.51
4146,41,46,249,133,53.41,116,46.59
4147,41,47,222,120,54.05,102,45.95
4201,42,1,191,149,78.01,42,21.99
4202,42,2,192,167,86.98,25,13.02
4203,42,3,215,169,78.6,46,21.4
4204,42,4,406,321,79.06,85,20.94
4205,42,5,173,141,81.5,32,18.5
4206,42,6,245,180,73.47,65,26.53
4207,42,7,239,203,84.94,36,15.06
4208,42,8,215,173,80.47,42,19.53
4209,42,9,271,222,81.92,49,18.08
4210,42,10,315,253,80.32,62,19.68
4211,42,11,83,69,83.13,14,16.87
4212,42,12,191,155,81.15,36,18.85
4213,42,13,260,196,75.38,64,24.62
4214,42,14,206,163,79.13,43,20.87
4215,42,15,217,170,78.34,47,21.66
4216,42,16,211,166,78.67,45,21.33
4217,42,17,185,152,82.16,33,17.84
4218,42,18,175,139,79.43,36,20.57
4219,42,19,258,202,78.29,56,21.71
4220,42,20,172,150,87.21,22,12.79
4221,42,21,164,139,84.76,25,15.24
4222,42,22,74,56,75.68,18,24.32
4223,42,23,199,156,78.39,43,21.61
4224,42,24,146,120,82.19,26,17.81
4225,42,25,224,168,75.0,56,25.0
4226,42,26,243,200,82.3,43,17.7
4227,42,27,188,139,73.94,49,26.06
4228,42,28,203,166,81.77,37,18.23
4229,42,29,167,139,83.23,28,16.77
4230,42,30,167,134,80.24,33,19.76
4231,42,31,218,166,76.15,52,23.85
4232,42,32,182,138,75.82,44,24.18
4233,42,33,265,210,79.25,55,20.75
4234,42,34,170,122,71.76,48,28.24
4235,42,35,258,208,80.62,50,19.38
4236,42,36,229,200,87.34,29,12.66
4237,42,37,140,110,78.57,30,21.43
4238,42,38,182,154,84.62,28,15.38
4239,42,39,234,188,80.34,46,19.66
4240,42,40,224,180,80.36,44,19.64
4241,42,41,190,156,82.11,34,17.89
4242,42,42,393,323,82.19,70,17.81
4301,43,1,115,93,80.87,22,19.13
4302,43,2,234,192,82.05,42,17.95
4303,43,3,245,195,79.59,50,20.41
4304,43,4,217,178,82.03,39,17.97
4305,43,5,203,165,81.28,38,18.72
4306,43,6,172,144,83.72,28,16.28
4307,43,7,169,134,79.29,35,20.71
4308,43,8,164,128,78.05,36,21.95
4309,43,9,249,184,73.9,65,26.1
4310,43,10,287,226,78.75,61,21.25
4311,43,11,167,129,77.25,38,22.75
4312,43,12,127,97,76.38,30,23.62
4313,43,13,197,160,81.22,37,18.78
4314,43,14,258,222,86.05,36,13.95
4315,43,15,229,178,77.73,51,22.27
4316,43,16,245,205,83.67,40,16.33
4317,43,17,178,147,82.58,31,17.42
4318,43,18,237,195,82.28,42,17.72
4319,43,19,237,189,79.75,48,20.25
4320,43,20,253,217,85.77,36,14.23
4321,43,21,235,190,80.85,45,19.15
4322,43,22,183,147,80.33,36,19.67
4323,43,23,156,130,83.33,26,16.67
4324,43,24,151,108,71.52,43,28.48
4325,43,25,205,164,80.0,41,20.0
4326,43,26,184,147,79.89,37,20.11
4327,43,27,231,188,81.39,43,18.61
4328,43,28,201,162,80.6,39,19.4
4329,43,29,279,234,83.87,45,16.13
4330,43,30,284,227,79.93,57,20.07
4331,43,31,239,185,77.41,54,22.59
4332,43,32,255,214,83.92,41,16.08
4333,43,33,251,200,79.68,51,20.32
4334,43,34,147,122,82.99,25,17.01
4335,43,35,212,165,77.83,47,22.17
4336,43,36,134,119,88.81,15,11.19
4337,43,37,206,178,86.41,28,13.59
4338,43,38,166,131,78.92,35,21.08
4339,43,39,155,110,70.97,45,29.03
4340,43,40,178,153,85.96,25,14.04
4341,43,41,314,264,84.08,50,15.92
4342,43,42,208,177,85.1,31,14.9
4343,43,43,225,166,73.78,59,26.22
4344,43,44,222,189,85.14,33,14.86
4345,43,45,166,126,75.9,40,24.1
4346,43,46,120,95,79.17,25,20.83
4401,44,1,305,260,85.25,45,14.75
4402,44,2,233,195,83.69,38,16.31
4403,44,3,204,166,81.37,38,18.63
4404,44,4,168,135,80.36,33,19.64
4405,44,5,202,169,83.66,33,16.34
4406,44,6,337,287,85.16,50,14.84
4407,44,7,199,158,79.4,41,20.6
4408,44,8,236,197,83.47,39,16.53
4409,44,9,223,188,84.3,35,15.7
4410,44,10,224,184,82.14,40,17.86
4411,44,11,272,206,75.74,66,24.26
4412,44,12,282,234,82.98,48,17.02
4413,44,13,204,151,74.02,53,25.98
4414,44,14,157,137,87.26,20,12.74
4415,44,15,248,204,82.26,44,17.74
4416,44,16,285,231,81.05,54,18.95
4417,44,17,321,273,85.05,48,14.95
4418,44,18,238,205,86.13,33,13.87
4419,44,19,315,252,80.0,63,20.0
4420,44,20,234,199,85.04,35,14.96
4421,44,21,264,223,84.47,41,15.53
4422,44,22,282,227,80.5,55,19.5
4423,44,23,258,217,84.11,41,15.89
4424,44,24,187,163,87.17,24,12.83
4425,44,25,267,223,83.52,44,16.48
4426,44,26,313,253,80.83,60,19.17
4427,44,27,314,266,84.71,48,15.29
4428,44,28,235,184,78.3,51,21.7
4429,44,29,268,230,85.82,38,14.18
4430,44,30,283,234,82.69,49,17.31
4431,44,31,192,145,75.52,47,24.48
4432,44,32,270,223,82.59,47,17.41
4433,44,33,225,198,88.0,27,12.0
4434,44,34,286,219,76.57,67,23.43
4435,44,35,227,190,83.7,37,16.3
4436,44,36,215,172,80.0,43,20.0
4437,44,37,336,279,83.04,57,16.96
4438,44,38,216,165,76.39,51,23.61
4439,44,39,241,198,82.16,43,17.84
4440,44,40,243,187,76.95,56,23.05
4441,44,41,343,280,81.63,63,18.37
4501,45,1,217,168,77.42,49,22.58
4502,45,2,222,184,82.88,38,17.12
4503,45,3,246,199,80.89,47,19.11
4504,45,4,318,229,72.01,89,27.99
4505,45,5,264,202,76.52,62,23.48
4506,45,6,347,271,78.1,76,21.9
4507,45,7,348,251,72.13,97,27.87
4508,45,8,206,159,77.18,47,22.82
4509,45,9,214,157,73.36,57,26.64
4510,45,10,212,141,66.51,71,33.49
4511,45,11,164,127,77.44,37,22.56
4512,45,12,186,137,73.66,49,26.34
4513,45,13,213,155,72.77,58,27.23
4514,45,14,311,218,70.1,93,29.9
4515,45,15,331,229,69.18,102,30.82
4516,45,16,197,121,61.42,76,38.58
4517,45,17,234,163,69.66,71,30.34
4518,45,18,206,124,60.19,82,39.81
4519,45,19,114,77,67.54,37,32.46
4520,45,20,128,103,80.47,25,19.53
4521,45,21,175,107,61.14,68,38.86
4522,45,22,139,83,59.71,56,40.29
4523,45,23,151,87,57.62,64,42.38
4524,45,24,138,84,60.87,54,39.13
4525,45,25,132,69,52.27,63,47.73
4526,45,26,87,50,57.47,37,42.53
4527,45,27,184,114,61.96,70,38.04
4528,45,28,128,90,70.31,38,29.69
4529,45,29,102,61,59.8,41,40.2
4530,45,30,183,136,74.32,47,25.68
4531,45,31,186,133,71.51,53,28.49
4532,45,32,181,124,68.51,57,31.49
4533,45,33,162,114,70.37,48,29.63
4534,45,34,238,175,73.53,63,26.47
4535,45,35,254,155,61.02,99,38.98
4536,45,36,231,151,65.37,80,34.63
4537,45,37,196,133,67.86,63,32.14
4538,45,38,203,132,65.02,71,34.98
4539,45,39,194,125,64.43,69,35.57
4540,45,40,165,91,55.15,74,44.85
4541,45,41,188,97,51.6,91,48.4
4542,45,42,210,101,48.1,109,51.9
4543,45,43,188,86,45.74,102,54.26
4544,45,44,216,107,49.54,109,50.46
4545,45,45,119,57,47.9,62,52.1
4546,45,46,120,67,55.83,53,44.17
4547,45,47,135,82,60.74,53,39.26
4548,45,48,134,69,51.49,65,48.51
4601,46,1,221,186,84.16,35,15.84
4602,46,2,251,210,83.67,41,16.33
4603,46,3,345,280,81.16,65,18.84
4604,46,4,279,229,82.08,50,17.92
4605,46,5,310,257,82.9,53,17.1
4606,46,6,235,190,80.85,45,19.15
4607,46,7,299,231,77.26,68,22.74
4608,46,8,185,154,83.24,31,16.76
4609,46,9,334,289,86.53,45,13.47
4610,46,10,426,352,82.63,74,17.37
4611,46,11,226,192,84.96,34,15.04
4612,46,12,341,289,84.75,52,15.25
4613,46,13,263,217,82.51,46,17.49
4614,46,14,199,137,68.84,62,31.16
4615,46,15,281,227,80.78,54,19.22
4616,46,16,372,314,84.41,58,15.59
4617,46,17,336,272,80.95,64,19.05
4618,46,18,313,264,84.35,49,15.65
4619,46,19,222,177,79.73,45,20.27
4620,46,20,206,160,77.67,46,22.33
4621,46,21,160,132,82.5,28,17.5
4622,46,22,205,171,83.41,34,16.59
4623,46,23,235,195,82.98,40,17.02
4624,46,24,328,270,82.32,58,17.68
4625,46,25,248,219,88.31,29,11.69
4626,46,26,349,295,84.53,54,15.47
4627,46,27,353,291,82.44,62,17.56
4628,46,28,186,150,80.65,36,19.35
4629,46,29,186,154,82.8,32,17.2
4630,46,30,305,256,83.93,49,16.07
4631,46,31,295,250,84.75,45,15.25
4632,46,32,247,198,80.16,49,19.84
4633,46,33,293,255,87.03,38,12.97
4634,46,34,315,263,83.49,52,16.51
4635,46,35,217,173,79.72,44,20.28
4636,46,36,267,209,78.28,58,21.72
4637,46,37,192,160,83.33,32,16.67
4638,46,38,272,224,82.35,48,17.65
4639,46,39,225,178,79.11,47,20.89
4640,46,40,262,217,82.82,45,17.18
4701,47,1,189,161,85.19,28,14.81
4702,47,2,290,235,81.03,55,18.97
4703,47,3,235,189,80.43,46,19.57
4704,47,4,335,252,75.22,83,24.78
4705,47,5,292,251,85.96,41,14.04
4706,47,6,303,255,84.16,48,15.84
4707,47,7,275,216,78.55,59,21.45
4708,47,8,290,236,81.38,54,18.62
4709,47,9,247,201,81.38,46,18.62
4710,47,10,418,362,86.6,56,13.4
4711,47,11,256,202,78.91,54,21.09
4712,47,12,304,258,84.87,46,15.13
4713,47,13,326,281,86.2,45,13.8
4714,47,14,259,211,81.47,48,18.53
4715,47,15,399,370,92.73,29,7.27
4716,47,16,313,252,80.51,61,19.49
4717,47,17,295,219,74.24,76,25.76
4718,47,18,273,230,84.25,43,15.75
4719,47,19,440,390,88.64,50,11.36
4720,47,20,286,247,86.36,39,13.64
4721,47,21,298,252,84.56,46,15.44
4722,47,22,346,270,78.03,76,21.97
4723,47,23,389,348,89.46,41,10.54
4724,47,24,315,265,84.13,50,15.87
4725,47,25,294,258,87.76,36,12.24
4726,47,26,377,326,86.47,51,13.53
4727,47,27,250,208,83.2,42,16.8
4728,47,28,279,235,84.23,44,15.77
4729,47,29,308,259,84.09,49,15.91
4730,47,30,361,305,84.49,56,15.51
4731,47,31,328,279,85.06,49,14.94
4732,47,32,369,317,85.91,52,14.09
4733,47,33,254,204,80.31,50,19.69
4734,47,34,347,288,83.0,59,17.0
4735,47,35,293,233,79.52,60,20.48
4736,47,36,363,319,87.88,44,12.12
4737,47,37,284,237,83.45,47,16.55
4738,47,38,280,239,85.36,41,14.64
4739,47,39,313,260,83.07,53,16.93
4740,47,40,344,297,86.34,47,13.66
4741,47,41,370,326,88.11,44,11.89
4742,47,42,302,272,90.07,30,9.93
4743,47,43,231,186,80.52,45,19.48
4744,47,44,218,178,81.65,40,18.35
4745,47,45,302,256,84.77,46,15.23
4746,47,46,269,198,73.61,71,26.39
4747,47,47,317,265,83.6,52,16.4
4748,47,48,33,22,66.67,11,33.33
4801,48,1,331,299,90.33,32,9.67
4802,48,2,142,117,82.39,25,17.61
4803,48,3,329,261,79.33,68,20.67
4804,48,4,270,232,85.93,38,14.07
4805,48,5,180,149,82.78,31,17.22
4806,48,6,362,298,82.32,64,17.68
4807,48,7,332,295,88.86,37,11.14
4808,48,8,144,114,79.17,30,20.83
4809,48,9,196,158,80.61,38,19.39
4810,48,10,466,412,88.41,54,11.59
4811,48,11,268,234,87.31,34,12.69
4812,48,12,392,345,88.01,47,11.99
4813,48,13,362,286,79.01,76,20.99
4814,48,14,134,109,81.34,25,18.66
4815,48,15,177,139,78.53,38,21.47
4816,48,16,295,248,84.07,47,15.93
4817,48,17,252,213,84.52,39,15.48
4818,48,18,176,126,71.59,50,28.41
4819,48,19,252,205,81.35,47,18.65
4820,48,20,360,308,85.56,52,14.44
4821,48,21,359,284,79.11,75,20.89
4822,48,22,262,211,80.53,51,19.47
4823,48,23,302,255,84.44,47,15.56
4824,48,24,292,240,82.19,52,17.81
4825,48,25,264,224,84.85,40,15.15
4826,48,26,114,92,80.7,22,19.3
4827,48,27,264,228,86.36,36,13.64
4828,48,28,264,207,78.41,57,21.59
4829,48,29,73,62,84.93,11,15.07
4830,48,30,282,248,87.94,34,12.06
4831,48,31,322,265,82.3,57,17.7
4832,48,32,303,245,80.86,58,19.14
4833,48,33,171,134,78.36,37,21.64
4834,48,34,250,210,84.0,40,16.0
4835,48,35,174,124,71.26,50,28.74
4836,48,36,173,132,76.3,41,23.7
4837,48,37,307,275,89.58,32,10.42
4838,48,38,354,304,85.88,50,14.12
4839,48,39,181,148,81.77,33,18.23
4840,48,40,278,238,85.61,40,14.39
4841,48,41,343,299,87.17,44,12.83
4842,48,42,366,316,86.34,50,13.66
4843,48,43,353,291,82.44,62,17.56
4844,48,44,389,335,86.12,54,13.88
4845,48,45,228,195,85.53,33,14.47
4846,48,46,195,156,80.0,39,20.0
4901,49,1,170,137,80.59,33,19.41
4902,49,2,196,153,78.06,43,21.94
4903,49,3,318,267,83.96,51,16.04
4904,49,4,390,330,84.62,60,15.38
4905,49,5,257,199,77.43,58,22.57
4906,49,6,261,218,83.52,43,16.48
4907,49,7,235,192,81.7,43,18.3
4908,49,8,196,148,75.51,48,24.49
4909,49,9,290,257,88.62,33,11.38
4910,49,10,316,273,86.39,43,13.61
4911,49,11,335,270,80.6,65,19.4
4912,49,12,381,317,83.2,64,16.8
4913,49,13,328,280,85.37,48,14.63
4914,49,14,190,155,81.58,35,18.42
4915,49,15,173,140,80.92,33,19.08
4916,49,16,262,204,77.86,58,22.14
4917,49,17,196,156,79.59,40,20.41
4918,49,18,412,355,86.17,57,13.83
4919,49,19,247,199,80.57,48,19.43
4920,49,20,451,386,85.59,65,14.41
4921,49,21,147,106,72.11,41,27.89
4922,49,22,268,203,75.75,65,24.25
4923,49,23,401,351,87.53,50,12.47
4924,49,24,160,125,78.13,35,21.88
4925,49,25,279,237,84.95,42,15.05
4926,49,26,361,301,83.38,60,16.62
4927,49,27,298,243,81.54,55,18.46
4928,49,28,400,342,85.5,58,14.5
4929,49,29,352,315,89.49,37,10.51
4930,49,30,264,214,81.06,50,18.94
4931,49,31,211,171,81.04,40,18.96
4932,49,32,276,221,80.07,55,19.93
4933,49,33,203,169,83.25,34,16.75
5001,50,1,179,126,70.39,53,29.61
5002,50,2,131,92,70.23,39,29.77
5003,50,3,167,113,67.66,54,32.34
5004,50,4,204,145,71.08,59,28.92
5005,50,5,116,70,60.34,46,39.66
5006,50,6,191,131,68.59,60,31.41
5007,50,7,296,219,73.99,77,26.01
5008,50,8,168,133,79.17,35,20.83
5009,50,9,165,120,72.73,45,27.27
5010,50,10,151,103,68.21,48,31.79
5011,50,11,108,69,63.89,39,36.11
5012,50,12,76,58,76.32,18,23.68
5013,50,13,181,132,72.93,49,27.07
5014,50,14,64,49,76.56,15,23.44
5015,50,15,293,224,76.45,69,23.55
5016,50,16,48,33,68.75,15,31.25
5017,50,17,147,114,77.55,33,22.45
5018,50,18,19,8,42.11,11,57.89
5019,50,19,117,91,77.78,26,22.22
5020,50,20,209,157,75.12,52,24.88
5021,50,21,180,123,68.33,57,31.67
5022,50,22,130,92,70.77,38,29.23
5023,50,23,104,73,70.19,31,29.81
5024,50,24,106,55,51.89,51,48.11
5025,50,25,142,101,71.13,41,28.87
5026,50,26,142,101,71.13,41,28.87
5027,50,27,51,36,70.59,15,29.41
5028,50,28,183,129,70.49,54,29.51
5029,50,29,129,98,75.97,31,24.03
5030,50,30,127,92,72.44,35,27.56
5031,50,31,210,172,81.9,38,18.1
5032,50,32,175,138,78.86,37,21.14
5033,50,33,138,92,66.67,46,33.33
5034,50,34,284,207,72.89,77,27.11
5035,50,35,278,212,76.26,66,23.74
5036,50,36,222,175,78.83,47,21.17
5037,50,37,220,185,84.09,35,15.91
5038,50,38,76,55,72.37,21,27.63
5039,50,39,90,53,58.89,37,41.11
5040,50,40,144,81,56.25,63,43.75
