id,ward,precinct,total,Dan Brady,Dan Brady Percent,John C. Milhiser,John C. Milhiser Percent
0101,1,1,11,11,100.0,0,0.0
0102,1,2,10,8,80.0,2,20.0
0103,1,3,14,11,78.57,3,21.43
0104,1,4,16,12,75.0,4,25.0
0105,1,5,9,6,66.67,3,33.33
0106,1,6,12,7,58.33,5,41.67
0107,1,7,9,7,77.78,2,22.22
0108,1,8,11,7,63.64,4,36.36
0109,1,9,14,8,57.14,6,42.86
0110,1,10,8,3,37.5,5,62.5
0111,1,11,10,7,70.0,3,30.0
0112,1,12,19,17,89.47,2,10.53
0113,1,13,7,7,100.0,0,0.0
0114,1,14,17,15,88.24,2,11.76
0115,1,15,8,5,62.5,3,37.5
0116,1,16,9,5,55.56,4,44.44
0117,1,17,10,7,70.0,3,30.0
0118,1,18,7,4,57.14,3,42.86
0119,1,19,10,10,100.0,0,0.0
0120,1,20,11,9,81.82,2,18.18
0121,1,21,13,9,69.23,4,30.77
0122,1,22,9,7,77.78,2,22.22
0123,1,23,5,1,20.0,4,80.0
0124,1,24,4,3,75.0,1,25.0
0125,1,25,3,3,100.0,0,0.0
0126,1,26,7,5,71.43,2,28.57
0127,1,27,11,8,72.73,3,27.27
0128,1,28,2,1,50.0,1,50.0
0129,1,29,13,9,69.23,4,30.77
0130,1,30,12,7,58.33,5,41.67
0131,1,31,8,7,87.5,1,12.5
0132,1,32,14,7,50.0,7,50.0
0133,1,33,22,15,68.18,7,31.82
0134,1,34,6,2,33.33,4,66.67
0135,1,35,15,8,53.33,7,46.67
0136,1,36,16,9,56.25,7,43.75
0137,1,37,33,20,60.61,13,39.39
0138,1,38,10,8,80.0,2,20.0
0139,1,39,11,10,90.91,1,9.09
0140,1,40,20,12,60.0,8,40.0
0141,1,41,6,5,83.33,1,16.67
0142,1,42,5,2,40.0,3,60.0
0143,1,43,8,7,87.5,1,12.5
0144,1,44,8,7,87.5,1,12.5
0201,2,1,11,8,72.73,3,27.27
0202,2,2,28,20,71.43,8,28.57
0203,2,3,9,3,33.33,6,66.67
0204,2,4,9,6,66.67,3,33.33
0205,2,5,14,11,78.57,3,21.43
0206,2,6,13,8,61.54,5,38.46
0207,2,7,12,8,66.67,4,33.33
0208,2,8,14,9,64.29,5,35.71
0209,2,9,23,20,86.96,3,13.04
0210,2,10,45,30,66.67,15,33.33
0211,2,11,31,25,80.65,6,19.35
0212,2,12,19,12,63.16,7,36.84
0213,2,13,37,28,75.68,9,24.32
0214,2,14,18,13,72.22,5,27.78
0215,2,15,21,10,47.62,11,52.38
0216,2,16,9,7,77.78,2,22.22
0217,2,17,14,14,100.0,0,0.0
0218,2,18,25,17,68.0,8,32.0
0219,2,19,31,22,70.97,9,29.03
0220,2,20,22,17,77.27,5,22.73
0221,2,21,13,8,61.54,5,38.46
0222,2,22,41,29,70.73,12,29.27
0223,2,23,20,15,75.0,5,25.0
0224,2,24,23,15,65.22,8,34.78
0225,2,25,9,9,100.0,0,0.0
0226,2,26,23,14,60.87,9,39.13
0227,2,27,39,25,64.1,14,35.9
0228,2,28,25,22,88.0,3,12.0
0229,2,29,25,14,56.0,11,44.0
0230,2,30,42,28,66.67,14,33.33
0231,2,31,40,34,85.0,6,15.0
0232,2,32,16,12,75.0,4,25.0
0233,2,33,45,32,71.11,13,28.89
0234,2,34,31,31,100.0,0,0.0
0235,2,35,43,31,72.09,12,27.91
0236,2,36,35,26,74.29,9,25.71
0237,2,37,32,27,84.38,5,15.63
0238,2,38,44,32,72.73,12,27.27
0239,2,39,28,24,85.71,4,14.29
0240,2,40,29,20,68.97,9,31.03
0241,2,41,36,27,75.0,9,25.0
0242,2,42,12,11,91.67,1,8.33
0243,2,43,40,32,80.0,8,20.0
0244,2,44,41,33,80.49,8,19.51
0245,2,45,25,13,52.0,12,48.0
0246,2,46,17,14,82.35,3,17.65
0301,3,1,3,3,100.0,0,0.0
0302,3,2,4,3,75.0,1,25.0
0303,3,3,10,4,40.0,6,60.0
0304,3,4,6,5,83.33,1,16.67
0305,3,5,6,3,50.0,3,50.0
0306,3,6,32,20,62.5,12,37.5
0307,3,7,3,3,100.0,0,0.0
0308,3,8,1,0,0.0,1,100.0
0309,3,9,4,4,100.0,0,0.0
0310,3,10,2,2,100.0,0,0.0
0311,3,11,6,4,66.67,2,33.33
0312,3,12,6,4,66.67,2,33.33
0313,3,13,16,11,68.75,5,31.25
0314,3,14,7,4,57.14,3,42.86
0315,3,15,3,3,100.0,0,0.0
0316,3,16,2,0,0.0,2,100.0
0317,3,17,12,8,66.67,4,33.33
0318,3,18,5,2,40.0,3,60.0
0319,3,19,33,25,75.76,8,24.24
0320,3,20,2,2,100.0,0,0.0
0321,3,21,27,18,66.67,9,33.33
0322,3,22,23,19,82.61,4,17.39
0323,3,23,5,4,80.0,1,20.0
0324,3,24,0,0,0.0,0,0.0
0325,3,25,39,30,76.92,9,23.08
0326,3,26,41,23,56.1,18,43.9
0327,3,27,36,25,69.44,11,30.56
0328,3,28,3,3,100.0,0,0.0
0329,3,29,2,2,100.0,0,0.0
0330,3,30,2,2,100.0,0,0.0
0331,3,31,2,1,50.0,1,50.0
0332,3,32,22,16,72.73,6,27.27
0333,3,33,15,7,46.67,8,53.33
0334,3,34,15,8,53.33,7,46.67
0335,3,35,1,1,100.0,0,0.0
0336,3,36,0,0,0.0,0,0.0
0337,3,37,1,1,100.0,0,0.0
0338,3,38,2,2,100.0,0,0.0
0339,3,39,29,21,72.41,8,27.59
0340,3,40,11,9,81.82,2,18.18
0341,3,41,7,4,57.14,3,42.86
0401,4,1,2,2,100.0,0,0.0
0402,4,2,23,20,86.96,3,13.04
0403,4,3,0,0,0.0,0,0.0
0404,4,4,8,6,75.0,2,25.0
0405,4,5,8,6,75.0,2,25.0
0406,4,6,9,8,88.89,1,11.11
0407,4,7,2,2,100.0,0,0.0
0408,4,8,1,1,100.0,0,0.0
0409,4,9,3,3,100.0,0,0.0
0410,4,10,12,8,66.67,4,33.33
0411,4,11,2,2,100.0,0,0.0
0412,4,12,6,6,100.0,0,0.0
0413,4,13,8,3,37.5,5,62.5
0414,4,14,7,6,85.71,1,14.29
0415,4,15,5,3,60.0,2,40.0
0416,4,16,27,22,81.48,5,18.52
0417,4,17,19,15,78.95,4,21.05
0418,4,18,6,3,50.0,3,50.0
0419,4,19,1,0,0.0,1,100.0
0420,4,20,24,15,62.5,9,37.5
0421,4,21,17,8,47.06,9,52.94
0422,4,22,8,6,75.0,2,25.0
0423,4,23,3,2,66.67,1,33.33
0424,4,24,4,2,50.0,2,50.0
0425,4,25,24,13,54.17,11,45.83
0426,4,26,2,1,50.0,1,50.0
0427,4,27,3,2,66.67,1,33.33
0428,4,28,9,7,77.78,2,22.22
0429,4,29,2,1,50.0,1,50.0
0430,4,30,2,2,100.0,0,0.0
0431,4,31,11,7,63.64,4,36.36
0432,4,32,4,1,25.0,3,75.0
0433,4,33,4,4,100.0,0,0.0
0434,4,34,0,0,0.0,0,0.0
0435,4,35,6,2,33.33,4,66.67
0436,4,36,5,4,80.0,1,20.0
0437,4,37,20,16,80.0,4,20.0
0438,4,38,3,2,66.67,1,33.33
0501,5,1,3,2,66.67,1,33.33
0502,5,2,0,0,0.0,0,0.0
0503,5,3,6,6,100.0,0,0.0
0504,5,4,5,3,60.0,2,40.0
0505,5,5,2,1,50.0,1,50.0
0506,5,6,4,3,75.0,1,25.0
0507,5,7,5,1,20.0,4,80.0
0508,5,8,5,5,100.0,0,0.0
0509,5,9,2,2,100.0,0,0.0
0510,5,10,0,0,0.0,0,0.0
0511,5,11,7,5,71.43,2,28.57
0512,5,12,4,2,50.0,2,50.0
0513,5,13,6,4,66.67,2,33.33
0514,5,14,0,0,0.0,0,0.0
0515,5,15,8,4,50.0,4,50.0
0516,5,16,0,0,0.0,0,0.0
0517,5,17,5,4,80.0,1,20.0
0518,5,18,2,1,50.0,1,50.0
0519,5,19,5,3,60.0,2,40.0
0520,5,20,6,3,50.0,3,50.0
0521,5,21,3,3,100.0,0,0.0
0522,5,22,9,8,88.89,1,11.11
0523,5,23,3,3,100.0,0,0.0
0524,5,24,1,1,100.0,0,0.0
0525,5,25,2,2,100.0,0,0.0
0526,5,26,2,2,100.0,0,0.0
0527,5,27,13,9,69.23,4,30.77
0528,5,28,5,3,60.0,2,40.0
0529,5,29,8,4,50.0,4,50.0
0530,5,30,3,1,33.33,2,66.67
0531,5,31,5,3,60.0,2,40.0
0532,5,32,2,2,100.0,0,0.0
0533,5,33,3,1,33.33,2,66.67
0534,5,34,6,5,83.33,1,16.67
0535,5,35,7,6,85.71,1,14.29
0536,5,36,4,3,75.0,1,25.0
0537,5,37,10,6,60.0,4,40.0
0538,5,38,1,0,0.0,1,100.0
0539,5,39,9,7,77.78,2,22.22
0540,5,40,4,3,75.0,1,25.0
0541,5,41,3,2,66.67,1,33.33
0601,6,1,1,1,100.0,0,0.0
0602,6,2,2,1,50.0,1,50.0
0603,6,3,2,0,0.0,2,100.0
0604,6,4,2,1,50.0,1,50.0
0605,6,5,0,0,0.0,0,0.0
0606,6,6,1,1,100.0,0,0.0
0607,6,7,2,1,50.0,1,50.0
0608,6,8,2,2,100.0,0,0.0
0609,6,9,0,0,0.0,0,0.0
0610,6,10,1,1,100.0,0,0.0
0611,6,11,2,1,50.0,1,50.0
0612,6,12,2,1,50.0,1,50.0
0613,6,13,0,0,0.0,0,0.0
0614,6,14,2,1,50.0,1,50.0
0615,6,15,2,1,50.0,1,50.0
0616,6,16,0,0,0.0,0,0.0
0617,6,17,1,1,100.0,0,0.0
0618,6,18,1,1,100.0,0,0.0
0619,6,19,0,0,0.0,0,0.0
0620,6,20,0,0,0.0,0,0.0
0621,6,21,3,2,66.67,1,33.33
0622,6,22,3,3,100.0,0,0.0
0623,6,23,2,1,50.0,1,50.0
0624,6,24,1,1,100.0,0,0.0
0625,6,25,2,1,50.0,1,50.0
0626,6,26,0,0,0.0,0,0.0
0627,6,27,1,1,100.0,0,0.0
0628,6,28,3,2,66.67,1,33.33
0629,6,29,0,0,0.0,0,0.0
0630,6,30,0,0,0.0,0,0.0
0631,6,31,4,4,100.0,0,0.0
0632,6,32,1,1,100.0,0,0.0
0633,6,33,3,3,100.0,0,0.0
0634,6,34,3,1,33.33,2,66.67
0635,6,35,6,4,66.67,2,33.33
0636,6,36,2,1,50.0,1,50.0
0637,6,37,7,4,57.14,3,42.86
0638,6,38,1,1,100.0,0,0.0
0639,6,39,3,3,100.0,0,0.0
0640,6,40,0,0,0.0,0,0.0
0641,6,41,6,4,66.67,2,33.33
0642,6,42,2,2,100.0,0,0.0
0643,6,43,3,1,33.33,2,66.67
0644,6,44,1,0,0.0,1,100.0
0645,6,45,1,0,0.0,1,100.0
0646,6,46,0,0,0.0,0,0.0
0647,6,47,1,0,0.0,1,100.0
0648,6,48,3,2,66.67,1,33.33
0701,7,1,3,2,66.67,1,33.33
0702,7,2,0,0,0.0,0,0.0
0703,7,3,1,0,0.0,1,100.0
0704,7,4,4,4,100.0,0,0.0
0705,7,5,3,2,66.67,1,33.33
0706,7,6,3,2,66.67,1,33.33
0707,7,7,0,0,0.0,0,0.0
0708,7,8,5,5,100.0,0,0.0
0709,7,9,3,3,100.0,0,0.0
0710,7,10,0,0,0.0,0,0.0
0711,7,11,2,1,50.0,1,50.0
0712,7,12,1,1,100.0,0,0.0
0713,7,13,1,0,0.0,1,100.0
0714,7,14,6,5,83.33,1,16.67
0715,7,15,1,1,100.0,0,0.0
0716,7,16,2,1,50.0,1,50.0
0717,7,17,3,1,33.33,2,66.67
0718,7,18,5,4,80.0,1,20.0
0719,7,19,0,0,0.0,0,0.0
0720,7,20,1,1,100.0,0,0.0
0721,7,21,1,1,100.0,0,0.0
0722,7,22,4,2,50.0,2,50.0
0723,7,23,1,1,100.0,0,0.0
0724,7,24,4,3,75.0,1,25.0
0725,7,25,2,0,0.0,2,100.0
0726,7,26,2,2,100.0,0,0.0
0727,7,27,1,1,100.0,0,0.0
0728,7,28,5,4,80.0,1,20.0
0729,7,29,3,2,66.67,1,33.33
0730,7,30,2,2,100.0,0,0.0
0731,7,31,5,3,60.0,2,40.0
0732,7,32,6,4,66.67,2,33.33
0733,7,33,6,6,100.0,0,0.0
0734,7,34,0,0,0.0,0,0.0
0735,7,35,4,4,100.0,0,0.0
0736,7,36,1,1,100.0,0,0.0
0737,7,37,2,2,100.0,0,0.0
0738,7,38,1,1,100.0,0,0.0
0739,7,39,1,1,100.0,0,0.0
0740,7,40,3,3,100.0,0,0.0
0741,7,41,0,0,0.0,0,0.0
0742,7,42,0,0,0.0,0,0.0
0743,7,43,1,1,100.0,0,0.0
0744,7,44,0,0,0.0,0,0.0
0745,7,45,3,3,100.0,0,0.0
0746,7,46,2,1,50.0,1,50.0
0801,8,1,2,1,50.0,1,50.0
0802,8,2,1,1,100.0,0,0.0
0803,8,3,1,1,100.0,0,0.0
0804,8,4,1,1,100.0,0,0.0
0805,8,5,4,3,75.0,1,25.0
0806,8,6,5,4,80.0,1,20.0
0807,8,7,2,1,50.0,1,50.0
0808,8,8,1,0,0.0,1,100.0
0809,8,9,0,0,0.0,0,0.0
0810,8,10,3,1,33.33,2,66.67
0811,8,11,2,2,100.0,0,0.0
0812,8,12,3,3,100.0,0,0.0
0813,8,13,3,3,100.0,0,0.0
0814,8,14,0,0,0.0,0,0.0
0815,8,15,4,2,50.0,2,50.0
0816,8,16,0,0,0.0,0,0.0
0817,8,17,4,3,75.0,1,25.0
0818,8,18,2,2,100.0,0,0.0
0819,8,19,2,1,50.0,1,50.0
0820,8,20,2,1,50.0,1,50.0
0821,8,21,2,1,50.0,1,50.0
0822,8,22,2,2,100.0,0,0.0
0823,8,23,0,0,0.0,0,0.0
0824,8,24,3,2,66.67,1,33.33
0825,8,25,4,3,75.0,1,25.0
0826,8,26,0,0,0.0,0,0.0
0827,8,27,2,1,50.0,1,50.0
0828,8,28,2,1,50.0,1,50.0
0829,8,29,5,2,40.0,3,60.0
0830,8,30,3,3,100.0,0,0.0
0831,8,31,3,1,33.33,2,66.67
0832,8,32,0,0,0.0,0,0.0
0833,8,33,4,0,0.0,4,100.0
0834,8,34,1,0,0.0,1,100.0
0835,8,35,4,4,100.0,0,0.0
0836,8,36,0,0,0.0,0,0.0
0837,8,37,2,1,50.0,1,50.0
0838,8,38,2,1,50.0,1,50.0
0839,8,39,2,2,100.0,0,0.0
0840,8,40,1,1,100.0,0,0.0
0841,8,41,1,0,0.0,1,100.0
0842,8,42,1,0,0.0,1,100.0
0843,8,43,5,4,80.0,1,20.0
0844,8,44,2,2,100.0,0,0.0
0845,8,45,2,2,100.0,0,0.0
0846,8,46,2,1,50.0,1,50.0
0847,8,47,2,2,100.0,0,0.0
0848,8,48,1,1,100.0,0,0.0
0849,8,49,3,3,100.0,0,0.0
0850,8,50,4,3,75.0,1,25.0
0851,8,51,2,1,50.0,1,50.0
0852,8,52,2,2,100.0,0,0.0
0853,8,53,1,0,0.0,1,100.0
0854,8,54,0,0,0.0,0,0.0
0855,8,55,2,1,50.0,1,50.0
0856,8,56,1,1,100.0,0,0.0
0901,9,1,5,4,80.0,1,20.0
0902,9,2,2,2,100.0,0,0.0
0903,9,3,0,0,0.0,0,0.0
0904,9,4,0,0,0.0,0,0.0
0905,9,5,0,0,0.0,0,0.0
0906,9,6,0,0,0.0,0,0.0
0907,9,7,0,0,0.0,0,0.0
0908,9,8,0,0,0.0,0,0.0
0909,9,9,3,2,66.67,1,33.33
0910,9,10,0,0,0.0,0,0.0
0911,9,11,3,2,66.67,1,33.33
0912,9,12,1,1,100.0,0,0.0
0913,9,13,1,1,100.0,0,0.0
0914,9,14,1,1,100.0,0,0.0
0915,9,15,0,0,0.0,0,0.0
0916,9,16,2,2,100.0,0,0.0
0917,9,17,0,0,0.0,0,0.0
0918,9,18,0,0,0.0,0,0.0
0919,9,19,1,1,100.0,0,0.0
0920,9,20,6,5,83.33,1,16.67
0921,9,21,5,5,100.0,0,0.0
0922,9,22,6,4,66.67,2,33.33
0923,9,23,2,2,100.0,0,0.0
0924,9,24,3,1,33.33,2,66.67
0925,9,25,1,1,100.0,0,0.0
0926,9,26,3,3,100.0,0,0.0
0927,9,27,1,1,100.0,0,0.0
0928,9,28,2,1,50.0,1,50.0
0929,9,29,2,2,100.0,0,0.0
0930,9,30,2,2,100.0,0,0.0
0931,9,31,5,5,100.0,0,0.0
0932,9,32,4,3,75.0,1,25.0
0933,9,33,1,1,100.0,0,0.0
0934,9,34,2,2,100.0,0,0.0
0935,9,35,2,0,0.0,2,100.0
0936,9,36,1,0,0.0,1,100.0
0937,9,37,19,12,63.16,7,36.84
0938,9,38,3,2,66.67,1,33.33
0939,9,39,5,4,80.0,1,20.0
0940,9,40,2,2,100.0,0,0.0
0941,9,41,2,1,50.0,1,50.0
0942,9,42,3,3,100.0,0,0.0
0943,9,43,1,1,100.0,0,0.0
0944,9,44,0,0,0.0,0,0.0
0945,9,45,3,2,66.67,1,33.33
0946,9,46,5,4,80.0,1,20.0
0947,9,47,3,3,100.0,0,0.0
0948,9,48,4,3,75.0,1,25.0
0949,9,49,4,4,100.0,0,0.0
0950,9,50,4,4,100.0,0,0.0
0951,9,51,0,0,0.0,0,0.0
1001,10,1,3,2,66.67,1,33.33
1002,10,2,30,24,80.0,6,20.0
1003,10,3,30,22,73.33,8,26.67
1004,10,4,8,7,87.5,1,12.5
1005,10,5,34,29,85.29,5,14.71
1006,10,6,13,10,76.92,3,23.08
1007,10,7,9,6,66.67,3,33.33
1008,10,8,0,0,0.0,0,0.0
1009,10,9,27,17,62.96,10,37.04
1010,10,10,23,17,73.91,6,26.09
1011,10,11,15,12,80.0,3,20.0
1012,10,12,19,17,89.47,2,10.53
1013,10,13,8,7,87.5,1,12.5
1014,10,14,14,9,64.29,5,35.71
1015,10,15,3,3,100.0,0,0.0
1016,10,16,18,11,61.11,7,38.89
1017,10,17,51,37,72.55,14,27.45
1018,10,18,5,4,80.0,1,20.0
1019,10,19,23,19,82.61,4,17.39
1020,10,20,35,31,88.57,4,11.43
1021,10,21,15,12,80.0,3,20.0
1022,10,22,9,7,77.78,2,22.22
1023,10,23,15,10,66.67,5,33.33
1024,10,24,40,31,77.5,9,22.5
1025,10,25,0,0,0.0,0,0.0
1026,10,26,6,3,50.0,3,50.0
1027,10,27,3,3,100.0,0,0.0
1028,10,28,16,11,68.75,5,31.25
1029,10,29,11,10,90.91,1,9.09
1030,10,30,13,10,76.92,3,23.08
1031,10,31,5,3,60.0,2,40.0
1032,10,32,20,15,75.0,5,25.0
1033,10,33,5,5,100.0,0,0.0
1034,10,34,6,3,50.0,3,50.0
1035,10,35,40,35,87.5,5,12.5
1036,10,36,2,1,50.0,1,50.0
1101,11,1,34,28,82.35,6,17.65
1102,11,2,3,1,33.33,2,66.67
1103,11,3,7,4,57.14,3,42.86
1104,11,4,20,12,60.0,8,40.0
1105,11,5,19,13,68.42,6,31.58
1106,11,6,12,9,75.0,3,25.0
1107,11,7,10,6,60.0,4,40.0
1108,11,8,24,16,66.67,8,33.33
1109,11,9,8,5,62.5,3,37.5
1110,11,10,25,21,84.0,4,16.0
1111,11,11,19,13,68.42,6,31.58
1112,11,12,65,53,81.54,12,18.46
1113,11,13,54,43,79.63,11,20.37
1114,11,14,20,16,80.0,4,20.0
1115,11,15,11,9,81.82,2,18.18
1116,11,16,22,18,81.82,4,18.18
1117,11,17,34,32,94.12,2,5.88
1118,11,18,15,14,93.33,1,6.67
1119,11,19,16,15,93.75,1,6.25
1120,11,20,10,8,80.0,2,20.0
1121,11,21,29,28,96.55,1,3.45
1122,11,22,30,22,73.33,8,26.67
1123,11,23,15,8,53.33,7,46.67
1124,11,24,25,19,76.0,6,24.0
1125,11,25,32,28,87.5,4,12.5
1126,11,26,21,15,71.43,6,28.57
1127,11,27,6,3,50.0,3,50.0
1128,11,28,15,13,86.67,2,13.33
1129,11,29,37,32,86.49,5,13.51
1130,11,30,9,5,55.56,4,44.44
1131,11,31,45,36,80.0,9,20.0
1132,11,32,14,12,85.71,2,14.29
1133,11,33,26,21,80.77,5,19.23
1134,11,34,11,8,72.73,3,27.27
1135,11,35,6,4,66.67,2,33.33
1136,11,36,12,8,66.67,4,33.33
1137,11,37,2,2,100.0,0,0.0
1138,11,38,3,3,100.0,0,0.0
1201,12,1,15,14,93.33,1,6.67
1202,12,2,7,5,71.43,2,28.57
1203,12,3,26,20,76.92,6,23.08
1204,12,4,12,10,83.33,2,16.67
1205,12,5,15,13,86.67,2,13.33
1206,12,6,20,20,100.0,0,0.0
1207,12,7,1,1,100.0,0,0.0
1208,12,8,4,3,75.0,1,25.0
1209,12,9,5,5,100.0,0,0.0
1210,12,10,5,5,100.0,0,0.0
1211,12,11,12,11,91.67,1,8.33
1212,12,12,19,16,84.21,3,15.79
1213,12,13,17,12,70.59,5,29.41
1214,12,14,3,3,100.0,0,0.0
1215,12,15,4,4,100.0,0,0.0
1216,12,16,1,0,0.0,1,100.0
1217,12,17,11,8,72.73,3,27.27
1218,12,18,3,2,66.67,1,33.33
1219,12,19,19,13,68.42,6,31.58
1220,12,20,7,5,71.43,2,28.57
1221,12,21,9,8,88.89,1,11.11
1222,12,22,2,2,100.0,0,0.0
1223,12,23,19,14,73.68,5,26.32
1301,13,1,27,19,70.37,8,29.63
1302,13,2,24,23,95.83,1,4.17
1303,13,3,7,4,57.14,3,42.86
1304,13,4,48,37,77.08,11,22.92
1305,13,5,16,16,100.0,0,0.0
1306,13,6,31,27,87.1,4,12.9
1307,13,7,6,4,66.67,2,33.33
1308,13,8,17,16,94.12,1,5.88
1309,13,9,6,5,83.33,1,16.67
1310,13,10,53,47,88.68,6,11.32
1311,13,11,23,20,86.96,3,13.04
1312,13,12,24,19,79.17,5,20.83
1313,13,13,15,10,66.67,5,33.33
1314,13,14,12,10,83.33,2,16.67
1315,13,15,22,18,81.82,4,18.18
1316,13,16,9,9,100.0,0,0.0
1317,13,17,30,25,83.33,5,16.67
1318,13,18,22,18,81.82,4,18.18
1319,13,19,8,7,87.5,1,12.5
1320,13,20,19,15,78.95,4,21.05
1321,13,21,44,40,90.91,4,9.09
1322,13,22,34,27,79.41,7,20.59
1323,13,23,11,10,90.91,1,9.09
1324,13,24,26,20,76.92,6,23.08
1325,13,25,8,6,75.0,2,25.0
1326,13,26,23,18,78.26,5,21.74
1327,13,27,21,17,80.95,4,19.05
1328,13,28,9,6,66.67,3,33.33
1329,13,29,13,9,69.23,4,30.77
1330,13,30,4,2,50.0,2,50.0
1331,13,31,34,30,88.24,4,11.76
1332,13,32,41,31,75.61,10,24.39
1333,13,33,37,33,89.19,4,10.81
1334,13,34,5,4,80.0,1,20.0
1335,13,35,11,9,81.82,2,18.18
1336,13,36,6,4,66.67,2,33.33
1337,13,37,15,12,80.0,3,20.0
1338,13,38,25,21,84.0,4,16.0
1339,13,39,6,6,100.0,0,0.0
1340,13,40,12,7,58.33,5,41.67
1341,13,41,9,7,77.78,2,22.22
1342,13,42,46,41,89.13,5,10.87
1343,13,43,11,7,63.64,4,36.36
1344,13,44,11,10,90.91,1,9.09
1345,13,45,31,22,70.97,9,29.03
1346,13,46,13,10,76.92,3,23.08
1347,13,47,9,8,88.89,1,11.11
1348,13,48,24,21,87.5,3,12.5
1401,14,1,78,65,83.33,13,16.67
1402,14,2,11,8,72.73,3,27.27
1403,14,3,6,5,83.33,1,16.67
1404,14,4,54,47,87.04,7,12.96
1405,14,5,5,4,80.0,1,20.0
1406,14,6,4,4,100.0,0,0.0
1407,14,7,13,12,92.31,1,7.69
1408,14,8,16,14,87.5,2,12.5
1409,14,9,33,27,81.82,6,18.18
1410,14,10,12,9,75.0,3,25.0
1411,14,11,4,3,75.0,1,25.0
1412,14,12,31,25,80.65,6,19.35
1413,14,13,16,13,81.25,3,18.75
1414,14,14,4,4,100.0,0,0.0
1415,14,15,2,1,50.0,1,50.0
1416,14,16,5,4,80.0,1,20.0
1417,14,17,11,6,54.55,5,45.45
1418,14,18,11,8,72.73,3,27.27
1419,14,19,11,8,72.73,3,27.27
1420,14,20,16,14,87.5,2,12.5
1421,14,21,7,4,57.14,3,42.86
1422,14,22,33,25,75.76,8,24.24
1423,14,23,17,16,94.12,1,5.88
1424,14,24,29,24,82.76,5,17.24
1425,14,25,11,8,72.73,3,27.27
1426,14,26,4,2,50.0,2,50.0
1427,14,27,20,19,95.0,1,5.0
1428,14,28,10,9,90.0,1,10.0
1429,14,29,11,7,63.64,4,36.36
1430,14,30,2,2,100.0,0,0.0
1431,14,31,5,5,100.0,0,0.0
1501,15,1,8,6,75.0,2,25.0
1502,15,2,1,1,100.0,0,0.0
1503,15,3,0,0,0.0,0,0.0
1504,15,4,8,7,87.5,1,12.5
1505,15,5,2,2,100.0,0,0.0
1506,15,6,11,9,81.82,2,18.18
1507,15,7,0,0,0.0,0,0.0
1508,15,8,13,9,69.23,4,30.77
1509,15,9,10,10,100.0,0,0.0
1510,15,10,11,9,81.82,2,18.18
1511,15,11,10,10,100.0,0,0.0
1512,15,12,8,8,100.0,0,0.0
1513,15,13,4,4,100.0,0,0.0
1514,15,14,1,1,100.0,0,0.0
1515,15,15,2,2,100.0,0,0.0
1516,15,16,4,3,75.0,1,25.0
1517,15,17,0,0,0.0,0,0.0
1518,15,18,0,0,0.0,0,0.0
1519,15,19,4,3,75.0,1,25.0
1520,15,20,0,0,0.0,0,0.0
1521,15,21,1,1,100.0,0,0.0
1522,15,22,0,0,0.0,0,0.0
1523,15,23,0,0,0.0,0,0.0
1524,15,24,3,2,66.67,1,33.33
1601,16,1,6,4,66.67,2,33.33
1602,16,2,2,1,50.0,1,50.0
1603,16,3,1,1,100.0,0,0.0
1604,16,4,4,3,75.0,1,25.0
1605,16,5,1,1,100.0,0,0.0
1606,16,6,1,0,0.0,1,100.0
1607,16,7,2,2,100.0,0,0.0
1608,16,8,2,2,100.0,0,0.0
1609,16,9,0,0,0.0,0,0.0
1610,16,10,2,1,50.0,1,50.0
1611,16,11,3,0,0.0,3,100.0
1612,16,12,2,2,100.0,0,0.0
1613,16,13,1,1,100.0,0,0.0
1614,16,14,6,5,83.33,1,16.67
1615,16,15,1,1,100.0,0,0.0
1616,16,16,1,0,0.0,1,100.0
1617,16,17,2,2,100.0,0,0.0
1618,16,18,3,3,100.0,0,0.0
1619,16,19,1,0,0.0,1,100.0
1620,16,20,1,1,100.0,0,0.0
1621,16,21,2,2,100.0,0,0.0
1622,16,22,1,1,100.0,0,0.0
1623,16,23,5,5,100.0,0,0.0
1624,16,24,1,1,100.0,0,0.0
1625,16,25,5,4,80.0,1,20.0
1626,16,26,2,0,0.0,2,100.0
1627,16,27,3,3,100.0,0,0.0
1628,16,28,2,2,100.0,0,0.0
1629,16,29,0,0,0.0,0,0.0
1630,16,30,2,2,100.0,0,0.0
1631,16,31,0,0,0.0,0,0.0
1632,16,32,4,4,100.0,0,0.0
1633,16,33,1,0,0.0,1,100.0
1634,16,34,0,0,0.0,0,0.0
1635,16,35,4,3,75.0,1,25.0
1636,16,36,3,3,100.0,0,0.0
1701,17,1,6,5,83.33,1,16.67
1702,17,2,0,0,0.0,0,0.0
1703,17,3,2,1,50.0,1,50.0
1704,17,4,1,0,0.0,1,100.0
1705,17,5,0,0,0.0,0,0.0
1706,17,6,3,2,66.67,1,33.33
1707,17,7,6,5,83.33,1,16.67
1708,17,8,4,2,50.0,2,50.0
1709,17,9,2,1,50.0,1,50.0
1710,17,10,2,2,100.0,0,0.0
1711,17,11,1,0,0.0,1,100.0
1712,17,12,6,5,83.33,1,16.67
1713,17,13,0,0,0.0,0,0.0
1714,17,14,1,1,100.0,0,0.0
1715,17,15,2,1,50.0,1,50.0
1716,17,16,9,7,77.78,2,22.22
1717,17,17,5,3,60.0,2,40.0
1718,17,18,2,2,100.0,0,0.0
1719,17,19,0,0,0.0,0,0.0
1720,17,20,2,2,100.0,0,0.0
1721,17,21,2,2,100.0,0,0.0
1722,17,22,1,1,100.0,0,0.0
1723,17,23,0,0,0.0,0,0.0
1724,17,24,3,2,66.67,1,33.33
1725,17,25,1,0,0.0,1,100.0
1726,17,26,1,1,100.0,0,0.0
1727,17,27,2,2,100.0,0,0.0
1728,17,28,2,2,100.0,0,0.0
1729,17,29,3,2,66.67,1,33.33
1730,17,30,9,8,88.89,1,11.11
1731,17,31,0,0,0.0,0,0.0
1732,17,32,0,0,0.0,0,0.0
1733,17,33,1,0,0.0,1,100.0
1734,17,34,0,0,0.0,0,0.0
1735,17,35,0,0,0.0,0,0.0
1736,17,36,0,0,0.0,0,0.0
1737,17,37,0,0,0.0,0,0.0
1738,17,38,0,0,0.0,0,0.0
1739,17,39,4,3,75.0,1,25.0
1740,17,40,2,2,100.0,0,0.0
1741,17,41,9,4,44.44,5,55.56
1801,18,1,5,4,80.0,1,20.0
1802,18,2,9,5,55.56,4,44.44
1803,18,3,23,15,65.22,8,34.78
1804,18,4,1,0,0.0,1,100.0
1805,18,5,2,1,50.0,1,50.0
1806,18,6,28,25,89.29,3,10.71
1807,18,7,8,7,87.5,1,12.5
1808,18,8,4,1,25.0,3,75.0
1809,18,9,4,4,100.0,0,0.0
1810,18,10,4,3,75.0,1,25.0
1811,18,11,9,8,88.89,1,11.11
1812,18,12,4,3,75.0,1,25.0
1813,18,13,4,3,75.0,1,25.0
1814,18,14,3,2,66.67,1,33.33
1815,18,15,11,5,45.45,6,54.55
1816,18,16,8,5,62.5,3,37.5
1817,18,17,6,5,83.33,1,16.67
1818,18,18,11,7,63.64,4,36.36
1819,18,19,5,4,80.0,1,20.0
1820,18,20,0,0,0.0,0,0.0
1821,18,21,7,5,71.43,2,28.57
1822,18,22,0,0,0.0,0,0.0
1823,18,23,7,7,100.0,0,0.0
1824,18,24,24,18,75.0,6,25.0
1825,18,25,18,15,83.33,3,16.67
1826,18,26,9,6,66.67,3,33.33
1827,18,27,4,3,75.0,1,25.0
1828,18,28,22,18,81.82,4,18.18
1829,18,29,15,9,60.0,6,40.0
1830,18,30,30,23,76.67,7,23.33
1831,18,31,7,7,100.0,0,0.0
1832,18,32,3,3,100.0,0,0.0
1833,18,33,1,1,100.0,0,0.0
1834,18,34,7,6,85.71,1,14.29
1835,18,35,1,1,100.0,0,0.0
1836,18,36,9,8,88.89,1,11.11
1837,18,37,6,4,66.67,2,33.33
1838,18,38,1,1,100.0,0,0.0
1839,18,39,3,3,100.0,0,0.0
1840,18,40,10,7,70.0,3,30.0
1841,18,41,4,3,75.0,1,25.0
1842,18,42,6,6,100.0,0,0.0
1843,18,43,13,9,69.23,4,30.77
1844,18,44,27,20,74.07,7,25.93
1845,18,45,14,10,71.43,4,28.57
1846,18,46,20,19,95.0,1,5.0
1847,18,47,4,4,100.0,0,0.0
1848,18,48,2,2,100.0,0,0.0
1849,18,49,2,2,100.0,0,0.0
1850,18,50,2,2,100.0,0,0.0
1901,19,1,45,43,95.56,2,4.44
1902,19,2,25,24,96.0,1,4.0
1903,19,3,86,71,82.56,15,17.44
1904,19,4,92,85,92.39,7,7.61
1905,19,5,24,21,87.5,3,12.5
1906,19,6,96,86,89.58,10,10.42
1907,19,7,54,46,85.19,8,14.81
1908,19,8,113,99,87.61,14,12.39
1909,19,9,36,34,94.44,2,5.56
1910,19,10,27,25,92.59,2,7.41
1911,19,11,91,78,85.71,13,14.29
1912,19,12,90,75,83.33,15,16.67
1913,19,13,4,4,100.0,0,0.0
1914,19,14,21,18,85.71,3,14.29
1915,19,15,98,82,83.67,16,16.33
1916,19,16,82,74,90.24,8,9.76
1917,19,17,41,32,78.05,9,21.95
1918,19,18,28,22,78.57,6,21.43
1919,19,19,27,21,77.78,6,22.22
1920,19,20,16,12,75.0,4,25.0
1921,19,21,77,69,89.61,8,10.39
1922,19,22,38,32,84.21,6,15.79
1923,19,23,64,57,89.06,7,10.94
1924,19,24,79,70,88.61,9,11.39
1925,19,25,36,32,88.89,4,11.11
1926,19,26,40,30,75.0,10,25.0
1927,19,27,23,20,86.96,3,13.04
1928,19,28,8,3,37.5,5,62.5
1929,19,29,76,67,88.16,9,11.84
1930,19,30,89,76,85.39,13,14.61
1931,19,31,46,39,84.78,7,15.22
1932,19,32,58,49,84.48,9,15.52
1933,19,33,95,87,91.58,8,8.42
1934,19,34,37,30,81.08,7,18.92
1935,19,35,32,28,87.5,4,12.5
1936,19,36,15,13,86.67,2,13.33
1937,19,37,10,10,100.0,0,0.0
1938,19,38,14,9,64.29,5,35.71
1939,19,39,2,2,100.0,0,0.0
1940,19,40,36,26,72.22,10,27.78
1941,19,41,66,58,87.88,8,12.12
1942,19,42,26,22,84.62,4,15.38
1943,19,43,6,3,50.0,3,50.0
1944,19,44,77,69,89.61,8,10.39
1945,19,45,69,60,86.96,9,13.04
1946,19,46,60,55,91.67,5,8.33
1947,19,47,20,19,95.0,1,5.0
1948,19,48,3,2,66.67,1,33.33
1949,19,49,17,12,70.59,5,29.41
1950,19,50,33,26,78.79,7,21.21
1951,19,51,49,38,77.55,11,22.45
1952,19,52,91,81,89.01,10,10.99
1953,19,53,36,34,94.44,2,5.56
1954,19,54,111,105,94.59,6,5.41
1955,19,55,91,83,91.21,8,8.79
1956,19,56,34,28,82.35,6,17.65
1957,19,57,15,11,73.33,4,26.67
2001,20,1,1,1,100.0,0,0.0
2002,20,2,0,0,0.0,0,0.0
2003,20,3,0,0,0.0,0,0.0
2004,20,4,5,4,80.0,1,20.0
2005,20,5,1,1,100.0,0,0.0
2006,20,6,1,1,100.0,0,0.0
2007,20,7,1,1,100.0,0,0.0
2008,20,8,2,2,100.0,0,0.0
2009,20,9,1,1,100.0,0,0.0
2010,20,10,6,5,83.33,1,16.67
2011,20,11,2,0,0.0,2,100.0
2012,20,12,1,0,0.0,1,100.0
2013,20,13,2,2,100.0,0,0.0
2014,20,14,2,2,100.0,0,0.0
2015,20,15,7,5,71.43,2,28.57
2016,20,16,4,3,75.0,1,25.0
2017,20,17,1,1,100.0,0,0.0
2018,20,18,3,1,33.33,2,66.67
2019,20,19,1,1,100.0,0,0.0
2020,20,20,3,1,33.33,2,66.67
2021,20,21,3,2,66.67,1,33.33
2022,20,22,3,3,100.0,0,0.0
2023,20,23,3,3,100.0,0,0.0
2024,20,24,3,2,66.67,1,33.33
2025,20,25,2,1,50.0,1,50.0
2026,20,26,3,2,66.67,1,33.33
2027,20,27,1,0,0.0,1,100.0
2028,20,28,0,0,0.0,0,0.0
2029,20,29,0,0,0.0,0,0.0
2030,20,30,0,0,0.0,0,0.0
2031,20,31,3,3,100.0,0,0.0
2032,20,32,2,2,100.0,0,0.0
2033,20,33,0,0,0.0,0,0.0
2034,20,34,4,3,75.0,1,25.0
2035,20,35,1,1,100.0,0,0.0
2036,20,36,0,0,0.0,0,0.0
2037,20,37,0,0,0.0,0,0.0
2038,20,38,1,0,0.0,1,100.0
2039,20,39,0,0,0.0,0,0.0
2101,21,1,0,0,0.0,0,0.0
2102,21,2,3,2,66.67,1,33.33
2103,21,3,7,3,42.86,4,57.14
2104,21,4,0,0,0.0,0,0.0
2105,21,5,2,2,100.0,0,0.0
2106,21,6,1,1,100.0,0,0.0
2107,21,7,2,1,50.0,1,50.0
2108,21,8,5,2,40.0,3,60.0
2109,21,9,2,0,0.0,2,100.0
2110,21,10,3,3,100.0,0,0.0
2111,21,11,0,0,0.0,0,0.0
2112,21,12,2,2,100.0,0,0.0
2113,21,13,6,5,83.33,1,16.67
2114,21,14,2,1,50.0,1,50.0
2115,21,15,1,0,0.0,1,100.0
2116,21,16,5,3,60.0,2,40.0
2117,21,17,2,1,50.0,1,50.0
2118,21,18,1,0,0.0,1,100.0
2119,21,19,2,2,100.0,0,0.0
2120,21,20,0,0,0.0,0,0.0
2121,21,21,2,2,100.0,0,0.0
2122,21,22,2,2,100.0,0,0.0
2123,21,23,3,0,0.0,3,100.0
2124,21,24,1,1,100.0,0,0.0
2125,21,25,4,2,50.0,2,50.0
2126,21,26,4,3,75.0,1,25.0
2127,21,27,1,1,100.0,0,0.0
2128,21,28,1,1,100.0,0,0.0
2129,21,29,0,0,0.0,0,0.0
2130,21,30,0,0,0.0,0,0.0
2131,21,31,3,2,66.67,1,33.33
2132,21,32,3,1,33.33,2,66.67
2133,21,33,2,2,100.0,0,0.0
2134,21,34,2,1,50.0,1,50.0
2135,21,35,6,3,50.0,3,50.0
2136,21,36,0,0,0.0,0,0.0
2137,21,37,3,3,100.0,0,0.0
2138,21,38,1,1,100.0,0,0.0
2139,21,39,1,1,100.0,0,0.0
2140,21,40,3,3,100.0,0,0.0
2141,21,41,2,1,50.0,1,50.0
2142,21,42,3,2,66.67,1,33.33
2143,21,43,3,3,100.0,0,0.0
2144,21,44,3,1,33.33,2,66.67
2145,21,45,5,4,80.0,1,20.0
2146,21,46,3,3,100.0,0,0.0
2147,21,47,1,0,0.0,1,100.0
2148,21,48,2,1,50.0,1,50.0
2149,21,49,1,0,0.0,1,100.0
2150,21,50,0,0,0.0,0,0.0
2151,21,51,0,0,0.0,0,0.0
2152,21,52,3,2,66.67,1,33.33
2153,21,53,7,6,85.71,1,14.29
2154,21,54,1,1,100.0,0,0.0
2201,22,1,1,1,100.0,0,0.0
2202,22,2,28,26,92.86,2,7.14
2203,22,3,17,12,70.59,5,29.41
2204,22,4,4,3,75.0,1,25.0
2205,22,5,3,2,66.67,1,33.33
2206,22,6,5,4,80.0,1,20.0
2207,22,7,2,1,50.0,1,50.0
2208,22,8,20,17,85.0,3,15.0
2209,22,9,1,1,100.0,0,0.0
2210,22,10,6,3,50.0,3,50.0
2211,22,11,4,2,50.0,2,50.0
2212,22,12,20,18,90.0,2,10.0
2213,22,13,9,5,55.56,4,44.44
2214,22,14,12,10,83.33,2,16.67
2215,22,15,7,4,57.14,3,42.86
2216,22,16,2,2,100.0,0,0.0
2217,22,17,10,8,80.0,2,20.0
2218,22,18,4,4,100.0,0,0.0
2219,22,19,1,1,100.0,0,0.0
2220,22,20,5,5,100.0,0,0.0
2221,22,21,2,2,100.0,0,0.0
2222,22,22,2,2,100.0,0,0.0
2223,22,23,0,0,0.0,0,0.0
2224,22,24,8,6,75.0,2,25.0
2225,22,25,5,4,80.0,1,20.0
2301,23,1,57,43,75.44,14,24.56
2302,23,2,40,39,97.5,1,2.5
2303,23,3,68,63,92.65,5,7.35
2304,23,4,28,27,96.43,1,3.57
2305,23,5,8,8,100.0,0,0.0
2306,23,6,20,16,80.0,4,20.0
2307,23,7,12,9,75.0,3,25.0
2308,23,8,30,23,76.67,7,23.33
2309,23,9,5,4,80.0,1,20.0
2310,23,10,17,15,88.24,2,11.76
2311,23,11,8,8,100.0,0,0.0
2312,23,12,49,44,89.8,5,10.2
2313,23,13,6,4,66.67,2,33.33
2314,23,14,57,50,87.72,7,12.28
2315,23,15,7,6,85.71,1,14.29
2316,23,16,47,41,87.23,6,12.77
2317,23,17,3,3,100.0,0,0.0
2318,23,18,54,45,83.33,9,16.67
2319,23,19,10,10,100.0,0,0.0
2320,23,20,9,8,88.89,1,11.11
2321,23,21,65,53,81.54,12,18.46
2322,23,22,32,26,81.25,6,18.75
2323,23,23,44,37,84.09,7,15.91
2324,23,24,13,11,84.62,2,15.38
2325,23,25,12,9,75.0,3,25.0
2326,23,26,20,14,70.0,6,30.0
2327,23,27,32,28,87.5,4,12.5
2328,23,28,43,31,72.09,12,27.91
2329,23,29,32,24,75.0,8,25.0
2330,23,30,22,22,100.0,0,0.0
2331,23,31,4,2,50.0,2,50.0
2332,23,32,9,8,88.89,1,11.11
2333,23,33,16,14,87.5,2,12.5
2334,23,34,15,11,73.33,4,26.67
2335,23,35,34,30,88.24,4,11.76
2336,23,36,46,38,82.61,8,17.39
2337,23,37,51,41,80.39,10,19.61
2338,23,38,46,30,65.22,16,34.78
2339,23,39,2,2,100.0,0,0.0
2401,24,1,1,0,0.0,1,100.0
2402,24,2,3,1,33.33,2,66.67
2403,24,3,0,0,0.0,0,0.0
2404,24,4,0,0,0.0,0,0.0
2405,24,5,0,0,0.0,0,0.0
2406,24,6,3,2,66.67,1,33.33
2407,24,7,2,2,100.0,0,0.0
2408,24,8,1,1,100.0,0,0.0
2409,24,9,1,1,100.0,0,0.0
2410,24,10,1,0,0.0,1,100.0
2411,24,11,1,0,0.0,1,100.0
2412,24,12,2,1,50.0,1,50.0
2413,24,13,1,1,100.0,0,0.0
2414,24,14,2,2,100.0,0,0.0
2415,24,15,3,2,66.67,1,33.33
2416,24,16,137,86,62.77,51,37.23
2417,24,17,1,1,100.0,0,0.0
2418,24,18,0,0,0.0,0,0.0
2419,24,19,1,0,0.0,1,100.0
2420,24,20,0,0,0.0,0,0.0
2421,24,21,1,1,100.0,0,0.0
2422,24,22,4,4,100.0,0,0.0
2423,24,23,1,1,100.0,0,0.0
2424,24,24,3,1,33.33,2,66.67
2425,24,25,2,2,100.0,0,0.0
2426,24,26,3,1,33.33,2,66.67
2427,24,27,1,0,0.0,1,100.0
2428,24,28,4,4,100.0,0,0.0
2429,24,29,0,0,0.0,0,0.0
2430,24,30,0,0,0.0,0,0.0
2431,24,31,1,1,100.0,0,0.0
2432,24,32,2,1,50.0,1,50.0
2433,24,33,1,1,100.0,0,0.0
2434,24,34,1,1,100.0,0,0.0
2435,24,35,1,1,100.0,0,0.0
2436,24,36,1,1,100.0,0,0.0
2437,24,37,2,1,50.0,1,50.0
2438,24,38,0,0,0.0,0,0.0
2439,24,39,11,7,63.64,4,36.36
2440,24,40,1,1,100.0,0,0.0
2441,24,41,2,1,50.0,1,50.0
2501,25,1,4,4,100.0,0,0.0
2502,25,2,3,3,100.0,0,0.0
2503,25,3,41,26,63.41,15,36.59
2504,25,4,9,5,55.56,4,44.44
2505,25,5,8,6,75.0,2,25.0
2506,25,6,12,10,83.33,2,16.67
2507,25,7,5,4,80.0,1,20.0
2508,25,8,7,5,71.43,2,28.57
2509,25,9,5,3,60.0,2,40.0
2510,25,10,28,27,96.43,1,3.57
2511,25,11,5,5,100.0,0,0.0
2512,25,12,3,1,33.33,2,66.67
2513,25,13,4,4,100.0,0,0.0
2514,25,14,9,7,77.78,2,22.22
2515,25,15,8,8,100.0,0,0.0
2516,25,16,28,17,60.71,11,39.29
2517,25,17,9,8,88.89,1,11.11
2518,25,18,13,8,61.54,5,38.46
2519,25,19,11,8,72.73,3,27.27
2520,25,20,2,2,100.0,0,0.0
2521,25,21,23,14,60.87,9,39.13
2522,25,22,4,3,75.0,1,25.0
2523,25,23,7,6,85.71,1,14.29
2524,25,24,6,4,66.67,2,33.33
2525,25,25,16,12,75.0,4,25.0
2526,25,26,12,8,66.67,4,33.33
2527,25,27,10,5,50.0,5,50.0
2528,25,28,9,7,77.78,2,22.22
2529,25,29,4,4,100.0,0,0.0
2530,25,30,11,11,100.0,0,0.0
2531,25,31,36,25,69.44,11,30.56
2532,25,32,14,8,57.14,6,42.86
2601,26,1,2,1,50.0,1,50.0
2602,26,2,2,1,50.0,1,50.0
2603,26,3,11,10,90.91,1,9.09
2604,26,4,8,6,75.0,2,25.0
2605,26,5,7,7,100.0,0,0.0
2606,26,6,6,3,50.0,3,50.0
2607,26,7,3,2,66.67,1,33.33
2608,26,8,1,1,100.0,0,0.0
2609,26,9,5,5,100.0,0,0.0
2610,26,10,9,5,55.56,4,44.44
2611,26,11,16,14,87.5,2,12.5
2612,26,12,5,3,60.0,2,40.0
2613,26,13,3,3,100.0,0,0.0
2614,26,14,3,2,66.67,1,33.33
2615,26,15,4,2,50.0,2,50.0
2616,26,16,2,1,50.0,1,50.0
2617,26,17,18,15,83.33,3,16.67
2618,26,18,6,5,83.33,1,16.67
2619,26,19,3,3,100.0,0,0.0
2620,26,20,5,5,100.0,0,0.0
2621,26,21,13,9,69.23,4,30.77
2622,26,22,4,1,25.0,3,75.0
2623,26,23,3,2,66.67,1,33.33
2624,26,24,1,1,100.0,0,0.0
2625,26,25,2,2,100.0,0,0.0
2626,26,26,4,2,50.0,2,50.0
2627,26,27,3,3,100.0,0,0.0
2628,26,28,17,10,58.82,7,41.18
2629,26,29,6,5,83.33,1,16.67
2630,26,30,3,0,0.0,3,100.0
2631,26,31,13,12,92.31,1,7.69
2632,26,32,17,9,52.94,8,47.06
2633,26,33,10,9,90.0,1,10.0
2634,26,34,4,3,75.0,1,25.0
2635,26,35,8,5,62.5,3,37.5
2636,26,36,6,2,33.33,4,66.67
2637,26,37,1,1,100.0,0,0.0
2638,26,38,9,6,66.67,3,33.33
2639,26,39,9,6,66.67,3,33.33
2640,26,40,4,3,75.0,1,25.0
2641,26,41,10,7,70.0,3,30.0
2642,26,42,2,2,100.0,0,0.0
2643,26,43,4,4,100.0,0,0.0
2644,26,44,5,2,40.0,3,60.0
2645,26,45,4,4,100.0,0,0.0
2646,26,46,19,15,78.95,4,21.05
2647,26,47,8,7,87.5,1,12.5
2648,26,48,7,5,71.43,2,28.57
2649,26,49,0,0,0.0,0,0.0
2701,27,1,44,26,59.09,18,40.91
2702,27,2,15,10,66.67,5,33.33
2703,27,3,3,2,66.67,1,33.33
2704,27,4,2,2,100.0,0,0.0
2705,27,5,1,1,100.0,0,0.0
2706,27,6,18,11,61.11,7,38.89
2707,27,7,11,10,90.91,1,9.09
2708,27,8,2,2,100.0,0,0.0
2709,27,9,16,14,87.5,2,12.5
2710,27,10,2,1,50.0,1,50.0
2711,27,11,12,9,75.0,3,25.0
2712,27,12,25,16,64.0,9,36.0
2713,27,13,10,9,90.0,1,10.0
2714,27,14,0,0,0.0,0,0.0
2715,27,15,0,0,0.0,0,0.0
2716,27,16,14,8,57.14,6,42.86
2717,27,17,8,7,87.5,1,12.5
2718,27,18,6,5,83.33,1,16.67
2719,27,19,4,4,100.0,0,0.0
2720,27,20,3,3,100.0,0,0.0
2721,27,21,19,17,89.47,2,10.53
2722,27,22,0,0,0.0,0,0.0
2723,27,23,2,2,100.0,0,0.0
2724,27,24,4,4,100.0,0,0.0
2725,27,25,7,5,71.43,2,28.57
2726,27,26,2,0,0.0,2,100.0
2727,27,27,4,2,50.0,2,50.0
2728,27,28,28,19,67.86,9,32.14
2729,27,29,1,1,100.0,0,0.0
2730,27,30,2,1,50.0,1,50.0
2731,27,31,1,1,100.0,0,0.0
2732,27,32,16,11,68.75,5,31.25
2733,27,33,10,9,90.0,1,10.0
2734,27,34,4,1,25.0,3,75.0
2735,27,35,25,23,92.0,2,8.0
2736,27,36,3,2,66.67,1,33.33
2737,27,37,20,17,85.0,3,15.0
2738,27,38,31,27,87.1,4,12.9
2739,27,39,4,4,100.0,0,0.0
2740,27,40,24,19,79.17,5,20.83
2741,27,41,3,3,100.0,0,0.0
2742,27,42,14,6,42.86,8,57.14
2743,27,43,4,4,100.0,0,0.0
2744,27,44,1,1,100.0,0,0.0
2745,27,45,37,27,72.97,10,27.03
2746,27,46,20,15,75.0,5,25.0
2747,27,47,4,4,100.0,0,0.0
2748,27,48,17,12,70.59,5,29.41
2749,27,49,4,4,100.0,0,0.0
2750,27,50,2,2,100.0,0,0.0
2801,28,1,1,1,100.0,0,0.0
2802,28,2,0,0,0.0,0,0.0
2803,28,3,1,0,0.0,1,100.0
2804,28,4,15,10,66.67,5,33.33
2805,28,5,3,1,33.33,2,66.67
2806,28,6,5,3,60.0,2,40.0
2807,28,7,3,3,100.0,0,0.0
2808,28,8,13,11,84.62,2,15.38
2809,28,9,0,0,0.0,0,0.0
2810,28,10,11,7,63.64,4,36.36
2811,28,11,25,23,92.0,2,8.0
2812,28,12,3,3,100.0,0,0.0
2813,28,13,1,1,100.0,0,0.0
2814,28,14,0,0,0.0,0,0.0
2815,28,15,0,0,0.0,0,0.0
2816,28,16,1,1,100.0,0,0.0
2817,28,17,2,1,50.0,1,50.0
2818,28,18,1,1,100.0,0,0.0
2819,28,19,3,3,100.0,0,0.0
2820,28,20,1,1,100.0,0,0.0
2821,28,21,1,0,0.0,1,100.0
2822,28,22,2,1,50.0,1,50.0
2823,28,23,0,0,0.0,0,0.0
2824,28,24,3,3,100.0,0,0.0
2825,28,25,2,2,100.0,0,0.0
2826,28,26,1,1,100.0,0,0.0
2827,28,27,22,16,72.73,6,27.27
2828,28,28,22,15,68.18,7,31.82
2829,28,29,2,1,50.0,1,50.0
2830,28,30,0,0,0.0,0,0.0
2831,28,31,6,2,33.33,4,66.67
2832,28,32,3,1,33.33,2,66.67
2833,28,33,2,2,100.0,0,0.0
2834,28,34,7,4,57.14,3,42.86
2835,28,35,1,0,0.0,1,100.0
2836,28,36,0,0,0.0,0,0.0
2837,28,37,2,1,50.0,1,50.0
2838,28,38,2,2,100.0,0,0.0
2839,28,39,2,2,100.0,0,0.0
2840,28,40,3,2,66.67,1,33.33
2841,28,41,0,0,0.0,0,0.0
2842,28,42,1,0,0.0,1,100.0
2843,28,43,0,0,0.0,0,0.0
2844,28,44,0,0,0.0,0,0.0
2845,28,45,15,7,46.67,8,53.33
2846,28,46,20,16,80.0,4,20.0
2901,29,1,16,10,62.5,6,37.5
2902,29,2,1,1,100.0,0,0.0
2903,29,3,2,1,50.0,1,50.0
2904,29,4,5,4,80.0,1,20.0
2905,29,5,3,2,66.67,1,33.33
2906,29,6,1,0,0.0,1,100.0
2907,29,7,12,11,91.67,1,8.33
2908,29,8,0,0,0.0,0,0.0
2909,29,9,33,26,78.79,7,21.21
2910,29,10,28,25,89.29,3,10.71
2911,29,11,1,1,100.0,0,0.0
2912,29,12,3,1,33.33,2,66.67
2913,29,13,6,4,66.67,2,33.33
2914,29,14,1,0,0.0,1,100.0
2915,29,15,3,1,33.33,2,66.67
2916,29,16,1,1,100.0,0,0.0
2917,29,17,2,0,0.0,2,100.0
2918,29,18,2,1,50.0,1,50.0
2919,29,19,2,2,100.0,0,0.0
2920,29,20,1,1,100.0,0,0.0
2921,29,21,3,3,100.0,0,0.0
2922,29,22,7,7,100.0,0,0.0
2923,29,23,47,37,78.72,10,21.28
2924,29,24,5,4,80.0,1,20.0
2925,29,25,1,1,100.0,0,0.0
2926,29,26,2,1,50.0,1,50.0
2927,29,27,0,0,0.0,0,0.0
2928,29,28,1,1,100.0,0,0.0
2929,29,29,25,21,84.0,4,16.0
2930,29,30,14,11,78.57,3,21.43
2931,29,31,45,37,82.22,8,17.78
2932,29,32,48,36,75.0,12,25.0
2933,29,33,2,2,100.0,0,0.0
2934,29,34,7,6,85.71,1,14.29
2935,29,35,0,0,0.0,0,0.0
2936,29,36,1,1,100.0,0,0.0
2937,29,37,3,3,100.0,0,0.0
2938,29,38,45,38,84.44,7,15.56
2939,29,39,28,23,82.14,5,17.86
2940,29,40,0,0,0.0,0,0.0
2941,29,41,2,1,50.0,1,50.0
2942,29,42,0,0,0.0,0,0.0
2943,29,43,12,10,83.33,2,16.67
2944,29,44,5,4,80.0,1,20.0
3001,30,1,21,16,76.19,5,23.81
3002,30,2,29,22,75.86,7,24.14
3003,30,3,15,13,86.67,2,13.33
3004,30,4,20,18,90.0,2,10.0
3005,30,5,10,8,80.0,2,20.0
3006,30,6,7,4,57.14,3,42.86
3007,30,7,31,27,87.1,4,12.9
3008,30,8,14,12,85.71,2,14.29
3009,30,9,20,14,70.0,6,30.0
3010,30,10,22,16,72.73,6,27.27
3011,30,11,11,9,81.82,2,18.18
3012,30,12,11,9,81.82,2,18.18
3013,30,13,17,9,52.94,8,47.06
3014,30,14,12,8,66.67,4,33.33
3015,30,15,13,12,92.31,1,7.69
3016,30,16,12,9,75.0,3,25.0
3017,30,17,24,21,87.5,3,12.5
3018,30,18,12,8,66.67,4,33.33
3019,30,19,18,14,77.78,4,22.22
3020,30,20,18,12,66.67,6,33.33
3021,30,21,19,17,89.47,2,10.53
3022,30,22,17,12,70.59,5,29.41
3023,30,23,19,11,57.89,8,42.11
3024,30,24,20,16,80.0,4,20.0
3025,30,25,26,20,76.92,6,23.08
3026,30,26,12,10,83.33,2,16.67
3027,30,27,16,12,75.0,4,25.0
3028,30,28,11,9,81.82,2,18.18
3029,30,29,8,5,62.5,3,37.5
3030,30,30,6,5,83.33,1,16.67
3031,30,31,22,16,72.73,6,27.27
3032,30,32,7,5,71.43,2,28.57
3101,31,1,12,12,100.0,0,0.0
3102,31,2,7,3,42.86,4,57.14
3103,31,3,19,14,73.68,5,26.32
3104,31,4,6,4,66.67,2,33.33
3105,31,5,10,8,80.0,2,20.0
3106,31,6,13,11,84.62,2,15.38
3107,31,7,5,4,80.0,1,20.0
3108,31,8,5,5,100.0,0,0.0
3109,31,9,9,5,55.56,4,44.44
3110,31,10,10,10,100.0,0,0.0
3111,31,11,12,8,66.67,4,33.33
3112,31,12,14,14,100.0,0,0.0
3113,31,13,4,2,50.0,2,50.0
3114,31,14,11,9,81.82,2,18.18
3115,31,15,8,4,50.0,4,50.0
3116,31,16,9,8,88.89,1,11.11
3117,31,17,7,6,85.71,1,14.29
3118,31,18,4,3,75.0,1,25.0
3119,31,19,7,6,85.71,1,14.29
3120,31,20,10,9,90.0,1,10.0
3121,31,21,3,3,100.0,0,0.0
3122,31,22,2,2,100.0,0,0.0
3123,31,23,7,7,100.0,0,0.0
3124,31,24,14,9,64.29,5,35.71
3125,31,25,11,10,90.91,1,9.09
3126,31,26,13,12,92.31,1,7.69
3127,31,27,10,9,90.0,1,10.0
3128,31,28,10,9,90.0,1,10.0
3129,31,29,8,8,100.0,0,0.0
3130,31,30,1,1,100.0,0,0.0
3131,31,31,16,10,62.5,6,37.5
3132,31,32,7,7,100.0,0,0.0
3133,31,33,8,7,87.5,1,12.5
3134,31,34,6,4,66.67,2,33.33
3135,31,35,10,7,70.0,3,30.0
3136,31,36,9,5,55.56,4,44.44
3137,31,37,7,6,85.71,1,14.29
3138,31,38,3,1,33.33,2,66.67
3139,31,39,7,7,100.0,0,0.0
3140,31,40,6,4,66.67,2,33.33
3141,31,41,10,9,90.0,1,10.0
3201,32,1,14,8,57.14,6,42.86
3202,32,2,14,9,64.29,5,35.71
3203,32,3,10,7,70.0,3,30.0
3204,32,4,15,14,93.33,1,6.67
3205,32,5,15,11,73.33,4,26.67
3206,32,6,15,12,80.0,3,20.0
3207,32,7,11,7,63.64,4,36.36
3208,32,8,30,20,66.67,10,33.33
3209,32,9,16,8,50.0,8,50.0
3210,32,10,30,24,80.0,6,20.0
3211,32,11,7,4,57.14,3,42.86
3212,32,12,10,9,90.0,1,10.0
3213,32,13,23,16,69.57,7,30.43
3214,32,14,12,9,75.0,3,25.0
3215,32,15,23,19,82.61,4,17.39
3216,32,16,14,13,92.86,1,7.14
3217,32,17,9,6,66.67,3,33.33
3218,32,18,21,17,80.95,4,19.05
3219,32,19,14,10,71.43,4,28.57
3220,32,20,6,5,83.33,1,16.67
3221,32,21,14,11,78.57,3,21.43
3222,32,22,8,6,75.0,2,25.0
3223,32,23,14,6,42.86,8,57.14
3224,32,24,16,9,56.25,7,43.75
3225,32,25,7,6,85.71,1,14.29
3226,32,26,13,7,53.85,6,46.15
3227,32,27,27,24,88.89,3,11.11
3228,32,28,8,6,75.0,2,25.0
3229,32,29,20,13,65.0,7,35.0
3230,32,30,24,18,75.0,6,25.0
3231,32,31,17,12,70.59,5,29.41
3232,32,32,11,10,90.91,1,9.09
3233,32,33,19,14,73.68,5,26.32
3234,32,34,9,5,55.56,4,44.44
3235,32,35,26,21,80.77,5,19.23
3236,32,36,18,17,94.44,1,5.56
3237,32,37,21,17,80.95,4,19.05
3238,32,38,21,18,85.71,3,14.29
3239,32,39,34,19,55.88,15,44.12
3240,32,40,19,15,78.95,4,21.05
3241,32,41,26,19,73.08,7,26.92
3242,32,42,26,23,88.46,3,11.54
3243,32,43,5,4,80.0,1,20.0
3301,33,1,5,4,80.0,1,20.0
3302,33,2,27,25,92.59,2,7.41
3303,33,3,7,6,85.71,1,14.29
3304,33,4,21,16,76.19,5,23.81
3305,33,5,14,10,71.43,4,28.57
3306,33,6,8,6,75.0,2,25.0
3307,33,7,22,17,77.27,5,22.73
3308,33,8,14,13,92.86,1,7.14
3309,33,9,22,20,90.91,2,9.09
3310,33,10,14,12,85.71,2,14.29
3311,33,11,15,11,73.33,4,26.67
3312,33,12,7,6,85.71,1,14.29
3313,33,13,18,13,72.22,5,27.78
3314,33,14,14,9,64.29,5,35.71
3315,33,15,15,8,53.33,7,46.67
3316,33,16,17,13,76.47,4,23.53
3317,33,17,22,18,81.82,4,18.18
3318,33,18,11,8,72.73,3,27.27
3319,33,19,19,16,84.21,3,15.79
3320,33,20,8,6,75.0,2,25.0
3321,33,21,9,6,66.67,3,33.33
3322,33,22,22,16,72.73,6,27.27
3323,33,23,13,9,69.23,4,30.77
3324,33,24,18,16,88.89,2,11.11
3325,33,25,17,13,76.47,4,23.53
3326,33,26,9,7,77.78,2,22.22
3327,33,27,20,16,80.0,4,20.0
3328,33,28,14,13,92.86,1,7.14
3401,34,1,1,1,100.0,0,0.0
3402,34,2,1,1,100.0,0,0.0
3403,34,3,1,0,0.0,1,100.0
3404,34,4,3,3,100.0,0,0.0
3405,34,5,3,3,100.0,0,0.0
3406,34,6,2,1,50.0,1,50.0
3407,34,7,0,0,0.0,0,0.0
3408,34,8,0,0,0.0,0,0.0
3409,34,9,3,3,100.0,0,0.0
3410,34,10,1,0,0.0,1,100.0
3411,34,11,2,2,100.0,0,0.0
3412,34,12,2,2,100.0,0,0.0
3413,34,13,0,0,0.0,0,0.0
3414,34,14,1,1,100.0,0,0.0
3415,34,15,0,0,0.0,0,0.0
3416,34,16,3,3,100.0,0,0.0
3417,34,17,4,3,75.0,1,25.0
3418,34,18,1,1,100.0,0,0.0
3419,34,19,3,2,66.67,1,33.33
3420,34,20,3,2,66.67,1,33.33
3421,34,21,2,1,50.0,1,50.0
3422,34,22,2,2,100.0,0,0.0
3423,34,23,2,2,100.0,0,0.0
3424,34,24,2,1,50.0,1,50.0
3425,34,25,1,1,100.0,0,0.0
3426,34,26,1,1,100.0,0,0.0
3427,34,27,2,2,100.0,0,0.0
3428,34,28,1,1,100.0,0,0.0
3429,34,29,3,3,100.0,0,0.0
3430,34,30,2,2,100.0,0,0.0
3431,34,31,0,0,0.0,0,0.0
3432,34,32,1,1,100.0,0,0.0
3433,34,33,0,0,0.0,0,0.0
3434,34,34,0,0,0.0,0,0.0
3435,34,35,3,1,33.33,2,66.67
3436,34,36,2,1,50.0,1,50.0
3437,34,37,1,0,0.0,1,100.0
3438,34,38,1,0,0.0,1,100.0
3439,34,39,0,0,0.0,0,0.0
3440,34,40,3,2,66.67,1,33.33
3441,34,41,1,1,100.0,0,0.0
3442,34,42,1,1,100.0,0,0.0
3443,34,43,3,2,66.67,1,33.33
3444,34,44,2,1,50.0,1,50.0
3445,34,45,2,2,100.0,0,0.0
3446,34,46,1,1,100.0,0,0.0
3447,34,47,1,1,100.0,0,0.0
3448,34,48,2,2,100.0,0,0.0
3449,34,49,2,2,100.0,0,0.0
3450,34,50,2,2,100.0,0,0.0
3451,34,51,4,3,75.0,1,25.0
3452,34,52,1,1,100.0,0,0.0
3453,34,53,7,6,85.71,1,14.29
3501,35,1,20,15,75.0,5,25.0
3502,35,2,16,10,62.5,6,37.5
3503,35,3,9,8,88.89,1,11.11
3504,35,4,16,12,75.0,4,25.0
3505,35,5,4,3,75.0,1,25.0
3506,35,6,8,6,75.0,2,25.0
3507,35,7,7,6,85.71,1,14.29
3508,35,8,10,5,50.0,5,50.0
3509,35,9,20,18,90.0,2,10.0
3510,35,10,5,4,80.0,1,20.0
3511,35,11,10,9,90.0,1,10.0
3512,35,12,6,4,66.67,2,33.33
3513,35,13,2,1,50.0,1,50.0
3514,35,14,7,4,57.14,3,42.86
3515,35,15,17,10,58.82,7,41.18
3516,35,16,0,0,0.0,0,0.0
3517,35,17,4,2,50.0,2,50.0
3518,35,18,7,5,71.43,2,28.57
3519,35,19,6,5,83.33,1,16.67
3520,35,20,12,10,83.33,2,16.67
3521,35,21,8,6,75.0,2,25.0
3522,35,22,8,5,62.5,3,37.5
3523,35,23,20,16,80.0,4,20.0
3524,35,24,7,6,85.71,1,14.29
3525,35,25,4,4,100.0,0,0.0
3526,35,26,14,9,64.29,5,35.71
3527,35,27,12,6,50.0,6,50.0
3528,35,28,13,8,61.54,5,38.46
3529,35,29,9,6,66.67,3,33.33
3530,35,30,12,9,75.0,3,25.0
3531,35,31,14,13,92.86,1,7.14
3601,36,1,17,9,52.94,8,47.06
3602,36,2,19,14,73.68,5,26.32
3603,36,3,20,18,90.0,2,10.0
3604,36,4,8,7,87.5,1,12.5
3605,36,5,16,13,81.25,3,18.75
3606,36,6,16,15,93.75,1,6.25
3607,36,7,43,33,76.74,10,23.26
3608,36,8,3,3,100.0,0,0.0
3609,36,9,14,11,78.57,3,21.43
3610,36,10,30,21,70.0,9,30.0
3611,36,11,12,8,66.67,4,33.33
3612,36,12,2,2,100.0,0,0.0
3613,36,13,3,2,66.67,1,33.33
3614,36,14,17,11,64.71,6,35.29
3615,36,15,34,22,64.71,12,35.29
3616,36,16,21,20,95.24,1,4.76
3617,36,17,33,23,69.7,10,30.3
3618,36,18,24,15,62.5,9,37.5
3619,36,19,18,13,72.22,5,27.78
3620,36,20,35,24,68.57,11,31.43
3621,36,21,6,4,66.67,2,33.33
3622,36,22,11,9,81.82,2,18.18
3623,36,23,17,11,64.71,6,35.29
3624,36,24,32,28,87.5,4,12.5
3625,36,25,5,5,100.0,0,0.0
3626,36,26,44,37,84.09,7,15.91
3627,36,27,16,11,68.75,5,31.25
3628,36,28,30,23,76.67,7,23.33
3629,36,29,34,31,91.18,3,8.82
3630,36,30,23,19,82.61,4,17.39
3701,37,1,0,0,0.0,0,0.0
3702,37,2,3,3,100.0,0,0.0
3703,37,3,2,1,50.0,1,50.0
3704,37,4,5,4,80.0,1,20.0
3705,37,5,2,1,50.0,1,50.0
3706,37,6,4,3,75.0,1,25.0
3707,37,7,0,0,0.0,0,0.0
3708,37,8,5,4,80.0,1,20.0
3709,37,9,4,2,50.0,2,50.0
3710,37,10,2,2,100.0,0,0.0
3711,37,11,2,1,50.0,1,50.0
3712,37,12,4,1,25.0,3,75.0
3713,37,13,2,1,50.0,1,50.0
3714,37,14,3,1,33.33,2,66.67
3715,37,15,1,1,100.0,0,0.0
3716,37,16,2,1,50.0,1,50.0
3717,37,17,0,0,0.0,0,0.0
3718,37,18,5,5,100.0,0,0.0
3719,37,19,1,1,100.0,0,0.0
3720,37,20,0,0,0.0,0,0.0
3721,37,21,2,2,100.0,0,0.0
3722,37,22,5,5,100.0,0,0.0
3723,37,23,2,1,50.0,1,50.0
3724,37,24,2,1,50.0,1,50.0
3725,37,25,2,1,50.0,1,50.0
3726,37,26,9,6,66.67,3,33.33
3727,37,27,3,2,66.67,1,33.33
3728,37,28,3,3,100.0,0,0.0
3729,37,29,9,6,66.67,3,33.33
3730,37,30,3,2,66.67,1,33.33
3731,37,31,2,1,50.0,1,50.0
3732,37,32,1,1,100.0,0,0.0
3733,37,33,0,0,0.0,0,0.0
3734,37,34,0,0,0.0,0,0.0
3735,37,35,1,0,0.0,1,100.0
3736,37,36,0,0,0.0,0,0.0
3737,37,37,1,1,100.0,0,0.0
3738,37,38,5,3,60.0,2,40.0
3739,37,39,2,2,100.0,0,0.0
3740,37,40,5,0,0.0,5,100.0
3741,37,41,5,4,80.0,1,20.0
3801,38,1,17,10,58.82,7,41.18
3802,38,2,92,80,86.96,12,13.04
3803,38,3,29,23,79.31,6,20.69
3804,38,4,40,31,77.5,9,22.5
3805,38,5,41,34,82.93,7,17.07
3806,38,6,49,41,83.67,8,16.33
3807,38,7,64,54,84.38,10,15.63
3808,38,8,50,35,70.0,15,30.0
3809,38,9,74,66,89.19,8,10.81
3810,38,10,38,29,76.32,9,23.68
3811,38,11,32,27,84.38,5,15.63
3812,38,12,83,71,85.54,12,14.46
3813,38,13,64,56,87.5,8,12.5
3814,38,14,32,27,84.38,5,15.63
3815,38,15,16,13,81.25,3,18.75
3816,38,16,53,37,69.81,16,30.19
3817,38,17,73,62,84.93,11,15.07
3818,38,18,46,35,76.09,11,23.91
3819,38,19,45,33,73.33,12,26.67
3820,38,20,64,53,82.81,11,17.19
3821,38,21,33,25,75.76,8,24.24
3822,38,22,29,21,72.41,8,27.59
3823,38,23,42,39,92.86,3,7.14
3824,38,24,61,53,86.89,8,13.11
3825,38,25,32,29,90.63,3,9.38
3826,38,26,46,40,86.96,6,13.04
3827,38,27,43,35,81.4,8,18.6
3828,38,28,90,71,78.89,19,21.11
3829,38,29,45,40,88.89,5,11.11
3830,38,30,49,33,67.35,16,32.65
3831,38,31,22,16,72.73,6,27.27
3832,38,32,34,19,55.88,15,44.12
3833,38,33,35,30,85.71,5,14.29
3834,38,34,40,34,85.0,6,15.0
3835,38,35,26,20,76.92,6,23.08
3836,38,36,28,24,85.71,4,14.29
3837,38,37,24,17,70.83,7,29.17
3838,38,38,46,37,80.43,9,19.57
3839,38,39,32,28,87.5,4,12.5
3840,38,40,23,19,82.61,4,17.39
3841,38,41,19,18,94.74,1,5.26
3901,39,1,35,31,88.57,4,11.43
3902,39,2,85,36,42.35,49,57.65
3903,39,3,20,17,85.0,3,15.0
3904,39,4,45,36,80.0,9,20.0
3905,39,5,33,25,75.76,8,24.24
3906,39,6,12,11,91.67,1,8.33
3907,39,7,16,12,75.0,4,25.0
3908,39,8,18,17,94.44,1,5.56
3909,39,9,29,21,72.41,8,27.59
3910,39,10,5,4,80.0,1,20.0
3911,39,11,16,13,81.25,3,18.75
3912,39,12,12,9,75.0,3,25.0
3913,39,13,27,21,77.78,6,22.22
3914,39,14,33,25,75.76,8,24.24
3915,39,15,23,19,82.61,4,17.39
3916,39,16,27,19,70.37,8,29.63
3917,39,17,32,28,87.5,4,12.5
3918,39,18,17,16,94.12,1,5.88
3919,39,19,21,16,76.19,5,23.81
3920,39,20,62,50,80.65,12,19.35
3921,39,21,60,38,63.33,22,36.67
3922,39,22,13,11,84.62,2,15.38
3923,39,23,48,40,83.33,8,16.67
3924,39,24,52,42,80.77,10,19.23
3925,39,25,16,8,50.0,8,50.0
3926,39,26,28,21,75.0,7,25.0
3927,39,27,9,8,88.89,1,11.11
3928,39,28,22,20,90.91,2,9.09
3929,39,29,6,6,100.0,0,0.0
3930,39,30,19,13,68.42,6,31.58
3931,39,31,13,9,69.23,4,30.77
3932,39,32,31,25,80.65,6,19.35
3933,39,33,13,10,76.92,3,23.08
3934,39,34,28,19,67.86,9,32.14
3935,39,35,25,20,80.0,5,20.0
3936,39,36,11,10,90.91,1,9.09
3937,39,37,40,33,82.5,7,17.5
3938,39,38,21,10,47.62,11,52.38
3939,39,39,20,14,70.0,6,30.0
3940,39,40,34,29,85.29,5,14.71
3941,39,41,50,42,84.0,8,16.0
3942,39,42,52,40,76.92,12,23.08
3943,39,43,58,50,86.21,8,13.79
3944,39,44,41,34,82.93,7,17.07
3945,39,45,34,26,76.47,8,23.53
4001,40,1,23,14,60.87,9,39.13
4002,40,2,19,15,78.95,4,21.05
4003,40,3,20,14,70.0,6,30.0
4004,40,4,3,2,66.67,1,33.33
4005,40,5,10,10,100.0,0,0.0
4006,40,6,18,14,77.78,4,22.22
4007,40,7,13,9,69.23,4,30.77
4008,40,8,10,9,90.0,1,10.0
4009,40,9,9,6,66.67,3,33.33
4010,40,10,19,16,84.21,3,15.79
4011,40,11,12,9,75.0,3,25.0
4012,40,12,9,7,77.78,2,22.22
4013,40,13,3,3,100.0,0,0.0
4014,40,14,21,13,61.9,8,38.1
4015,40,15,15,13,86.67,2,13.33
4016,40,16,19,13,68.42,6,31.58
4017,40,17,22,20,90.91,2,9.09
4018,40,18,7,7,100.0,0,0.0
4019,40,19,32,23,71.88,9,28.13
4020,40,20,18,13,72.22,5,27.78
4021,40,21,15,14,93.33,1,6.67
4022,40,22,13,8,61.54,5,38.46
4023,40,23,20,15,75.0,5,25.0
4024,40,24,17,13,76.47,4,23.53
4025,40,25,11,8,72.73,3,27.27
4026,40,26,12,10,83.33,2,16.67
4027,40,27,22,14,63.64,8,36.36
4028,40,28,13,7,53.85,6,46.15
4029,40,29,18,15,83.33,3,16.67
4030,40,30,20,14,70.0,6,30.0
4031,40,31,7,6,85.71,1,14.29
4032,40,32,21,14,66.67,7,33.33
4033,40,33,4,2,50.0,2,50.0
4034,40,34,19,13,68.42,6,31.58
4035,40,35,15,13,86.67,2,13.33
4036,40,36,11,11,100.0,0,0.0
4037,40,37,7,5,71.43,2,28.57
4038,40,38,19,16,84.21,3,15.79
4039,40,39,4,3,75.0,1,25.0
4101,41,1,71,49,69.01,22,30.99
4102,41,2,90,73,81.11,17,18.89
4103,41,3,60,46,76.67,14,23.33
4104,41,4,58,47,81.03,11,18.97
4105,41,5,71,52,73.24,19,26.76
4106,41,6,57,48,84.21,9,15.79
4107,41,7,71,60,84.51,11,15.49
4108,41,8,86,76,88.37,10,11.63
4109,41,9,44,34,77.27,10,22.73
4110,41,10,65,54,83.08,11,16.92
4111,41,11,80,56,70.0,24,30.0
4112,41,12,85,70,82.35,15,17.65
4113,41,13,90,74,82.22,16,17.78
4114,41,14,49,35,71.43,14,28.57
4115,41,15,67,54,80.6,13,19.4
4116,41,16,50,38,76.0,12,24.0
4117,41,17,66,53,80.3,13,19.7
4118,41,18,47,41,87.23,6,12.77
4119,41,19,52,42,80.77,10,19.23
4120,41,20,47,35,74.47,12,25.53
4121,41,21,64,51,79.69,13,20.31
4122,41,22,77,59,76.62,18,23.38
4123,41,23,83,71,85.54,12,14.46
4124,41,24,71,58,81.69,13,18.31
4125,41,25,37,33,89.19,4,10.81
4126,41,26,66,52,78.79,14,21.21
4127,41,27,65,53,81.54,12,18.46
4128,41,28,51,33,64.71,18,35.29
4129,41,29,52,44,84.62,8,15.38
4130,41,30,51,48,94.12,3,5.88
4131,41,31,56,48,85.71,8,14.29
4132,41,32,58,51,87.93,7,12.07
4133,41,33,67,51,76.12,16,23.88
4134,41,34,67,58,86.57,9,13.43
4135,41,35,97,75,77.32,22,22.68
4136,41,36,66,52,78.79,14,21.21
4137,41,37,59,50,84.75,9,15.25
4138,41,38,59,46,77.97,13,22.03
4139,41,39,55,33,60.0,22,40.0
4140,41,40,80,61,76.25,19,23.75
4141,41,41,68,58,85.29,10,14.71
4142,41,42,57,48,84.21,9,15.79
4143,41,43,70,57,81.43,13,18.57
4144,41,44,75,58,77.33,17,22.67
4145,41,45,61,51,83.61,10,16.39
4146,41,46,73,62,84.93,11,15.07
4147,41,47,49,43,87.76,6,12.24
4201,42,1,44,37,84.09,7,15.91
4202,42,2,16,13,81.25,3,18.75
4203,42,3,13,11,84.62,2,15.38
4204,42,4,87,63,72.41,24,27.59
4205,42,5,30,16,53.33,14,46.67
4206,42,6,43,34,79.07,9,20.93
4207,42,7,59,45,76.27,14,23.73
4208,42,8,30,23,76.67,7,23.33
4209,42,9,28,21,75.0,7,25.0
4210,42,10,29,16,55.17,13,44.83
4211,42,11,46,38,82.61,8,17.39
4212,42,12,46,37,80.43,9,19.57
4213,42,13,67,55,82.09,12,17.91
4214,42,14,35,28,80.0,7,20.0
4215,42,15,36,24,66.67,12,33.33
4216,42,16,26,19,73.08,7,26.92
4217,42,17,41,32,78.05,9,21.95
4218,42,18,25,20,80.0,5,20.0
4219,42,19,56,43,76.79,13,23.21
4220,42,20,41,27,65.85,14,34.15
4221,42,21,14,10,71.43,4,28.57
4222,42,22,9,5,55.56,4,44.44
4223,42,23,54,39,72.22,15,27.78
4224,42,24,31,21,67.74,10,32.26
4225,42,25,47,30,63.83,17,36.17
4226,42,26,50,36,72.0,14,28.0
4227,42,27,26,18,69.23,8,30.77
4228,42,28,45,29,64.44,16,35.56
4229,42,29,66,46,69.7,20,30.3
4230,42,30,67,57,85.07,10,14.93
4231,42,31,47,29,61.7,18,38.3
4232,42,32,38,29,76.32,9,23.68
4233,42,33,25,19,76.0,6,24.0
4234,42,34,55,40,72.73,15,27.27
4235,42,35,38,30,78.95,8,21.05
4236,42,36,35,24,68.57,11,31.43
4237,42,37,16,13,81.25,3,18.75
4238,42,38,37,21,56.76,16,43.24
4239,42,39,22,14,63.64,8,36.36
4240,42,40,32,19,59.38,13,40.63
4241,42,41,17,13,76.47,4,23.53
4242,42,42,38,28,73.68,10,26.32
4301,43,1,19,13,68.42,6,31.58
4302,43,2,23,11,47.83,12,52.17
4303,43,3,30,17,56.67,13,43.33
4304,43,4,18,11,61.11,7,38.89
4305,43,5,23,17,73.91,6,26.09
4306,43,6,16,10,62.5,6,37.5
4307,43,7,19,14,73.68,5,26.32
4308,43,8,18,12,66.67,6,33.33
4309,43,9,32,19,59.38,13,40.63
4310,43,10,23,18,78.26,5,21.74
4311,43,11,34,21,61.76,13,38.24
4312,43,12,24,18,75.0,6,25.0
4313,43,13,17,14,82.35,3,17.65
4314,43,14,32,22,68.75,10,31.25
4315,43,15,29,21,72.41,8,27.59
4316,43,16,24,16,66.67,8,33.33
4317,43,17,21,14,66.67,7,33.33
4318,43,18,46,36,78.26,10,21.74
4319,43,19,32,23,71.88,9,28.13
4320,43,20,20,13,65.0,7,35.0
4321,43,21,31,23,74.19,8,25.81
4322,43,22,20,14,70.0,6,30.0
4323,43,23,25,23,92.0,2,8.0
4324,43,24,31,27,87.1,4,12.9
4325,43,25,29,23,79.31,6,20.69
4326,43,26,20,12,60.0,8,40.0
4327,43,27,29,15,51.72,14,48.28
4328,43,28,40,25,62.5,15,37.5
4329,43,29,25,17,68.0,8,32.0
4330,43,30,16,10,62.5,6,37.5
4331,43,31,24,14,58.33,10,41.67
4332,43,32,22,16,72.73,6,27.27
4333,43,33,48,30,62.5,18,37.5
4334,43,34,17,11,64.71,6,35.29
4335,43,35,40,32,80.0,8,20.0
4336,43,36,13,8,61.54,5,38.46
4337,43,37,17,14,82.35,3,17.65
4338,43,38,36,26,72.22,10,27.78
4339,43,39,28,21,75.0,7,25.0
4340,43,40,12,8,66.67,4,33.33
4341,43,41,27,15,55.56,12,44.44
4342,43,42,18,12,66.67,6,33.33
4343,43,43,33,24,72.73,9,27.27
4344,43,44,26,16,61.54,10,38.46
4345,43,45,21,17,80.95,4,19.05
4346,43,46,7,5,71.43,2,28.57
4401,44,1,22,14,63.64,8,36.36
4402,44,2,28,18,64.29,10,35.71
4403,44,3,16,8,50.0,8,50.0
4404,44,4,17,13,76.47,4,23.53
4405,44,5,18,16,88.89,2,11.11
4406,44,6,12,10,83.33,2,16.67
4407,44,7,32,24,75.0,8,25.0
4408,44,8,13,12,92.31,1,7.69
4409,44,9,32,22,68.75,10,31.25
4410,44,10,14,9,64.29,5,35.71
4411,44,11,22,14,63.64,8,36.36
4412,44,12,21,15,71.43,6,28.57
4413,44,13,20,17,85.0,3,15.0
4414,44,14,15,10,66.67,5,33.33
4415,44,15,24,19,79.17,5,20.83
4416,44,16,13,10,76.92,3,23.08
4417,44,17,18,14,77.78,4,22.22
4418,44,18,18,14,77.78,4,22.22
4419,44,19,35,23,65.71,12,34.29
4420,44,20,23,16,69.57,7,30.43
4421,44,21,18,16,88.89,2,11.11
4422,44,22,16,12,75.0,4,25.0
4423,44,23,13,9,69.23,4,30.77
4424,44,24,18,12,66.67,6,33.33
4425,44,25,10,9,90.0,1,10.0
4426,44,26,11,5,45.45,6,54.55
4427,44,27,21,15,71.43,6,28.57
4428,44,28,10,7,70.0,3,30.0
4429,44,29,20,17,85.0,3,15.0
4430,44,30,19,14,73.68,5,26.32
4431,44,31,16,13,81.25,3,18.75
4432,44,32,25,14,56.0,11,44.0
4433,44,33,8,5,62.5,3,37.5
4434,44,34,15,9,60.0,6,40.0
4435,44,35,27,18,66.67,9,33.33
4436,44,36,13,11,84.62,2,15.38
4437,44,37,19,15,78.95,4,21.05
4438,44,38,23,16,69.57,7,30.43
4439,44,39,26,17,65.38,9,34.62
4440,44,40,27,15,55.56,12,44.44
4441,44,41,22,12,54.55,10,45.45
4501,45,1,10,7,70.0,3,30.0
4502,45,2,11,5,45.45,6,54.55
4503,45,3,25,23,92.0,2,8.0
4504,45,4,30,27,90.0,3,10.0
4505,45,5,32,27,84.38,5,15.63
4506,45,6,16,15,93.75,1,6.25
4507,45,7,24,18,75.0,6,25.0
4508,45,8,27,21,77.78,6,22.22
4509,45,9,30,25,83.33,5,16.67
4510,45,10,31,29,93.55,2,6.45
4511,45,11,18,13,72.22,5,27.78
4512,45,12,30,24,80.0,6,20.0
4513,45,13,16,13,81.25,3,18.75
4514,45,14,38,28,73.68,10,26.32
4515,45,15,17,11,64.71,6,35.29
4516,45,16,27,23,85.19,4,14.81
4517,45,17,25,22,88.0,3,12.0
4518,45,18,41,32,78.05,9,21.95
4519,45,19,15,9,60.0,6,40.0
4520,45,20,19,17,89.47,2,10.53
4521,45,21,36,29,80.56,7,19.44
4522,45,22,27,21,77.78,6,22.22
4523,45,23,41,36,87.8,5,12.2
4524,45,24,22,20,90.91,2,9.09
4525,45,25,33,26,78.79,7,21.21
4526,45,26,34,26,76.47,8,23.53
4527,45,27,39,33,84.62,6,15.38
4528,45,28,41,35,85.37,6,14.63
4529,45,29,30,26,86.67,4,13.33
4530,45,30,13,11,84.62,2,15.38
4531,45,31,23,17,73.91,6,26.09
4532,45,32,27,21,77.78,6,22.22
4533,45,33,22,16,72.73,6,27.27
4534,45,34,24,20,83.33,4,16.67
4535,45,35,54,39,72.22,15,27.78
4536,45,36,45,38,84.44,7,15.56
4537,45,37,44,35,79.55,9,20.45
4538,45,38,21,19,90.48,2,9.52
4539,45,39,34,26,76.47,8,23.53
4540,45,40,44,36,81.82,8,18.18
4541,45,41,34,29,85.29,5,14.71
4542,45,42,29,22,75.86,7,24.14
4543,45,43,47,38,80.85,9,19.15
4544,45,44,42,32,76.19,10,23.81
4545,45,45,43,37,86.05,6,13.95
4546,45,46,39,36,92.31,3,7.69
4547,45,47,45,34,75.56,11,24.44
4548,45,48,57,52,91.23,5,8.77
4601,46,1,18,15,83.33,3,16.67
4602,46,2,7,5,71.43,2,28.57
4603,46,3,31,22,70.97,9,29.03
4604,46,4,9,6,66.67,3,33.33
4605,46,5,25,15,60.0,10,40.0
4606,46,6,4,4,100.0,0,0.0
4607,46,7,35,28,80.0,7,20.0
4608,46,8,8,5,62.5,3,37.5
4609,46,9,11,6,54.55,5,45.45
4610,46,10,14,11,78.57,3,21.43
4611,46,11,29,27,93.1,2,6.9
4612,46,12,9,4,44.44,5,55.56
4613,46,13,15,7,46.67,8,53.33
4614,46,14,12,8,66.67,4,33.33
4615,46,15,20,14,70.0,6,30.0
4616,46,16,10,7,70.0,3,30.0
4617,46,17,18,17,94.44,1,5.56
4618,46,18,26,18,69.23,8,30.77
4619,46,19,23,15,65.22,8,34.78
4620,46,20,12,7,58.33,5,41.67
4621,46,21,9,7,77.78,2,22.22
4622,46,22,11,10,90.91,1,9.09
4623,46,23,11,7,63.64,4,36.36
4624,46,24,24,18,75.0,6,25.0
4625,46,25,7,5,71.43,2,28.57
4626,46,26,12,9,75.0,3,25.0
4627,46,27,11,8,72.73,3,27.27
4628,46,28,22,16,72.73,6,27.27
4629,46,29,14,11,78.57,3,21.43
4630,46,30,18,13,72.22,5,27.78
4631,46,31,7,6,85.71,1,14.29
4632,46,32,5,1,20.0,4,80.0
4633,46,33,20,13,65.0,7,35.0
4634,46,34,9,5,55.56,4,44.44
4635,46,35,13,9,69.23,4,30.77
4636,46,36,35,30,85.71,5,14.29
4637,46,37,14,6,42.86,8,57.14
4638,46,38,8,5,62.5,3,37.5
4639,46,39,27,22,81.48,5,18.52
4640,46,40,9,6,66.67,3,33.33
4701,47,1,9,5,55.56,4,44.44
4702,47,2,24,20,83.33,4,16.67
4703,47,3,19,15,78.95,4,21.05
4704,47,4,16,12,75.0,4,25.0
4705,47,5,18,15,83.33,3,16.67
4706,47,6,16,10,62.5,6,37.5
4707,47,7,16,11,68.75,5,31.25
4708,47,8,25,17,68.0,8,32.0
4709,47,9,19,13,68.42,6,31.58
4710,47,10,22,17,77.27,5,22.73
4711,47,11,16,12,75.0,4,25.0
4712,47,12,16,11,68.75,5,31.25
4713,47,13,19,11,57.89,8,42.11
4714,47,14,17,15,88.24,2,11.76
4715,47,15,6,4,66.67,2,33.33
4716,47,16,14,11,78.57,3,21.43
4717,47,17,24,19,79.17,5,20.83
4718,47,18,17,15,88.24,2,11.76
4719,47,19,12,9,75.0,3,25.0
4720,47,20,10,6,60.0,4,40.0
4721,47,21,19,13,68.42,6,31.58
4722,47,22,21,15,71.43,6,28.57
4723,47,23,5,2,40.0,3,60.0
4724,47,24,17,10,58.82,7,41.18
4725,47,25,14,13,92.86,1,7.14
4726,47,26,19,16,84.21,3,15.79
4727,47,27,23,16,69.57,7,30.43
4728,47,28,14,9,64.29,5,35.71
4729,47,29,22,17,77.27,5,22.73
4730,47,30,18,12,66.67,6,33.33
4731,47,31,8,4,50.0,4,50.0
4732,47,32,11,8,72.73,3,27.27
4733,47,33,22,16,72.73,6,27.27
4734,47,34,13,9,69.23,4,30.77
4735,47,35,14,13,92.86,1,7.14
4736,47,36,14,12,85.71,2,14.29
4737,47,37,13,8,61.54,5,38.46
4738,47,38,17,15,88.24,2,11.76
4739,47,39,6,4,66.67,2,33.33
4740,47,40,11,9,81.82,2,18.18
4741,47,41,11,7,63.64,4,36.36
4742,47,42,12,7,58.33,5,41.67
4743,47,43,21,17,80.95,4,19.05
4744,47,44,15,12,80.0,3,20.0
4745,47,45,14,8,57.14,6,42.86
4746,47,46,15,13,86.67,2,13.33
4747,47,47,23,15,65.22,8,34.78
4748,47,48,7,6,85.71,1,14.29
4801,48,1,10,7,70.0,3,30.0
4802,48,2,12,10,83.33,2,16.67
4803,48,3,10,10,100.0,0,0.0
4804,48,4,6,2,33.33,4,66.67
4805,48,5,11,9,81.82,2,18.18
4806,48,6,17,12,70.59,5,29.41
4807,48,7,5,4,80.0,1,20.0
4808,48,8,17,9,52.94,8,47.06
4809,48,9,29,20,68.97,9,31.03
4810,48,10,14,11,78.57,3,21.43
4811,48,11,10,10,100.0,0,0.0
4812,48,12,14,5,35.71,9,64.29
4813,48,13,34,24,70.59,10,29.41
4814,48,14,22,16,72.73,6,27.27
4815,48,15,15,13,86.67,2,13.33
4816,48,16,18,16,88.89,2,11.11
4817,48,17,18,16,88.89,2,11.11
4818,48,18,16,14,87.5,2,12.5
4819,48,19,5,4,80.0,1,20.0
4820,48,20,14,9,64.29,5,35.71
4821,48,21,15,11,73.33,4,26.67
4822,48,22,28,23,82.14,5,17.86
4823,48,23,31,20,64.52,11,35.48
4824,48,24,34,18,52.94,16,47.06
4825,48,25,5,5,100.0,0,0.0
4826,48,26,3,3,100.0,0,0.0
4827,48,27,8,6,75.0,2,25.0
4828,48,28,42,27,64.29,15,35.71
4829,48,29,18,13,72.22,5,27.78
4830,48,30,8,6,75.0,2,25.0
4831,48,31,14,10,71.43,4,28.57
4832,48,32,7,7,100.0,0,0.0
4833,48,33,5,5,100.0,0,0.0
4834,48,34,13,9,69.23,4,30.77
4835,48,35,20,16,80.0,4,20.0
4836,48,36,15,13,86.67,2,13.33
4837,48,37,9,6,66.67,3,33.33
4838,48,38,13,9,69.23,4,30.77
4839,48,39,16,8,50.0,8,50.0
4840,48,40,10,5,50.0,5,50.0
4841,48,41,15,7,46.67,8,53.33
4842,48,42,5,4,80.0,1,20.0
4843,48,43,17,12,70.59,5,29.41
4844,48,44,6,4,66.67,2,33.33
4845,48,45,11,9,81.82,2,18.18
4846,48,46,18,14,77.78,4,22.22
4901,49,1,1,1,100.0,0,0.0
4902,49,2,0,0,0.0,0,0.0
4903,49,3,11,10,90.91,1,9.09
4904,49,4,10,4,40.0,6,60.0
4905,49,5,10,8,80.0,2,20.0
4906,49,6,10,8,80.0,2,20.0
4907,49,7,15,10,66.67,5,33.33
4908,49,8,9,5,55.56,4,44.44
4909,49,9,5,5,100.0,0,0.0
4910,49,10,14,11,78.57,3,21.43
4911,49,11,11,6,54.55,5,45.45
4912,49,12,12,11,91.67,1,8.33
4913,49,13,15,11,73.33,4,26.67
4914,49,14,5,1,20.0,4,80.0
4915,49,15,13,7,53.85,6,46.15
4916,49,16,14,12,85.71,2,14.29
4917,49,17,15,10,66.67,5,33.33
4918,49,18,12,9,75.0,3,25.0
4919,49,19,7,5,71.43,2,28.57
4920,49,20,11,9,81.82,2,18.18
4921,49,21,11,10,90.91,1,9.09
4922,49,22,24,17,70.83,7,29.17
4923,49,23,11,9,81.82,2,18.18
4924,49,24,10,8,80.0,2,20.0
4925,49,25,14,10,71.43,4,28.57
4926,49,26,9,9,100.0,0,0.0
4927,49,27,4,1,25.0,3,75.0
4928,49,28,12,9,75.0,3,25.0
4929,49,29,12,7,58.33,5,41.67
4930,49,30,17,17,100.0,0,0.0
4931,49,31,5,4,80.0,1,20.0
4932,49,32,7,5,71.43,2,28.57
4933,49,33,8,5,62.5,3,37.5
5001,50,1,24,16,66.67,8,33.33
5002,50,2,22,16,72.73,6,27.27
5003,50,3,21,18,85.71,3,14.29
5004,50,4,19,15,78.95,4,21.05
5005,50,5,22,20,90.91,2,9.09
5006,50,6,23,15,65.22,8,34.78
5007,50,7,20,16,80.0,4,20.0
5008,50,8,8,7,87.5,1,12.5
5009,50,9,14,11,78.57,3,21.43
5010,50,10,27,23,85.19,4,14.81
5011,50,11,22,14,63.64,8,36.36
5012,50,12,17,16,94.12,1,5.88
5013,50,13,14,13,92.86,1,7.14
5014,50,14,19,16,84.21,3,15.79
5015,50,15,23,17,73.91,6,26.09
5016,50,16,18,16,88.89,2,11.11
5017,50,17,23,18,78.26,5,21.74
5018,50,18,8,5,62.5,3,37.5
5019,50,19,4,3,75.0,1,25.0
5020,50,20,16,9,56.25,7,43.75
5021,50,21,15,10,66.67,5,33.33
5022,50,22,23,15,65.22,8,34.78
5023,50,23,15,14,93.33,1,6.67
5024,50,24,18,13,72.22,5,27.78
5025,50,25,40,35,87.5,5,12.5
5026,50,26,14,11,78.57,3,21.43
5027,50,27,21,14,66.67,7,33.33
5028,50,28,35,24,68.57,11,31.43
5029,50,29,8,8,100.0,0,0.0
5030,50,30,15,13,86.67,2,13.33
5031,50,31,11,8,72.73,3,27.27
5032,50,32,11,8,72.73,3,27.27
5033,50,33,16,13,81.25,3,18.75
5034,50,34,30,22,73.33,8,26.67
5035,50,35,18,13,72.22,5,27.78
5036,50,36,21,19,90.48,2,9.52
5037,50,37,11,9,81.82,2,18.18
5038,50,38,12,7,58.33,5,41.67
5039,50,39,17,14,82.35,3,17.65
5040,50,40,33,27,81.82,6,18.18
