id,ward,precinct,total,ANTHONY V. NAPOLITANO,ANTHONY V. NAPOLITANO Percent,PAUL STRUEBING,PAUL STRUEBING Percent
4101,41,1,394,293,74.37,101,25.63
4102,41,2,211,154,72.99,57,27.01
4103,41,3,238,175,73.53,63,26.47
4104,41,4,473,416,87.95,57,12.05
4105,41,5,510,392,76.86,118,23.14
4106,41,6,487,388,79.67,99,20.33
4107,41,7,395,293,74.18,102,25.82
4108,41,8,392,307,78.32,85,21.68
4109,41,9,803,584,72.73,219,27.27
4110,41,10,638,468,73.35,170,26.65
4111,41,11,495,333,67.27,162,32.73
4112,41,12,300,239,79.67,61,20.33
4113,41,13,681,478,70.19,203,29.81
4114,41,14,782,540,69.05,242,30.95
4115,41,15,1038,795,76.59,243,23.41
4116,41,16,363,270,74.38,93,25.62
4117,41,17,254,185,72.83,69,27.17
4118,41,18,739,539,72.94,200,27.06
4119,41,19,373,253,67.83,120,32.17
4120,41,20,433,296,68.36,137,31.64
4121,41,21,408,298,73.04,110,26.96
4122,41,22,350,267,76.29,83,23.71
4123,41,23,452,330,73.01,122,26.99
4124,41,24,752,563,74.87,189,25.13
4125,41,25,642,477,74.3,165,25.7
4126,41,26,767,498,64.93,269,35.07
4127,41,27,570,389,68.25,181,31.75
4128,41,28,930,624,67.1,306,32.9
4129,41,29,1042,650,62.38,392,37.62
4130,41,30,800,641,80.13,159,19.88
4131,41,31,731,579,79.21,152,20.79
